New Try
New Try
New Try
New Try
New Try
New Try
0.3710073,0.0362638,39.17278
0.3774987,0.03512083,38.61122
0.3878305,0.03547785,37.45699
0.3981413,0.03532485,36.85013
0.4088013,0.03527104,36.2627
0.4199042,0.03469924,35.66599
0.4305038,0.03439685,35.14771
0.4424135,0.0344114,34.68604
0.4527571,0.03476945,34.32159
0.4629357,0.03424022,34.03428
0.4741929,0.03420728,33.71559
0.4846056,0.03420728,33.71559
0.49447,0.03420728,33.71559
0.5069388,0.03366992,33.79826
0.5175746,0.03345786,33.83531
0.5287233,0.0329975,33.40918
0.5399485,0.03285158,33.46737
0.5504443,0.0325123,33.14835
0.5603503,0.03292371,32.85096
0.5712132,0.03325846,32.52405
0.5814159,0.03546015,31.65068
0.5925686,0.03560788,31.52256
0.6034535,0.03617066,31.39664
0.6143937,0.03638914,31.30803
0.6254371,0.03669761,31.19308
0.6359271,0.03710904,31.01608
0.6472563,0.03777222,30.95544
0.6579127,0.03790284,30.87221
0.6691351,0.03875265,30.74405
0.6795954,0.0390132,30.78883
0.6912251,0.03891004,30.72694
0.7016388,0.03948678,30.80989
0.7161646,0.03962865,30.6948
0.7275142,0.03992517,30.66425
0.7379648,0.04037751,30.61911
0.7490279,0.04125961,30.55029
0.7598631,0.04149756,30.53303
0.7705421,0.04157328,30.60474
0.7822415,0.04141656,30.58554
0.7934144,0.04122037,30.52153
0.8040888,0.04127885,30.57401
0.8158967,0.04143317,30.63715
0.8269169,0.04136987,30.53839
0.8375115,0.04141445,30.5799
0.8490986,0.04147156,30.62782
0.8596979,0.04156009,30.71044
0.8705181,0.04163005,30.78069
0.8822609,0.04070172,30.6062
0.8933337,0.04060166,30.53611
0.9042776,0.04068015,30.6323
0.9194914,0.04058018,30.60901
0.9328148,0.04033515,30.60987
0.9439654,0.04039695,30.68054
0.9550132,0.0404653,30.75912
0.9664979,0.0399074,30.62813
0.9783748,0.0400077,30.7382
0.9892028,0.0392329,30.53166
1.000916,0.0393909,30.65813
1.012102,0.0393909,30.65813
1.023264,0.0383642,30.53698
1.039653,0.03836841,30.55375
1.050937,0.03895503,30.73225
1.06154,0.03861383,30.65295
1.072622,0.03866904,30.69006
1.083403,0.0389614,30.76489
1.095587,0.03931163,30.88727
1.106642,0.03923967,30.94366
1.120796,0.03904844,30.94495
1.132305,0.03904844,30.94495
1.143165,0.03911425,30.9889
1.15512,0.03884665,30.95913
1.166745,0.03909062,31.05685
1.177556,0.03913911,31.08715
1.189403,0.03929285,31.1856
1.199908,0.03859118,31.07078
1.211554,0.03873425,31.16347
1.22335,0.03835135,31.13655
1.234551,0.03794251,31.10143
1.245998,0.0380836,31.20571
1.257111,0.03760236,31.1122
1.268101,0.03775081,31.21462
1.279664,0.03744417,31.21881
1.291749,0.03762249,31.33723
1.302857,0.03647933,31.21229
1.315062,0.03587394,31.14051
1.329378,0.03577531,31.18942
1.340964,0.03549622,31.23884
1.352848,0.03446789,31.14617
1.365885,0.03432042,31.12873
1.37774,0.03424503,31.12082
1.388983,0.03366267,31.07394
1.400255,0.03274653,30.99956
1.412587,0.03189887,30.87068
1.423768,0.03090971,30.72962
1.435004,0.03036846,30.69322
1.447392,0.0293495,30.49978
1.458297,0.02888382,30.45597
1.470514,0.02765572,30.29248
1.481737,0.02663893,30.09323
1.492988,0.02624713,29.99355
1.504228,0.02610859,30.09322
1.515495,0.02534194,29.88976
1.531063,0.02442412,29.6713
1.542351,0.02392248,29.57555
1.554274,0.02326085,29.40747
1.566226,0.02293326,29.33095
1.577641,0.02243944,29.23059
1.589424,0.02189127,29.07501
1.602345,0.02177144,28.96074
1.614363,0.02130007,28.96348
1.626119,0.02110324,28.90429
1.637278,0.02068583,28.87052
1.648761,0.02051255,28.91329
1.660609,0.02004049,28.96529
1.6724,0.01956959,28.71548
1.683768,0.01941015,28.67063
1.695155,0.01916558,28.65018
1.707943,0.01869003,28.58692
1.719963,0.01799038,28.6315
1.734302,0.01814774,28.55234
1.74529,0.01780403,28.52102
1.757683,0.01699567,28.50889
1.770141,0.01659399,28.53749
1.781783,0.01659399,28.53749
1.792776,0.01701538,28.50556
1.804388,0.01597044,28.4847
1.815794,0.01566943,28.45604
1.82756,0.01489826,28.47535
1.838663,0.01469003,28.39541
1.851025,0.01433493,28.39684
1.861915,0.01367259,28.4321
1.873678,0.01344566,28.39322
1.885119,0.01279918,28.42483
1.896337,0.01248484,28.45829
1.908255,0.01216587,28.45946
1.919768,0.01188388,28.47407
1.931164,0.01161827,28.48235
1.947775,0.01102775,28.48554
1.959596,0.01059609,28.56382
1.975966,0.01006002,28.50705
1.987358,0.01002268,28.50283
1.999086,0.009882176,28.63093
2.010762,0.009844525,28.66731
2.022165,0.009023138,28.51406
2.034332,0.008733553,28.58422
2.045788,0.008536971,28.62181
2.058388,0.007818214,28.54971
2.069927,0.007943641,28.64252
2.081177,0.007328371,28.58944
2.093131,0.006995765,28.65174
2.104339,0.007079986,28.67686
2.116465,0.007029127,28.80151
2.129001,0.007183468,28.89667
2.140007,0.006498795,28.81902
2.155476,0.006043675,28.83569
2.167449,0.005390615,28.7626
2.179173,0.005579846,28.82577
2.191807,0.005536853,28.90106
2.203003,0.005536853,28.90106
2.214549,0.005133567,28.97043
2.226589,0.00475751,29.01958
2.237746,0.004873375,29.1223
2.250243,0.004719587,29.15667
2.262104,0.00489588,29.2907
2.274065,0.004829178,29.34313
2.286202,0.004347214,29.34717
2.297523,0.004233358,29.39182
2.308972,0.00450789,29.48415
2.320216,0.003748958,29.43585
2.331923,0.004013445,29.56935
2.343281,0.004318916,29.67981
2.358096,0.004595528,29.78447
2.370661,0.00483205,29.87306
2.382214,0.002825043,29.5265
2.394135,0.002828081,29.57333
2.405756,0.002828081,29.57333
2.418136,0.002828081,29.57333
2.429374,0.003161029,29.66692
2.441858,0.003767812,29.89662
2.453638,0.002791828,29.72371
2.465009,0.002783193,29.81514
2.478641,0.002873696,29.88131
2.491203,0.00306841,29.97905
2.503672,0.0007867701,20.04039
2.515561,0.0007867701,20.04039
2.528152,0.003343476,30.11811
2.540426,0.003497212,30.22647
2.552174,0.002125364,16.31373
2.567103,0.002633948,14.99245
2.57848,0.003181063,13.81171
2.590172,0.00379651,12.72845
2.602434,0.004468516,11.4743
2.614777,0.0051434,10.15878
2.62747,0.005847204,8.664711
2.638272,0.006536938,6.989868
2.649833,0.007731691,3.648621
2.662569,0.008222446,2.129776
2.674031,0.008871611,0.9700241
2.685807,0.002186503,11.18031
2.697887,0.002763778,9.54599
2.709965,0.003280181,7.867455
2.722324,0.003721207,6.274475
2.734137,0.003721207,6.274475
2.745335,0.004499529,3.282631
2.757576,0.005116612,0.1295013
2.773071,0.002752759,6.523384
2.785423,0.002762038,4.119942
2.797436,0.003302045,2.856369
2.808396,0.003774673,1.802742
2.819992,0.004169185,0.6468506
2.832142,0.00444014,0.7128525
2.844919,0.004650537,2.205498
2.856678,0.001761422,1.122429
2.86875,0.00130837,1.496185
2.881197,0.001593962,3.524246
2.892797,0.001897961,4.62851
2.904126,0.00214861,5.692932
2.916255,0.001107372,5.982841
2.928174,0.0005912073,7.88369
2.940995,0.0007769801,10.46127
2.953394,0.00218704,17.94979
2.97208,0.002820682,18.29159
2.987047,0.004119392,19.09697
2.999409,0.002820358,21.80015
3.011537,0.004098374,23.16631
3.023512,0.005127709,22.83626
3.035568,0.004451729,24.22734
3.047449,0.004996836,23.87527
3.058684,0.004996836,23.87527
3.071114,0.004781313,25.27955
3.082576,0.004357338,26.13357
3.095164,0.003806289,26.1433
3.106949,0.004567068,26.94514
3.11944,0.003976155,27.91496
3.131465,0.003652841,28.44041
3.143181,0.003661871,28.16203
3.156523,0.003370274,28.64915
3.169004,0.0026646,29.84851
3.181124,0.002751939,30.85189
3.197088,0.002264921,32.41662
3.209207,0.002302326,33.82595
3.222266,0.002450995,33.91593
3.234089,0.003406923,33.30074
3.245922,0.004027419,33.00878
3.258283,0.004674401,32.65089
3.2701,0.00413816,33.37566
3.282035,0.004264347,32.56402
3.293962,0.004864883,31.97091
3.305402,0.004110847,32.77331
3.317987,0.003997318,33.13016
3.330596,0.004238073,33.68185
3.342265,0.003424637,31.58105
3.356593,0.002669625,32.1054
3.371181,0.002515819,32.38859
3.382995,0.002542667,32.75314
3.398738,0.003822453,30.8465
3.41223,0.005102895,29.61709
3.42432,0.004902989,30.2037
3.436377,0.007182404,27.80047
3.449214,0.00740834,28.80775
3.46133,0.009479444,26.77349
3.474388,0.01031864,26.2141
3.487836,0.00980667,27.11391
3.499622,0.01279292,24.82774
3.511774,0.01407515,24.30876
3.523757,0.01451438,24.73145
3.537344,0.0150816,24.13029
3.549453,0.01522816,24.16972
3.561482,0.01518852,24.23389
3.573996,0.01515705,24.73112
3.586284,0.01540602,25.20636
3.602662,0.01548049,25.83678
3.616386,0.01550527,27.41855
3.629327,0.01460189,28.45212
3.643796,0.01409988,29.06734
3.660181,0.01342872,30.69182
3.675002,0.01353088,32.39732
3.69149,0.01353088,32.39732
3.70868,0.012642,34.53429
3.724564,0.01223124,35.72716
3.739924,0.01032793,39.2646
3.755581,0.008732103,41.32201
3.770663,0.007975496,41.65112
3.786717,0.006756447,41.36894
3.805842,0.005387779,41.47078
3.82107,0.004886363,41.34386
3.834775,0.004692767,41.52843
3.848094,0.00388293,41.97072
3.859727,0.003449097,41.73479
3.872223,0.00292943,41.64839
3.885167,0.002067436,41.82275
3.897302,0.001826435,41.77039
3.911224,0.001231782,41.90712
3.923648,0.0007369071,40.52335
3.93581,0.0004459843,39.50188
3.948753,0.0003566816,38.97369
3.960489,5.751848E-05,39.4967
3.979183,0.0003493056,38.24568
3.991863,0.0002726093,37.62959
4.007668,0.0008156411,37.3271
4.020385,0.000635989,36.35108
4.033297,0.001693085,33.97602
4.045255,0.001885392,33.30162
4.057927,0.001430519,32.24453
4.07087,0.002048653,30.44365
4.083139,0.001861792,31.47453
4.097564,0.002237689,29.27914
4.109798,0.002702627,28.36668
4.122459,0.003375117,28.14322
4.135504,0.003993649,25.62736
4.148027,0.00435802,21.57825
4.160759,0.004510488,22.83336
4.173359,0.005780384,21.32737
4.185677,0.006322574,23.1218
4.198318,0.006309465,22.83916
4.214299,0.007067271,25.81003
4.227373,0.008218795,23.57848
4.239695,0.009443957,22.35508
4.252406,0.009590391,23.76515
4.264448,0.009715982,25.49376
4.276888,0.009801395,26.52061
4.290648,0.01046174,24.68031
4.302573,0.01101794,22.18707
4.31509,0.01228483,21.05999
4.326824,0.01240937,22.30653
4.338201,0.01240937,22.30653
4.350178,0.01300585,20.08639
4.361572,0.01325847,22.4522
4.373509,0.01320186,25.24362
4.385509,0.01372391,26.74644
4.397036,0.01391367,28.22071
4.409501,0.01385942,31.00019
4.424328,0.01428679,31.33834
4.436081,0.01503577,31.41578
4.4484,0.01430726,34.98147
4.460201,0.01364098,38.02769
4.472492,0.01392431,37.44461
4.483815,0.01352092,38.75555
4.495671,0.0126681,40.56683
4.507739,0.01216196,41.9391
4.519412,0.01103949,44.62967
4.532179,0.01003744,46.45297
4.543801,0.007969998,49.24982
4.556144,0.00668877,50.51923
4.568721,0.005284455,51.75006
4.580603,0.003765807,52.90318
4.592112,0.000784982,54.80894
4.60511,0.0005298182,54.9256
4.619066,0.03396346,32.95378
4.637058,0.03393663,32.65709
4.650773,0.03341575,31.53276
4.665184,0.03354476,31.58926
4.67935,0.03326417,31.05549
4.693362,0.03296867,30.89438
4.707158,0.03279781,30.68994
4.721652,0.03239698,30.0511
4.735603,0.03245853,30.26846
4.749562,0.03233425,30.18739
4.763844,0.03215596,29.98904
4.778176,0.0321559,29.9319
4.792896,0.03218359,29.75821
4.806839,0.03225229,29.72479
4.821079,0.03225229,29.72479
4.838897,0.03227499,29.60607
4.853922,0.03243515,29.58895
4.866295,0.03267611,29.5085
4.880687,0.03297095,29.63527
4.893807,0.03336038,29.95066
4.906463,0.03379509,30.10065
4.918867,0.03405415,30.16319
4.931337,0.0341942,30.28704
4.944247,0.0345563,30.37223
4.956804,0.03481709,30.50497
4.9756,0.03481709,30.50497
4.990095,0.009674836,43.54572
5.0048,0.009270474,42.86812
5.018822,0.008870579,41.98787
5.033387,0.008525025,40.71706
5.048787,0.007570084,38.42659
5.062175,0.007491145,37.54288
5.074874,0.007160749,36.70976
5.087701,0.00724135,35.83664
5.100743,0.007260557,35.00517
5.113013,0.007636853,34.11003
5.125676,0.007852085,34.12871
5.137997,0.007405225,31.98249
5.15103,0.00782891,32.41871
5.164144,0.007715169,30.89283
5.176338,0.008048546,30.62928
5.190185,0.007941671,30.49409
5.202902,0.009017341,29.82717
5.215846,0.009229921,29.46289
5.229216,0.009173617,27.99881
5.241761,0.009286474,26.93507
5.257746,0.009290922,24.99755
5.268933,0.009212725,24.1161
5.280678,0.009269755,23.26987
5.293768,0.009882338,22.55068
5.305234,0.01017587,20.70206
5.316934,0.009681955,18.62933
5.328169,0.01028849,18.13697
5.339838,0.01041418,17.7858
5.351637,0.01039699,16.99755
5.366818,0.01013154,16.78592
5.380021,0.009726726,15.58208
5.391289,0.009267204,14.60065
5.402687,0.009074949,14.32983
5.414757,0.009315785,13.60821
5.425665,0.009425007,12.73473
5.437874,0.009599555,12.13815
5.449504,0.009640694,11.34372
5.463735,0.009123851,9.922569
5.476089,0.009116918,9.963264
5.487431,0.009190075,8.826256
5.499875,0.008329701,9.014488
5.512671,0.007925153,8.458725
5.525541,0.008220933,7.263779
5.538996,0.008686051,5.319023
5.55153,0.0089105,4.931679
5.565067,0.008648366,3.995842
5.577917,0.008977789,3.634514
5.591084,0.008693431,3.374969
5.60344,0.00867027,2.938477
5.614714,0.00867027,2.938477
5.626423,0.008940347,2.513596
5.63712,0.009035684,1.869553
5.648764,0.008904446,2.006935
5.661435,0.008723106,1.086594
5.676452,0.008847646,0.4262543
5.688747,0.008377727,0.3626404
5.699578,0.00789278,0.04275513
5.711413,0.0073006,0.7513275
5.724031,0.006748848,0.8958359
5.735445,0.006498095,0.9843292
5.74663,0.005544934,1.286118
5.758038,0.005544934,1.286118
5.768781,0.006925263,1.762619
5.779533,0.006979506,1.9356
5.79203,0.006174643,1.905785
5.803137,0.005961467,2.397964
5.814613,0.005682234,2.68364
5.825438,0.004880697,2.579468
5.838162,0.003822442,2.733704
5.850849,0.002455011,2.837135
5.861776,0.002455011,2.837135
5.876507,0.001328867,2.997452
5.887796,0.0001243427,3.639847
5.898639,0.0006507151,4.260834
5.911917,0.002146047,4.195221
5.923407,0.002164882,4.841675
5.934541,0.003751311,5.54248
5.950238,0.004295927,6.042191
5.960968,0.005879767,7.040047
5.972453,0.006038111,7.031822
5.983223,0.006779749,8.290428
5.996927,0.007224947,9.012726
6.008551,0.009619784,10.70708
6.019742,0.009460691,11.44478
6.030924,0.01052432,12.17611
6.042545,0.01086577,13.13329
6.053601,0.01091776,13.18004
6.066618,0.01114863,15.93325
6.081353,0.01048949,16.2851
6.092852,0.01142495,16.5675
6.104261,0.01165996,16.51119
6.115685,0.01013318,18.02595
6.127503,0.01009193,18.98005
6.138872,0.009901978,20.86816
6.151578,0.009780884,21.87786
6.163758,0.0102337,24.80093
6.175097,0.009956568,25.4537
6.186696,0.009339906,25.84769
6.197885,0.008853517,26.35458
6.209888,0.008117355,26.8455
6.221647,0.007443607,28.24297
6.232917,0.006471656,29.9969
6.244627,0.006318148,30.12228
6.256342,0.006318148,30.12228
6.267912,0.005483523,31.4141
6.282065,0.004050646,31.56275
6.293694,0.00406222,31.26311
6.304564,0.002598394,32.77123
6.316041,0.001800723,32.61301
6.327456,0.0006483011,33.8647
6.338276,7.212907E-05,34.13902
6.350625,2.156943E-06,33.08054
6.362101,0.0005686209,33.54449
6.373434,0.001326196,34.39671
6.384511,0.002985761,36.08708
6.395904,0.002847388,35.31696
6.40781,0.005295161,37.80623
6.419025,0.005778048,38.15276
6.430485,0.00658023,48.40343
6.442538,0.006917024,48.37574
6.454166,0.007302775,48.38339
6.465863,0.007646666,48.41045
6.479022,0.008016968,48.36742
6.494599,0.008066865,45.48103
6.507027,0.008430169,44.87957
6.519429,0.008786719,44.28563
6.532208,0.009366654,43.09248
6.544558,0.009972376,43.12769
6.557009,0.01022631,40.91789
6.570305,0.01037624,40.4142
6.582115,0.0107732,38.5725
6.595105,0.01066192,38.18707
6.607626,0.01084145,37.87562
6.620431,0.01108814,36.94379
6.634283,0.01133242,36.51014
6.646766,0.01146852,36.33517
6.659608,0.01130469,36.20596
6.672177,0.01178772,36.01172
6.684702,0.01195379,35.9064
6.701259,0.01256845,35.98491
6.714096,0.01252435,35.97609
6.727278,0.01330275,36.08195
6.739998,0.01437242,36.15749
6.753297,0.01479986,36.13085
6.765095,0.01583462,36.28539
6.778267,0.01694211,36.60052
6.790759,0.01815691,37.05466
6.801935,0.01950522,37.3203
6.814654,0.02118223,37.56864
6.826735,0.02220022,37.70203
6.838564,0.02422657,37.87114
New Try
New Try
New Try
New Try
New Try
New Try
New Try
New Try
New Try
0.4509795,0.008172988,2.445766
0.4573324,0.007896832,2.442964
0.4700798,0.007346708,2.567807
0.487108,0.006002816,2.758041
0.5000992,0.005619591,2.812577
0.5123132,0.005390606,2.87501
0.5243623,0.005137105,2.932447
0.5361063,0.004918988,2.999961
0.549722,0.004484993,3.15517
0.5623469,0.00442846,3.206806
0.5755536,0.004444019,3.265907
0.5878067,0.004646163,3.365925
0.5997193,0.004596042,3.408064
0.6131563,0.004878391,3.464528
0.6248139,0.004975915,3.543482
0.6378121,0.004975915,3.543482
0.6499357,0.005207068,3.643682
0.6619678,0.005385281,3.69088
0.6745328,0.005560633,3.729774
0.6896991,0.005962044,3.805549
0.7019405,0.005962044,3.805549
0.7139885,0.00636437,3.842265
0.726267,0.00711243,3.932335
0.7392261,0.007341511,3.983347
0.7514931,0.007946263,4.103364
0.7637444,0.008204038,4.167908
0.7761421,0.008394134,4.22313
0.7920342,0.009098823,4.291309
0.8048467,0.009098823,4.291309
0.8162654,0.009687188,4.389321
0.8278697,0.01035368,4.336122
0.8404017,0.01154831,4.51219
0.8523548,0.01204649,4.55277
0.8646178,0.01223865,4.600875
0.8762268,0.01227296,4.703279
0.8917859,0.01271182,4.834321
0.9040821,0.01289145,4.922389
0.9171012,0.01354255,5.000926
0.9297602,0.01354502,5.105303
0.9421932,0.01379999,5.109906
0.9549049,0.01394787,5.23656
0.9664381,0.01408832,5.307328
0.9793823,0.01411363,5.38274
0.9947515,0.01435178,5.529957
1.008717,0.01411002,5.692301
1.022503,0.01417976,5.731692
1.03583,0.01417976,5.731692
1.048689,0.01455226,5.757485
1.062247,0.01481719,5.899669
1.076128,0.01481238,5.992176
1.089743,0.01538,6.204345
1.106723,0.01564148,6.414537
1.120282,0.01545808,6.625014
1.13387,0.0151538,6.73569
1.147483,0.01527044,6.852775
1.16261,0.01529493,7.095502
1.176738,0.01430059,7.211507
1.190243,0.01417412,7.316599
1.204372,0.01431081,7.500434
1.217751,0.01396391,7.578233
1.232693,0.01413271,7.579631
1.247008,0.01408098,7.972354
1.260335,0.0140764,7.804566
1.273208,0.0142283,8.013664
1.285412,0.01442457,7.989375
1.298281,0.01413485,8.300305
1.314207,0.01397354,8.272511
1.327759,0.01398594,8.282496
1.340798,0.01356787,8.350002
1.353136,0.01336383,8.570566
1.36532,0.01331965,8.634198
1.377069,0.01323377,8.700236
1.388791,0.01288288,8.754951
1.40076,0.01290495,8.613952
1.412607,0.0126431,8.614795
1.424073,0.01281419,8.581788
1.435973,0.01264856,8.744667
1.447679,0.01264856,8.744667
1.459175,0.01270227,8.741096
1.471066,0.01270227,8.741096
1.485057,0.01294884,8.756656
1.497856,0.01377883,8.622612
1.510319,0.01340867,8.623796
1.526325,0.01350956,8.724698
1.538545,0.01381421,8.440013
1.551968,0.01392387,8.261014
1.563228,0.0138061,8.350566
1.575226,0.01369065,8.333124
1.587311,0.01398323,8.196638
1.598763,0.01459318,8.182757
1.610548,0.01542826,8.053788
1.622215,0.01524524,8.195153
1.634136,0.01580872,8.172025
1.64675,0.01628501,7.824961
1.658224,0.01707822,7.8966
1.670984,0.01780511,7.893716
1.684219,0.01830241,7.776627
1.696218,0.01853565,7.787068
1.709401,0.01886402,7.777939
1.721831,0.01894378,7.861125
1.737643,0.01922654,7.85073
1.75,0.01945157,7.845078
1.762666,0.01965657,7.720903
1.776131,0.02009879,7.951224
1.789208,0.02086176,7.7238
1.80236,0.02100812,7.753068
1.819896,0.02150184,7.388545
1.833107,0.02143737,7.475329
1.84492,0.02157133,7.382938
1.857188,0.0213772,7.446873
1.870036,0.02126497,7.728754
1.882285,0.02083468,7.587472
1.894642,0.0206037,7.922312
1.906362,0.02007524,8.103459
1.918361,0.02000237,7.808514
1.931414,0.01975567,8.043715
1.946923,0.02011656,7.98763
1.95988,0.02022523,8.250073
1.972807,0.02031682,8.40908
1.984879,0.0203745,8.250406
2.000398,0.02068871,8.121802
2.013804,0.02105925,8.38368
2.02706,0.02108377,8.331285
2.039093,0.02130834,8.552306
2.053169,0.02130567,8.648041
2.065203,0.02116057,9.041137
2.077348,0.02113154,8.961555
2.090107,0.02138916,8.867826
2.101941,0.02124812,9.039116
2.113964,0.02155984,9.040094
2.124872,0.02163592,9.119882
2.136472,0.02189636,9.236185
2.151894,0.02235902,9.315952
2.164179,0.02301646,9.424063
2.178565,0.02324027,9.467512
2.192272,0.02342753,9.526791
2.205635,0.02422942,9.795508
2.218543,0.02432837,9.999595
2.234765,0.02442182,10.27763
2.248853,0.02461653,10.59413
2.26431,0.02469478,10.71298
2.279157,0.02475281,10.85747
2.293308,0.02475864,11.17949
2.307192,0.02479074,11.32208
2.321562,0.02510038,11.64806
2.335867,0.02540214,11.84576
2.348907,0.02545345,12.04883
2.369345,0.02549726,12.4799
2.382487,0.0255716,12.90566
2.396111,0.02571238,13.14788
2.408778,0.0260916,13.36903
2.422424,0.0262427,13.73044
2.435716,0.02629535,13.84623
2.447644,0.02631826,14.00594
2.461468,0.02633467,14.16814
2.475349,0.02650829,14.51372
2.492177,0.02675932,14.85104
2.507137,0.02692419,15.02292
2.521491,0.0271686,15.3409
2.537274,0.02739569,15.63627
2.552788,0.02739128,15.69304
2.57109,0.02758879,15.91261
2.585911,0.02763282,16.02414
2.601267,0.02797588,16.34641
2.616406,0.02789176,16.48564
2.630633,0.02806672,16.78249
2.647408,0.02814181,16.92951
2.662009,0.0286498,17.37486
2.676134,0.02884721,17.51201
2.688315,0.02821945,17.2311
2.701476,0.02851387,17.52227
2.715569,0.02863122,17.66299
2.730468,0.02863122,17.66299
2.744577,0.02903125,18.04656
2.758971,0.02920851,18.28196
2.77503,0.02936256,18.45712
2.789413,0.02947807,18.56638
2.80277,0.02978621,18.7887
2.816238,0.0299677,18.99343
2.827693,0.02992468,19.14869
2.83982,0.0300273,19.22815
2.851919,0.03019948,19.45639
2.865826,0.03032629,19.57294
2.882655,0.03021087,19.7132
2.895506,0.03020108,19.90445
2.907797,0.03052527,20.22124
2.920516,0.0304175,20.27338
2.933842,0.03075424,20.60793
2.945813,0.03128301,20.92925
2.960563,0.03156231,21.10489
2.976689,0.03214506,21.50485
2.99271,0.03295131,21.88838
3.010802,0.03382926,22.32741
3.026346,0.03349833,22.36679
New Try
New Try
New Try
New Try
0.2506053,0.02715353,4.073715
0.2577602,0.02731186,4.142268
0.2723192,0.02666643,4.041668
0.2857939,0.02526656,3.784031
0.3000596,0.02436076,3.623852
0.3129805,0.02319825,3.35678
0.326697,0.02258516,3.216742
0.3425694,0.02157754,3.035768
0.3572552,0.02114121,2.945436
0.3714967,0.02051309,2.832689
0.3836819,0.02037989,2.556501
0.3961147,0.02032525,2.45575
0.4088658,0.02032379,2.396534
0.421347,0.02084642,2.337745
0.4393113,0.02077998,2.273225
0.457088,0.02125687,2.187581
0.4702075,0.02156477,2.173128
0.4822179,0.02162523,2.21682
0.4944252,0.02202242,2.1097
0.5065038,0.02249944,2.191335
0.5184755,0.02330864,2.087692
0.5308014,0.02373121,2.106915
0.5425733,0.02415939,2.21417
0.5556554,0.02475018,2.102451
0.5696367,0.02474914,2.137166
0.5832736,0.02502389,2.073959
0.595285,0.02598167,2.025261
0.6076321,0.0265765,1.93755
0.6205908,0.0266358,1.917753
0.6326198,0.02646875,1.938358
0.6453192,0.02730449,1.833657
0.6619051,0.02810883,1.751001
0.6755109,0.02859229,1.737087
0.687797,0.02845195,1.756914
0.7002589,0.02880358,1.725557
0.7142744,0.02909639,1.696967
0.7257419,0.02909639,1.696967
0.7384255,0.0288613,1.629909
0.7515835,0.02928269,1.561225
0.764933,0.02928594,1.486221
0.7774488,0.02920391,1.504282
0.7900392,0.02958017,1.55356
0.8025037,0.02942398,1.583256
0.8145519,0.02871015,1.483585
0.8266625,0.02853862,1.435042
0.8393524,0.02819759,1.400256
0.8527629,0.02787322,1.398858
0.8678831,0.02810316,1.478035
0.8794162,0.02731367,1.57458
0.8910528,0.02705816,1.622809
0.9028308,0.02659976,1.601078
0.9142603,0.02624649,1.55972
0.9259131,0.02631604,1.588192
0.9376126,0.02617749,1.624376
0.9494652,0.02609685,1.567105
0.9609153,0.02617057,1.672574
0.9731913,0.02598952,1.704447
0.9868085,0.0256481,1.693504
1.002238,0.02558906,1.829597
1.015644,0.02542072,1.738776
1.029295,0.02528459,1.842919
1.04171,0.02536729,1.773213
1.05411,0.02542501,1.909059
1.068552,0.02552668,1.860884
1.080152,0.02519878,2.176908
1.093143,0.02501736,2.053475
1.10684,0.02466838,1.975362
1.147723,0.02469603,2.204691
1.161134,0.02474947,2.149494
1.173163,0.02473792,2.434054
1.18754,0.02456885,2.588534
1.199076,0.02458527,2.584069
1.211498,0.02443582,2.781082
1.222343,0.02432314,2.909998
1.235225,0.02442431,2.857595
1.248256,0.02436318,2.995194
1.260054,0.02429301,3.135627
1.276752,0.02407159,3.430738
1.288378,0.02376143,3.919666
1.29995,0.023338,4.094669
1.312896,0.02338548,4.023117
1.324849,0.02367944,4.257862
1.337624,0.0228725,4.475272
1.351473,0.02346058,4.464931
1.362917,0.02346058,4.464931
1.37454,0.02366374,4.552641
1.386132,0.02376131,4.707068
1.398391,0.02342932,4.801875
1.410138,0.02378704,4.819182
1.422192,0.02374836,4.925691
1.43642,0.02321979,4.972757
1.449773,0.02268422,5.026248
1.468423,0.0224769,5.065697
1.485594,0.02253654,5.074585
1.500566,0.02266162,5.130952
1.515267,0.02321894,5.110941
1.529267,0.02356285,5.15328
1.542276,0.02411479,5.230121
1.555956,0.02405972,5.258666
1.568952,0.02398125,5.250909
1.582866,0.02432621,5.279973
1.596582,0.0243394,5.344598
1.610387,0.02450262,5.312346
1.622284,0.02468795,5.4574
1.634779,0.02485446,5.508439
1.648496,0.02507692,5.50851
1.662945,0.02490947,5.676302
1.676557,0.02495323,5.63176
1.693081,0.02530329,5.92298
1.705097,0.02549569,6.026167
1.718161,0.0259106,6.133667
1.730631,0.02613064,6.237311
1.742361,0.02632174,6.333728
1.754301,0.02677462,6.529367
1.766201,0.02704681,6.646057
1.778329,0.02704279,6.797312
1.790834,0.02783586,6.940146
1.80237,0.02788865,7.277855
1.813728,0.0280497,7.445792
1.825489,0.02850362,7.540643
1.838993,0.02863631,7.675727
1.852353,0.02859225,8.208894
1.863415,0.0285209,8.410972
1.875112,0.02879366,8.330648
1.887213,0.02888343,8.304609
1.901018,0.02889013,8.478225
1.912321,0.0288909,8.825567
1.922758,0.0287702,9.017571
1.934339,0.02867296,9.401594
1.946387,0.02873198,9.337173
1.957981,0.0285996,9.648463
1.968579,0.0284209,10.00036
1.980098,0.0284108,9.974192
1.991442,0.02832261,10.1467
2.003437,0.02823342,10.33653
2.015771,0.02823983,10.31462
2.027961,0.02813572,10.68117
2.040095,0.02802284,10.83523
2.051613,0.0280043,11.0348
2.062907,0.02792353,11.43742
2.07523,0.02807037,11.18287
2.089241,0.02777169,11.10576
2.106427,0.02755909,11.48432
2.121065,0.02758153,11.88062
2.132852,0.02747713,12.08054
2.145736,0.02746504,12.42964
2.159104,0.02732832,12.76235
2.169831,0.02721876,13.14746
2.181803,0.02707911,13.40776
2.193082,0.02715857,13.61374
2.204545,0.02740704,14.02078
2.217256,0.02742239,14.19307
2.229122,0.02790428,14.63353
2.242539,0.02786459,14.59382
2.255471,0.0283594,15.03174
2.269346,0.02887486,15.44151
2.280583,0.0290267,15.63697
2.292302,0.02909625,15.63687
2.307541,0.0294973,16.05528
2.319304,0.02970752,16.29106
2.330502,0.03031622,16.74566
2.343462,0.03056706,17.01057
2.356322,0.03058736,17.30264
2.368897,0.03105316,17.87078
2.379844,0.03185596,18.45264
2.392054,0.03170332,18.53082
2.402305,0.03264543,19.20814
2.412514,0.03247099,19.28522
New Try
New Try
New Try
New Try
New Try
New Try
New Try
New Try
New Try
1.250371,0.03618837,27.36424
1.257499,0.03578921,26.99722
1.291177,0.03503451,27.3913
1.297496,0.03451311,27.48993
1.30925,0.03399889,27.59883
1.320481,0.03356391,27.71493
1.371961,0.03110454,27.03365
1.37749,0.03110454,27.03365
1.38897,0.0295784,27.27521
1.401391,0.02987394,26.85548
1.432483,0.02989997,26.80351
1.440515,0.02867679,26.83776
1.45483,0.02696112,26.92327
1.467173,0.02844323,26.83646
1.479558,0.02810081,26.62179
1.490869,0.02781346,26.58574
1.505933,0.02531532,26.41179
1.517362,0.02290626,25.89012
2.616816,0.0160789,24.0533
2.623838,0.01639097,24.06342
2.635783,0.01625098,24.12519
2.648183,0.0163243,24.14905
2.659418,0.01633477,24.19406
2.67196,0.0166486,24.18003
2.68347,0.01659181,24.23222
2.694244,0.01662487,24.28763
2.704782,0.01673584,24.28082
2.717901,0.016544,24.33105
2.732973,0.01654058,24.36418
2.744915,0.01636541,24.46993
2.755956,0.01665643,24.44597
2.767101,0.01692768,24.42979
2.779064,0.0168413,24.46773
2.791251,0.01682535,24.50214
2.80235,0.0168358,24.54108
2.813335,0.01688561,24.63221
2.825703,0.01713174,24.61994
2.837288,0.01701798,24.68839
2.849311,0.01706232,24.70717
2.860679,0.01708669,24.73515
2.872969,0.01707689,24.78316
2.884556,0.01730068,24.79748
2.896315,0.01723485,24.8158
2.907299,0.01723485,24.8158
2.918784,0.01725827,24.85133
2.935719,0.01742692,24.87095
2.949844,0.01743251,24.93999
2.96365,0.01751913,24.99588
2.977257,0.01764828,25.04611
2.990851,0.01763607,25.07138
3.002797,0.01750794,25.13234
3.016432,0.01760531,25.18832
3.029961,0.01773601,25.22666
3.043956,0.01754847,25.30516
3.056686,0.01750018,25.33496
3.069056,0.01743289,25.37974
3.08136,0.01749437,25.41897
3.095026,0.01738429,25.49096
3.108017,0.01749788,25.49543
3.120634,0.01772796,25.51689
3.135995,0.01760568,25.58003
3.149372,0.01759649,25.60578
3.16356,0.01746772,25.66729
3.177614,0.01744469,25.75139
3.193025,0.01766591,25.75178
3.206702,0.01773502,25.7626
3.219177,0.01772387,25.84297
3.23172,0.01785703,25.83417
3.244756,0.01770842,25.91154
3.257953,0.01769731,25.95156
3.273593,0.01765381,26.04719
3.286895,0.01766156,26.08274
3.300067,0.01768223,26.11626
3.313597,0.01761352,26.23984
3.325068,0.01769175,26.25712
3.341064,0.01762853,26.34723
3.352946,0.01763137,26.34718
3.368121,0.01740692,26.50191
3.381354,0.01752693,26.57049
3.394295,0.01771272,26.5633
3.407683,0.01752797,26.65274
3.42436,0.01725398,26.80523
3.437941,0.01743371,26.78639
3.451267,0.01737814,26.88318
3.464473,0.01768419,26.85876
3.478544,0.01748784,26.94556
3.49211,0.01746752,26.97746
3.504558,0.01753268,27.00751
3.517663,0.01758377,27.0259
3.530936,0.01759399,27.04885
3.54672,0.01759399,27.04885
3.559593,0.01736338,27.11353
3.572677,0.01740802,27.15272
3.585328,0.0173947,27.22036
3.598459,0.01742209,27.2375
3.611799,0.017505,27.23942
3.624136,0.01749563,27.2896
3.63838,0.01757441,27.31177
3.652249,0.01760574,27.33814
3.665079,0.01756232,27.37296
3.679872,0.01789345,27.35032
3.693499,0.01793437,27.37077
3.711909,0.01779866,27.4392
3.724963,0.01771888,27.46165
3.738165,0.01769184,27.52176
3.757081,0.01765173,27.58228
3.769897,0.01762949,27.63137
3.781851,0.0175609,27.69494
3.795926,0.01753245,27.73563
3.808105,0.01757926,27.75892
3.821405,0.01742438,27.84164
3.833528,0.01751391,27.86001
3.845771,0.01746997,27.88593
3.859075,0.01735254,27.97366
3.87359,0.01748592,27.97224
3.885758,0.01744391,28.01821
3.900032,0.01779578,27.95808
3.913391,0.0177678,28.03501
3.927465,0.01759363,28.10772
3.940545,0.0176986,28.14709
3.95769,0.01739314,28.27425
3.971812,0.01748298,28.30757
3.985289,0.0175328,28.33994
3.99952,0.01748929,28.38702
4.012803,0.01755021,28.47341
4.024683,0.01760976,28.45733
4.036891,0.01743338,28.59677
4.048552,0.01771403,28.61611
4.060481,0.01776622,28.66059
4.072202,0.01792476,28.6207
4.084586,0.01805616,28.68315
4.097684,0.01808076,28.72876
4.110977,0.01806346,28.83864
4.125106,0.01834629,28.81173
4.137945,0.01827617,28.89403
4.15179,0.01857566,28.86509
4.169155,0.01853247,29.0341
4.181862,0.01853247,29.0341
4.19405,0.01897797,28.96819
4.20669,0.0195579,28.90451
4.220041,0.01966872,28.92589
4.232558,0.01989537,28.92471
4.245924,0.01968298,29.19861
4.259399,0.02053996,28.99939
4.27265,0.02108556,28.90637
4.287128,0.02128364,28.95726
4.299555,0.02190032,28.91012
4.31152,0.02239977,28.85805
4.324559,0.0230832,28.74611
4.337566,0.02315151,28.73507
4.351573,0.023263,28.8826
4.367051,0.02375135,28.79454
4.383861,0.02440465,28.72479
4.397398,0.02426245,28.82082
4.410854,0.02478435,28.82233
4.423738,0.0252931,28.77484
4.439462,0.02530104,28.85202
4.452461,0.02547815,28.81211
4.46407,0.02529071,28.91403
4.480397,0.0252753,28.9972
4.49305,0.02508941,29.12343
4.505567,0.02553931,29.06022
4.518601,0.02545962,29.11008
4.532482,0.02538798,29.20241
4.54508,0.02559852,29.17692
4.557786,0.02552677,29.2237
4.571741,0.02549723,29.2782
4.588427,0.02552587,29.30297
4.601316,0.02541324,29.38951
4.616169,0.02556014,29.40323
4.628554,0.02554008,29.43089
4.640552,0.02552099,29.46062
4.65399,0.02557483,29.49854
4.671006,0.02541129,29.58988
4.68487,0.02564273,29.56141
4.698924,0.02550545,29.63383
4.712016,0.02556936,29.68009
4.725612,0.02553353,29.71064
4.73815,0.02545899,29.77011
4.752395,0.02545812,29.79628
4.764067,0.02555335,29.77495
4.779944,0.0256255,29.81656
4.796868,0.02561242,29.85024
4.809002,0.02547321,29.90791
4.821548,0.02544177,29.91804
4.833902,0.02544177,29.91804
4.844931,0.02534104,29.97223
4.856961,0.0253167,29.99968
4.869322,0.02531597,30.03859
4.883215,0.02564732,30.03117
4.897975,0.02566869,30.08344
4.912107,0.02565043,30.12867
4.926293,0.02556826,30.2342
4.940678,0.02589993,30.23054
4.954284,0.02572361,30.31218
4.96654,0.02556205,30.38366
4.980226,0.02568258,30.42209
5.00008,0.0255686,30.5998
5.015887,0.02583358,30.54834
5.030365,0.009579986,20.10487
5.04375,0.009580914,19.77002
5.0581,0.009775538,19.5926
5.072653,0.009546712,18.55441
5.085881,0.009772498,17.71587
5.098386,0.01030036,16.90823
5.11038,0.01049358,16.6132
5.122524,0.01089934,16.81593
5.136434,0.01088524,16.55355
5.148225,0.01062898,15.6309
5.163925,0.01120479,14.74653
5.178091,0.01107385,13.9399
5.190344,0.01204723,14.7927
5.205715,0.012523,14.53272
5.218219,0.01279091,14.29201
5.230213,0.01285045,13.23171
5.243575,0.01303959,13.33747
5.256873,0.01329144,13.68705
5.270013,0.01312176,12.75336
5.283694,0.0132652,13.46526
5.298018,0.01296575,12.5571
5.311432,0.01335951,12.13454
5.324308,0.01334274,12.102
5.33801,0.01319956,12.13546
5.350173,0.01293652,10.94428
5.363359,0.01271759,10.45979
5.377557,0.01275945,10.20393
5.390903,0.01242359,10.20572
5.405815,0.01257667,9.096268
5.417151,0.01239673,9.677406
5.431726,0.01233772,8.822266
5.443728,0.0122641,8.624046
5.457244,0.01223366,8.525063
5.470011,0.01223366,8.525063
5.482349,0.01223532,7.838699
5.495373,0.01274252,8.485695
5.508574,0.01248348,8.219635
5.522521,0.01208693,7.847893
5.54103,0.01204834,8.842117
5.554883,0.01202104,9.057907
5.568299,0.01200423,9.73526
5.581155,0.01171453,9.96862
5.594549,0.01198226,10.42541
5.610012,0.01184407,10.14978
5.622625,0.01171841,11.75116
5.634897,0.0114178,11.63265
5.650553,0.01149399,10.89221
5.668087,0.01142435,10.63199
5.681803,0.01120164,10.51221
5.693975,0.01127271,11.12713
5.70848,0.01135242,10.36725
5.722128,0.01136842,10.78606
5.736602,0.01108938,10.35298
5.752676,0.01104764,10.61137
5.766203,0.01070559,9.77459
5.781446,0.01101046,9.535667
5.794329,0.01092215,9.460365
5.807251,0.01086654,9.297928
5.822256,0.01066959,9.495201
5.835145,0.01074067,8.952126
5.847226,0.0107785,10.11383
5.859689,0.01079288,9.996155
5.873854,0.01090272,9.42791
5.886329,0.01094896,9.058701
5.900404,0.01154952,8.155533
5.913044,0.01154952,8.155533
5.925614,0.01156217,7.386246
5.940821,0.0114662,7.615997
5.955683,0.01196449,6.731255
5.9694,0.0118397,7.19075
5.983557,0.01212296,6.632393
5.99903,0.01251278,5.804352
6.013367,0.01267473,5.53524
6.031822,0.01319313,4.706253
6.048362,0.01343909,5.930038
6.064091,0.01330891,5.758629
6.078714,0.01337415,5.245575
6.094374,0.01370867,4.940666
6.108314,0.01370867,4.940666
6.123779,0.01393779,5.205811
6.138963,0.01415134,4.974327
6.155601,0.01458018,4.580605
6.171109,0.01456793,4.366409
6.186308,0.01507628,4.479553
6.198714,0.01534353,4.122902
6.212312,0.01511737,4.354179
6.224621,0.01511737,4.354179
6.240882,0.01498505,4.317505
6.25446,0.01571072,4.235649
6.288983,0.01454851,4.301208
6.326959,0.01353661,4.674767
6.364507,0.009237863,2.627495
6.39965,0.006602507,0.6366882
6.4353,0.006399121,1.379364
6.473387,0.005356181,5.4674
6.508574,0.004817683,8.55526
6.548744,0.004822407,10.18092
6.583547,0.004453108,11.75502
6.600169,0.004429463,13.18193
6.614624,0.004534155,14.50764
6.630644,0.004689958,15.12394
6.645176,0.00468554,15.74887
6.663601,0.004723623,16.8754
6.679281,0.005122464,18.16169
6.694195,0.005506903,19.01765
6.709029,0.005986691,19.45227
6.724146,0.006069172,19.60383
6.743491,0.006189354,19.99696
6.757676,0.006397076,20.06852
6.770201,0.006519143,20.19921
6.784129,0.006721392,20.32586
6.796556,0.006800115,20.24419
6.808527,0.006836362,20.34237
6.821466,0.006887756,20.19964
6.834398,0.006913416,19.95649
6.845671,0.006909192,19.72944
6.861187,0.006733578,19.22656
6.873841,0.006668571,18.70179
6.885189,0.006576449,17.73289
6.897599,0.006254118,16.59945
6.909919,0.005952567,15.97281
6.921341,0.005535528,15.84713
6.936207,0.005012415,14.28868
6.950171,0.004703619,13.37007
6.96418,0.004337933,12.39191
6.976287,0.003616329,10.62888
6.988613,0.003007893,9.071434
7.001454,0.002593383,8.198944
7.013604,0.00188322,6.76207
7.026061,0.001234435,5.590904
7.039373,0.0005407482,3.929291
7.05296,0.0005607754,4.129601
7.067749,0.0003166944,2.045975
7.081032,0.0005857572,0.6583099
7.094509,0.0008548833,1.536797
7.106719,0.001794875,1.067307
7.120337,0.002294485,3.980835
7.13271,0.002402417,2.459076
7.146347,0.00250658,3.736946
7.161261,0.002687674,3.886208
7.174272,0.002999648,5.292419
7.187127,0.003616516,7.035866
7.200489,0.003856454,7.376251
7.213972,0.003681544,7.373024
7.226629,0.004050847,6.824295
7.239179,0.004182659,7.008209
7.252472,0.00477346,6.218712
7.266079,0.00536076,5.612022
7.287488,0.006443199,5.943581
7.302903,0.007504478,6.136078
7.319495,0.008139607,6.640755
7.333609,0.008489333,6.894493
7.346219,0.009171542,6.596405
7.359205,0.009171542,6.596405
7.371844,0.009822063,6.174629
7.385317,0.009822063,6.174629
7.398954,0.01032732,5.61795
7.413094,0.01063449,5.045464
7.427548,0.01102289,4.110367
7.440392,0.01119351,3.582642
7.453984,0.01106789,3.337593
7.466723,0.01161443,1.966415
7.483844,0.01205553,0.8364105
7.498479,0.01162178,0.8127136
7.511786,0.01157091,0.02693939
7.525118,0.01188587,1.231865
7.537752,0.01218668,2.411423
7.553243,0.01165937,1.727478
7.566016,0.01184525,3.122543
7.579983,0.01183807,4.059944
7.593219,0.01193766,5.492119
7.605996,0.01127788,5.652313
7.620263,0.01133321,5.308479
7.633669,0.01129766,5.415421
7.646122,0.01122389,5.575272
7.662357,0.01075897,6.12822
7.678354,0.01069203,6.104195
7.69685,0.01030775,6.94957
7.713233,0.0101602,7.636658
7.730549,0.009966616,6.367325
7.749768,0.01025341,7.382607
7.765763,0.01036981,6.934273
7.780762,0.0106345,8.377388
7.796029,0.01070515,10.90358
7.815099,0.01047165,10.75248
7.828725,0.009944439,10.70455
7.842846,0.009713743,10.78731
7.856654,0.009443499,10.68585
7.870209,0.009113509,11.10552
7.885072,0.008905269,11.10905
7.901476,0.008797672,11.34735
7.915317,0.008419525,13.22981
7.931029,0.008039281,11.77842
7.944684,0.007923491,11.59849
7.958347,0.007969443,10.77818
7.97209,0.007492062,11.23983
7.986108,0.007311422,9.057938
7.999594,0.007126838,8.839752
8.012565,0.007065758,10.24516
8.026424,0.007065758,10.24516
8.040433,0.00684125,11.02271
8.054133,0.00624476,11.68332
8.067945,0.006041333,11.94926
8.081153,0.005255774,12.36963
8.094785,0.005026963,12.59891
8.113367,0.004202139,12.52995
8.126971,0.003225446,13.39452
8.141353,0.002801865,12.46394
8.157495,0.001251236,13.56461
8.172598,0.0008282624,14.00825
8.187562,0.0003522225,15.18591
8.202215,0.0004765987,16.32397
8.216798,0.001065679,17.00415
8.229198,0.00151027,17.27776
8.242472,0.002239697,17.77458
8.257243,0.002947416,19.16937
8.271269,0.003486872,20.23248
8.284925,0.004910704,22.15612
8.298016,0.005841907,23.24339
8.314665,0.006955843,24.42387
8.330742,0.007925265,25.63874
8.346274,0.009060513,28.5936
8.361627,0.009908181,28.65672
8.374678,0.01137785,29.40057
8.389551,0.0125433,30.19659
8.403905,0.01331803,30.80397
8.417367,0.0136768,30.13557
8.429961,0.01605328,33.01515
8.441828,0.01689375,33.68503
8.455796,0.01768131,34.29746
8.470023,0.01802579,34.78162
8.485136,0.03012283,27.10147
8.497551,0.03009509,26.49678
8.510563,0.03003112,26.01907
8.526028,0.03025965,24.44849
8.539952,0.02996164,23.67226
8.556132,0.02990713,22.90356
8.569525,0.02976885,22.34983
8.581657,0.02968149,21.85455
8.594697,0.0295324,21.11413
8.607421,0.02946903,20.75663
8.621008,0.02948758,19.9924
8.63435,0.02922565,19.22673
8.646514,0.02900086,19.17174
8.659551,0.02900687,19.10221
8.67455,0.02886174,18.82345
8.691684,0.02861678,18.26677
8.705023,0.02851852,18.09416
8.717458,0.02849858,17.59479
8.735135,0.02834633,16.99499
8.749039,0.02828435,16.36059
8.763216,0.02822217,16.47109
8.77801,0.02821594,16.2043
8.789484,0.0279908,16.54927
8.802146,0.02797782,16.31835
8.815405,0.0278232,16.47169
8.827832,0.02775207,16.43394
8.840556,0.02769711,16.44382
8.854026,0.02765683,16.48024
8.866498,0.02754978,16.67184
8.883101,0.02756528,16.6371
8.89745,0.02758332,16.79572
8.909945,0.02757731,16.82042
8.9226,0.02762303,16.94931
8.937348,0.02763725,17.19391
8.950843,0.02794688,17.36778
8.963993,0.02822161,17.52412
8.97673,0.02827255,17.9707
8.990941,0.02836954,18.30049
9.005006,0.02841679,18.70867
9.018447,0.02846025,18.81436
9.032326,0.003659427,29.41022
9.046332,0.02844848,19.77853
9.060024,0.02853543,20.20087
9.073824,0.002474189,27.66958
9.08828,0.002576955,27.63513
9.10316,0.001882896,27.5192
9.117013,0.001515724,27.72552
9.130062,0.001561757,27.23258
9.147463,0.00138313,27.35441
9.163614,0.00141513,27.80915
9.176794,0.001025263,28.02468
9.190609,0.0005820394,26.91089
9.204631,8.799881E-05,26.82805
9.218873,0.0006031953,26.1714
9.23284,0.0008524209,26.51987
9.24771,0.0008892789,26.84858
9.262712,0.001210965,27.39955
9.276776,0.001286987,27.51951
9.290552,0.001778856,28.0493
9.305101,0.001778856,28.0493
9.318382,0.002571587,28.30258
9.331927,0.003190838,28.06289
9.348734,0.003399115,28.15655
9.362942,0.003715064,28.91516
9.377487,0.003534656,27.43909
9.391806,0.003600255,27.52352
9.406361,0.002853688,25.8389
9.418117,0.002573825,24.18506
9.430423,0.002643783,23.90613
9.442116,0.002776723,23.97285
9.455621,0.002642326,23.57919
9.468759,0.002439924,23.52379
9.482336,0.002199586,23.48107
9.496568,0.001727015,22.34381
9.50879,0.00112782,20.94126
9.522668,0.0006193966,20.76624
9.53565,0.0002134666,20.75927
9.552556,0.0003317185,20.06696
9.566304,0.001309995,18.34877
9.578353,0.001650404,18.10362
9.591147,0.001650404,18.10362
9.603607,0.002685104,17.13494
9.616871,0.002941661,17.41848
9.630148,0.003784686,16.45387
9.641843,0.004279256,15.03349
9.655665,0.006060362,12.66428
9.671218,0.007004555,11.47711
9.686284,0.007684685,10.55447
9.699964,0.009923413,7.914345
9.716592,0.009127095,8.52256
9.731105,0.009637292,7.744186
9.746448,0.009706125,7.85363
9.766921,0.009994615,7.459251
9.782355,0.01025357,7.05809
9.798928,0.01068618,6.155655
9.815883,0.01077385,6.169983
9.831125,0.01076669,6.12912
9.845325,0.0104028,6.288261
9.858773,0.01038762,5.609108
9.873528,0.01025858,5.550591
9.887033,0.01047076,5.882011
9.901327,0.01036623,5.664589
9.915553,0.0104291,5.692726
9.930695,0.01037116,6.302841
9.944382,0.01037116,6.302841
9.957242,0.01009754,6.777817
9.978206,0.009109065,7.493103
9.993412,0.008762684,8.049225
10.00731,0.008914687,7.682327
10.0221,0.008889362,7.601494
10.03732,0.009097531,8.149323
10.05113,0.008927833,8.143074
10.0648,0.009011276,8.417755
10.07907,0.00897707,8.220963
10.09367,0.00928792,9.010246
10.10729,0.008841295,9.86203
10.12272,0.008513629,10.02942
10.13613,0.009062544,10.12986
10.14987,0.009038132,10.55806
10.16297,0.009072065,10.82059
10.18267,0.00931612,11.61262
10.19736,0.009302631,12.26942
10.21223,0.009166367,12.49911
10.22526,0.009550858,13.23119
10.23972,0.009722099,13.50086
10.25345,0.009547178,13.94817
10.26792,0.009357162,14.10728
10.28129,0.009893715,14.86468
10.29428,0.009579096,15.75873
10.30731,0.00958322,15.69263
10.32159,0.008846685,16.45959
10.33392,0.008558691,16.88396
10.34588,0.008970264,17.1676
10.35933,0.008318052,17.74861
10.3741,0.008071162,18.65762
10.39079,0.00759225,19.23569
10.40645,0.0074475,19.8909
10.42104,0.007442739,20.18134
10.43454,0.007037718,20.52642
10.44801,0.007399999,20.68827
10.46159,0.00744468,20.8334
10.47456,0.007228442,21.26212
10.4864,0.006742738,22.1108
10.49891,0.006818987,21.86619
10.51387,0.006394677,22.25024
10.52648,0.006324708,22.79212
10.5393,0.006164346,22.98807
10.5526,0.005975857,22.87533
10.56554,0.005604118,23.433
10.57857,0.005604118,23.433
10.59534,0.005350288,23.52583
10.60765,0.004544016,23.42763
10.62414,0.003808148,23.77499
10.63829,0.003913559,23.64069
10.65289,0.004241105,23.6413
10.66756,0.003616076,23.84522
10.68298,0.003418043,23.38128
10.69698,0.002984818,23.17561
10.7114,0.002957191,23.48472
10.72521,0.0027656,23.65175
10.74148,0.002066299,23.93782
10.75461,0.002126828,23.56757
10.76845,0.002476942,23.02928
10.78456,0.00190128,22.11355
10.80121,0.001847859,21.92615
10.81476,0.002101947,20.69632
10.82763,0.002089463,21.40336
10.84119,0.002356995,20.32169
10.85419,0.002041534,20.70962
10.86913,0.001837384,19.26277
10.8834,0.002356172,19.27219
10.89755,0.002565451,19.39893
10.91087,0.002012603,19.22135
10.92428,0.001705289,18.42513
10.938,0.001918864,18.32021
10.95351,0.001869421,17.88937
10.96866,0.002203852,17.14947
10.9843,0.002097867,16.8606
11.00026,0.001783621,17.11794
11.01963,0.001498006,16.79997
11.03498,0.001212128,16.50114
11.05608,0.001221236,16.37432
11.07254,0.0009563975,16.18449
11.0876,0.0005821921,15.58739
11.10263,0.0006795675,15.47842
11.11745,0.0008228123,15.65918
11.13393,0.001058657,15.58914
11.14952,0.001477472,14.86194
11.16628,0.001178045,14.58292
11.18149,0.001585457,15.01991
11.19535,0.001243256,15.30334
11.20889,0.001680993,14.96105
11.22468,0.001680993,14.96105
11.23667,0.001830455,15.29355
11.25007,0.001681328,15.51983
11.26349,0.001693673,14.83051
11.27615,0.002017826,15.2661
11.28856,0.001751777,15.54768
11.30059,0.001932159,15.24496
11.31411,0.002176225,15.65199
11.32524,0.002093092,14.8605
11.33721,0.002077606,15.45273
11.34914,0.001853,15.37818
11.36186,0.002696037,15.01861
11.37432,0.002570361,15.03069
11.38716,0.002436705,15.04014
11.40003,0.002682764,13.96983
11.42107,0.002506126,13.78921
11.43728,0.002685696,13.61031
11.45082,0.003031477,13.43951
11.46477,0.002848774,12.88912
11.47911,0.002999678,12.47579
11.4915,0.003295042,11.16177
11.50427,0.003479447,11.23708
11.5167,0.003574558,11.06575
11.52879,0.003476728,10.86607
11.54219,0.004283197,10.36615
11.5558,0.004412111,10.11474
11.56817,0.004696809,9.675446
11.58215,0.005282942,8.711189
11.59547,0.004894942,8.360176
11.60685,0.00568844,7.987663
11.62055,0.006801274,7.284958
11.63247,0.007081479,6.679672
11.64648,0.007270318,6.127449
11.66169,0.007593092,3.893616
11.67747,0.008044634,4.368355
11.69102,0.009348951,3.879211
11.70306,0.009769712,3.563202
11.7195,0.009942885,3.348671
11.73136,0.01051355,2.968513
11.74468,0.01111712,2.947868
11.75709,0.011171,2.535202
11.77051,0.01152106,2.444756
11.78272,0.01270105,2.183319
11.79531,0.01287842,1.961205
11.8079,0.01283143,1.863876
11.8199,0.01245912,1.559654
11.83165,0.01208038,1.305435
11.8424,0.01207713,0.6765442
11.85696,0.01207713,0.6765442
11.86842,0.01207713,0.6765442
11.87953,0.01282131,1.661095
11.89222,0.01195012,1.05822
11.9053,0.01137718,0.6238937
11.91823,0.0109891,0.3020248
11.93137,0.01081677,0.6598358
11.94441,0.01051139,0.3063889
11.95705,0.009699676,0.349823
11.96907,0.009688217,1.067772
11.98101,0.009906422,1.331734
11.99449,0.00921274,1.004128
12.00662,0.00833077,0.6392212
12.01971,0.007758964,0.3109512
12.03246,0.007221013,0.005325317
12.04326,0.007221013,0.005325317
12.05851,0.006265707,0.8908463
12.07093,0.005643584,1.152153
12.08337,0.004962165,1.969452
12.09593,0.004916724,2.450691
12.11088,0.004889775,3.273888
12.1242,0.004936635,2.79454
12.13578,0.00488795,2.358635
12.14776,0.004864831,3.12587
12.16273,0.005015675,3.300789
12.17602,0.004788928,4.640915
12.18974,0.004980829,5.268234
12.2028,0.004980829,5.268234
12.21553,0.004953291,6.712067
12.22756,0.005322125,6.604233
12.23916,0.005527616,6.994362
12.25046,0.006638192,7.487885
12.26666,0.007656801,7.359749
12.27821,0.007791489,8.522545
12.28985,0.008241571,8.491928
12.30259,0.009800501,9.104805
12.3145,0.009917937,9.082642
12.3269,0.01032041,10.51717
12.33958,0.01080389,12.33649
12.35278,0.01113692,12.60872
12.36452,0.01182421,12.69455
12.37656,0.01230527,11.27683
12.38871,0.01276221,11.62678
12.40186,0.01296197,11.6619
12.4161,0.01317647,12.77617
12.4285,0.01351349,12.44062
12.44133,0.0136205,12.66766
12.45473,0.01426799,12.42015
12.46954,0.01453843,13.66289
12.48171,0.01485979,13.86547
12.49442,0.01476454,13.98096
12.50585,0.01476454,13.98096
12.51692,0.0147826,13.91235
12.52948,0.01493814,13.87838
12.54125,0.01540833,14.23939
12.55493,0.01552506,14.46178
12.56683,0.01535157,14.86541
12.57947,0.01509633,15.9415
12.59209,0.01453376,17.20596
12.60415,0.01457664,17.07479
12.61707,0.01469411,16.97331
12.62881,0.01492881,17.69128
12.64123,0.01467877,18.46839
12.65366,0.01435381,18.61195
12.66523,0.01406092,19.0108
12.68516,0.01371515,19.55388
12.6965,0.01351134,19.9474
12.70842,0.01361417,20.08922
12.72042,0.01346901,21.04641
12.73425,0.01330639,21.52438
12.74687,0.01332607,22.57012
12.75894,0.0134394,23.63715
12.77154,0.02692557,27.40572
12.78338,0.0268463,27.25682
12.79702,0.02684767,27.0252
12.80877,0.02676192,26.88911
12.8201,0.02667814,26.7674
12.83218,0.02659499,26.65845
12.8453,0.02646095,26.542
12.85763,0.02646488,26.49095
12.87039,0.02655759,26.3487
12.88608,0.02644779,26.19718
12.89815,0.02640412,26.21085
12.90957,0.02635515,26.08528
12.92269,0.0263423,26.03152
12.93513,0.02653391,25.97499
12.94662,0.02630327,25.88411
12.95904,0.02603345,25.95521
12.97125,0.0262924,25.95198
13.02577,0.02551034,26.21889
13.08356,0.02540001,26.53487
13.14498,0.02566005,26.75338
13.20372,0.02523241,27.38759
13.27301,0.02441205,27.81627
13.33202,0.02405367,28.07179
13.39092,0.02388884,28.12528
13.40489,0.02349102,28.23454
13.41999,0.02352829,28.2473
13.43314,0.02342007,28.36294
13.44536,0.02339985,28.41961
13.45836,0.02356159,28.41986
13.47108,0.02338722,28.5024
13.48346,0.02315932,28.60792
13.49553,0.02302014,28.65463
13.50719,0.02291907,28.67442
13.5201,0.02266891,28.75413
13.53186,0.02210139,28.94507
13.54466,0.02174144,29.0436
13.56102,0.01969829,29.67346
13.57357,0.01903113,29.98016
13.58714,0.01952765,30.3296
13.59943,0.02179871,31.11058
13.61172,0.02284602,31.53993
13.6252,0.02512402,31.96549
13.63759,0.02940562,32.97352
