1.217224,0.0122848,1.527775
1.233142,0.01249331,1.57545
1.282663,0.01302076,1.52675
1.328967,0.01320813,1.849174
1.375673,0.01340965,2.220701
1.423712,0.01339947,2.83897
1.485807,0.01343294,3.481103
1.529781,0.01344709,3.502243
1.564424,0.01346424,4.11347
1.602598,0.01349163,4.521297
1.645731,0.01339752,4.950526
1.699106,0.01330014,5.398552
1.739278,0.01313308,5.880899
1.778328,0.01288703,6.278416
1.818399,0.01263248,6.979041
1.857798,0.01235567,7.373737
1.912465,0.01193637,8.133181
1.95536,0.01163393,8.191511
1.999168,0.01114231,8.894526
2.039314,0.01076206,8.986927
2.076987,0.01020961,9.010378
2.128694,0.01006791,9.022298
2.164833,0.01006791,9.022298
2.200395,0.008734531,9.096624
2.234894,0.008494063,9.149353
2.276892,0.008364054,9.214692
2.319152,0.008249544,9.301849
2.375719,0.008126627,10.04902
2.417892,0.008195833,10.21544
2.45929,0.008394882,10.32699
2.50259,0.00870525,10.4296
2.537928,0.008776563,10.42007
2.585649,0.008741501,10.54094
2.620957,0.008585767,10.62866
2.670639,0.008288155,10.76183
2.705339,0.008095343,10.85665
2.738749,0.007906664,10.96803
2.789149,0.007641867,11.14232
2.824283,0.007532523,11.3384
2.858422,0.007514675,11.51117
2.891826,0.007524294,11.55972
2.926354,0.007616308,11.61391
2.960437,0.007736765,11.58402
3.010566,0.007968091,11.47375
3.052827,0.008155745,11.3958
3.091113,0.008374863,11.34106
3.132565,0.008633978,11.20518
3.174457,0.008902156,11.09432
3.229513,0.009101878,11.0288
3.26901,0.00916684,11.26561
3.310946,0.009139826,11.31461
3.347549,0.009092154,11.21379
3.383023,0.009061196,11.3049
3.43216,0.00889699,11.21642
3.472194,0.008771084,11.28722
3.515245,0.008696987,11.33079
3.548697,0.008675395,11.05125
3.583164,0.008690255,11.04703
3.632006,0.008710974,11.03401
3.666579,0.008706468,11.08186
3.699676,0.00872095,10.84047
3.732003,0.008687589,10.67509
3.762537,0.008589508,10.74226
3.795552,0.008510906,10.56889
3.839152,0.0084714,10.49179
3.870838,0.008482977,10.5379
3.902407,0.008539208,10.35879
3.931945,0.008595836,10.3658
3.962617,0.008667038,10.3541
3.9962,0.008693579,10.50051
4.031478,0.008719358,10.34853
4.075173,0.008695467,10.36625
4.110851,0.00865207,10.23212
4.147479,0.008632463,10.06427
4.178861,0.008616184,9.994067
4.2089,0.00864886,9.710818
4.240567,0.008749995,9.477701
4.295455,0.008791729,9.027566
4.333267,0.008902665,8.81461
4.370868,0.008965116,8.481537
4.408752,0.0089898,8.369967
4.445767,0.008975896,8.345062
4.49262,0.008937487,8.267025
4.52286,0.008880197,8.215922
4.552057,0.00882366,8.164117
4.580844,0.008828138,8.056128
4.622167,0.008826888,7.959565
4.6516,0.008850443,7.8921
4.695486,0.008905416,7.832157
4.725655,0.009000611,7.759066
4.758725,0.009103694,7.698322
4.790324,0.009170997,7.682271
4.825621,0.009270106,7.634143
4.860948,0.009390333,7.546392
4.904264,0.009527783,7.294846
4.936628,0.009575601,7.260555
4.966128,0.009656166,7.230553
4.999022,0.009693632,7.248981
5.029334,0.009768075,7.251335
5.064103,0.009845557,7.064109
5.103742,0.009927904,7.030818
5.131143,0.00997429,6.964664
5.160936,0.01002489,6.888118
5.192885,0.01007036,6.776766
5.225327,0.01014613,6.624866
5.255827,0.01027327,6.302447
5.285952,0.01041241,6.135169
5.329173,0.01072581,5.80863
5.362434,0.01092188,5.620856
5.398556,0.01118807,5.439164
5.43258,0.01146658,5.32064
5.471642,0.0116684,5.264363
5.507749,0.01190345,5.162739
5.55034,0.01227858,5.046671
5.579864,0.01256219,4.975041
5.60836,0.01289445,4.845654
5.638307,0.01316056,4.572004
5.671072,0.01345925,4.411354
5.702946,0.01365844,4.271456
5.734413,0.01389576,4.171196
5.775981,0.0143052,4.039924
5.806675,0.01456188,4.039972
5.846197,0.01476303,3.885898
5.880604,0.01492994,3.70919
5.911942,0.01506187,3.658751
5.94297,0.0152143,3.494184
5.986991,0.01544079,3.269322
6.018986,0.0155736,3.099457
6.050136,0.01572817,2.912957
6.080284,0.01592064,2.742597
6.110558,0.01606195,2.61172
6.141672,0.01616847,2.516606
6.173766,0.01619015,2.454793
6.219228,0.01612908,2.396861
6.2563,0.01607576,2.284305
6.289088,0.0160727,2.161479
6.328186,0.0161124,2.104963
6.365277,0.01619254,2.110905
6.403147,0.01645122,2.172678
6.465034,0.01659742,2.2885
6.497303,0.01668767,2.32549
6.520743,0.01682182,2.380802
6.542259,0.01689549,2.43317
6.570446,0.01703054,2.480492
6.598645,0.01717297,2.307662
6.625608,0.01732404,2.25125
6.664637,0.01764524,2.012465
6.692605,0.01775405,1.935327
6.720557,0.01791311,1.844299
6.750195,0.01807542,1.755354
6.77839,0.01820006,1.674796
6.807121,0.01834317,1.597652
6.837209,0.01843071,1.554945
6.882368,0.01847963,1.535569
6.910274,0.01848255,1.529695
6.939397,0.01839785,1.34741
6.968027,0.01831269,1.33031
6.996838,0.01823932,1.316558
7.024538,0.01807777,1.273493
7.05319,0.01793934,1.221092
7.095703,0.01787805,1.083178
7.12301,0.01784029,1.100029
7.152643,0.01787331,1.093069
7.181285,0.01788891,1.104644
7.208495,0.01784829,1.161127
7.23676,0.0177984,1.194357
7.270278,0.01773462,1.032303
7.318749,0.01766788,1.018756
7.351236,0.01756617,0.7937689
7.38442,0.01745791,0.7303458
7.418703,0.01738403,0.5983981
7.452664,0.01731945,0.5908293
7.487576,0.01731155,0.708588
7.532049,0.01731905,1.013557
7.561779,0.0173458,1.355952
7.59581,0.01740217,1.500244
7.630426,0.01755644,1.695352
7.673262,0.01768874,1.655049
7.708584,0.01775482,1.693851
7.755365,0.01792769,1.635662
7.788389,0.01804155,1.567604
7.821344,0.01817865,1.512843
7.853352,0.01837943,1.453334
7.890798,0.01850942,1.426287
7.921298,0.01859805,1.404024
7.966523,0.01872291,1.408338
7.997535,0.01887574,1.42409
8.029597,0.0190512,1.4432
8.059743,0.01916505,1.468071
8.090858,0.01922096,1.506622
8.121479,0.01926605,1.551669