1.589454,0.01386378,11.03255
1.597843,0.01315835,11.03037
1.61148,0.01285776,10.93477
1.624239,0.0130114,10.79395
1.637268,0.01305602,10.74398
1.650354,0.01313572,10.60948
1.664544,0.01285788,10.55734
1.68058,0.01283306,10.49571
1.69601,0.01291825,10.35712
1.709437,0.01314796,10.22784
1.722396,0.01308783,10.23403
1.735807,0.01350257,10.08073
1.754858,0.01314877,10.07304
1.767051,0.01308522,10.0347
1.779726,0.0131242,9.980776
1.792657,0.01295966,9.875238
1.805376,0.01307585,9.751348
1.826321,0.01310524,9.61008
1.837868,0.01330036,9.486573
1.851267,0.01320557,9.483713
1.864795,0.01306906,9.344852
1.878311,0.01337207,9.266646
1.891475,0.01362621,9.189107
1.904061,0.01327161,9.101851
1.918287,0.01368082,9.027328
1.931107,0.01332403,9.163217
1.944223,0.01338039,9.222856
1.957117,0.01338556,9.247625
1.970718,0.01361191,9.251025
1.98369,0.01367624,9.278177
1.996954,0.0135533,9.260027
2.010185,0.01358969,9.246648
2.030566,0.01353162,9.148493
2.041196,0.01357577,9.093471
2.056002,0.01349034,8.975443
2.070274,0.01340419,8.944811
2.083817,0.0131479,8.886991
2.09704,0.01302374,8.83509
2.11104,0.01287423,8.778813
2.125576,0.01264906,8.612378
2.138734,0.01257089,8.510755
2.15224,0.01245767,8.398472
2.165457,0.01218047,8.336328
2.178546,0.01211524,8.314676
2.191931,0.01196155,8.245669
2.205067,0.0116301,8.139695
2.218815,0.01135865,8.073824
2.238977,0.01079869,8.068838
2.251284,0.01041961,8.070517
2.266458,0.01043997,8.100624
2.283897,0.009754001,8.117016
2.297328,0.009218108,8.12086
2.310842,0.008690541,8.094612
2.324786,0.008713104,8.169286
2.338077,0.008108079,8.210782
2.352078,0.007902181,8.231393
2.36533,0.008029604,8.276923
2.379107,0.007936123,8.296259
2.393574,0.007624754,8.29536
2.40725,0.007232122,8.289179
2.420677,0.006900011,8.323315
2.442327,0.006663881,8.312101
2.453138,0.006428828,8.337435
2.467293,0.006232214,8.332582
2.481011,0.006120835,8.322536
2.494978,0.005795313,8.27448
2.508082,0.005756161,8.238761
2.521869,0.005751714,8.208487
2.53542,0.005539681,8.172289
2.54886,0.005038686,8.16693
2.562404,0.005003714,8.161135
2.57599,0.004632534,8.142565
2.58979,0.004437895,8.105155
2.603657,0.004149334,8.063557
2.635086,0.00285695,8.020274
2.678222,0.001690283,8.04674
2.689985,0.001025113,8.016774
2.707173,0.001352254,8.098443
2.723225,0.001251071,7.983402
2.737474,0.001323501,7.950632
2.751279,0.0014644,7.930558
2.76429,0.001626384,7.89414
2.777668,0.001697247,7.873051
2.791384,0.001878681,7.872128
2.805378,0.001997431,7.873973
2.819149,0.001635577,7.918495
2.833335,0.001588722,7.931276
2.847133,0.001712592,7.97863
2.869601,0.001476027,7.986106
2.88131,0.001548773,8.018758
2.895682,0.001593801,8.034264
2.909401,0.001640265,8.028789
2.923138,0.001888911,8.002337
2.937032,0.00243179,8.010111
2.951488,0.002509768,7.977671
2.965149,0.003041349,7.959786
2.979341,0.003203364,7.95732
2.993205,0.003277818,7.945494
3.007855,0.00374582,8.062096
3.022691,0.003934916,8.029326
3.036531,0.004318176,7.978335
3.050494,0.004803468,8.012709
3.070176,0.005187782,7.94752
3.081851,0.004986345,8.032724
3.097678,0.004847978,8.099267
3.111886,0.004962528,8.162601
3.12726,0.0050729,8.199058
3.14642,0.005168932,8.261157
3.159749,0.005571787,8.28534
3.174517,0.005560446,8.3327
3.188181,0.00584516,8.36302
3.202112,0.005477635,8.431609
3.215627,0.00525551,8.463551
3.228953,0.005337991,8.47665
3.243011,0.00581586,8.494471
3.256109,0.00584823,8.494841
3.278422,0.005893635,8.511378
3.291108,0.00579644,8.51772
3.305984,0.006047825,8.531452
3.321275,0.006316187,8.607154
3.337324,0.00637284,8.543206
3.351353,0.006285087,8.638633
3.365352,0.006557539,8.547321
3.379013,0.006611404,8.560294
3.393853,0.006495875,8.549159
3.408325,0.006533863,8.585288
3.423248,0.006485929,8.611854
3.438852,0.006425897,8.647314
3.453067,0.006580243,8.603571
3.467386,0.007607547,8.608409
3.487609,0.007307778,8.642838
3.499754,0.007441492,8.698136
3.514217,0.008034271,8.726476
3.528953,0.008537235,8.77964
3.543319,0.008514588,8.743253
3.556638,0.009386394,8.796138
3.571295,0.009610861,8.842979
3.585086,0.009806964,8.971501
3.598853,0.009821974,9.020337
3.61283,0.01023088,9.067829
3.627558,0.01021474,9.117619
3.642411,0.01061283,9.146646
3.655978,0.01040581,9.24941
3.671366,0.01156241,9.387556
3.692929,0.01124196,9.329824
3.70421,0.01153998,9.210809
3.720137,0.01137751,9.259986
3.738633,0.01146051,9.331088
3.755269,0.01131097,9.302399
3.769996,0.0104443,9.493782
3.785094,0.01090478,9.40494
3.799021,0.01100768,9.40404
3.812798,0.01078945,9.495273
3.826572,0.01112418,9.525512
3.840669,0.01104658,9.550655
3.854808,0.0116176,9.593086
3.868987,0.01197219,9.676297
3.884401,0.01243291,9.680299
3.904303,0.01239497,9.738577
3.916636,0.01244107,9.789585
3.931229,0.01266583,9.792397
3.945345,0.01283998,9.908735
3.959892,0.0129284,9.815921
3.973808,0.01298327,9.781286
3.989937,0.01300896,9.757718
4.004528,0.01317235,9.745802
4.021209,0.01330908,9.779536
4.036094,0.01332896,9.663713
4.049754,0.01251859,9.65777
4.064301,0.01312689,9.633128
4.078397,0.01357315,9.635393
4.091134,0.01378161,9.442608
4.111969,0.01389089,9.351097
4.125069,0.01358537,9.258478
4.14074,0.01364841,9.180827
4.155753,0.0134542,9.198576
4.17132,0.01326005,9.030656
4.185475,0.01264245,9.093146
4.199564,0.01261755,9.061912
4.213356,0.01247955,9.047676
4.227901,0.01236329,9.031396
4.24132,0.01256758,9.067656
4.255947,0.01195648,8.972837
4.270588,0.01160698,9.08891
4.286327,0.01120512,9.057834
4.3019,0.01089136,9.087569
4.322722,0.01057162,9.079371
4.333964,0.01055158,9.107549
4.34829,0.01046019,9.116088
4.362833,0.01055847,9.174361
4.377455,0.01032678,9.198704
4.391238,0.01005033,9.283492
4.405876,0.008330659,9.169884
4.420028,0.008210674,9.433402
4.435144,0.008317137,9.196867
4.44905,0.00757532,9.202186
4.463706,0.006949638,9.343885
4.482065,0.006401112,9.519381
4.496832,0.005958212,9.501998
4.511095,0.005736692,9.647953
4.531689,0.005147336,9.637372
4.544109,0.004894905,9.850636
4.558483,0.004210271,10.19968
4.578939,0.004099093,10.24884
4.594375,0.004081703,10.43019
4.608437,0.003648621,10.67448
4.623315,0.004421649,10.67944
4.63759,0.004478615,10.76262
4.651806,0.004392033,10.949
4.666882,0.004632783,11.02334
4.682012,0.00447253,11.23559
4.69621,0.004684901,11.30909
4.711512,0.004745808,11.37833
4.733138,0.004719636,11.58194
4.746277,0.004731129,11.69568
4.763142,0.004761765,11.84538
4.779131,0.004988315,11.83623
4.793135,0.004425697,12.27549
4.807459,0.004794704,12.0537
4.821231,0.004769641,12.14729
4.835583,0.005615782,12.2276
4.850121,0.004967623,12.29088
4.863974,0.005518037,12.40691
4.878108,0.005524095,12.55209
4.89195,0.005105475,12.49121
4.906302,0.005409922,12.64153
4.920321,0.005826454,12.66704
4.941308,0.005735388,12.75283
4.952792,0.006043316,12.8548
4.967171,0.006221571,12.94936
4.986455,0.006555745,13.05103
5.0053,0.006551388,13.14339
5.022007,0.007145493,13.16677
5.037296,0.007264923,13.2646
5.051427,0.007434846,13.28522
5.065542,0.00741544,13.34964
5.079346,0.007403134,13.39309
5.093324,0.007506298,13.44023
5.106707,0.007524512,13.56639
5.120323,0.007498074,13.7056
5.141953,0.00769787,13.85233
5.154057,0.007712886,14.05402
5.171025,0.007413719,14.17371
5.185537,0.007418987,14.64995
5.201892,0.00783147,14.68283
5.217224,0.007731393,15.32926
5.231596,0.007911704,15.35063
5.245207,0.007662851,16.02999
5.259199,0.007510142,16.23186
5.273374,0.007310581,16.54548
5.286942,0.007036494,17.02164
5.303155,0.006758855,17.40523
5.317342,0.006642276,17.63221
5.331791,0.006057938,18.20616
5.352974,0.00530579,19.15308
5.367395,0.00480101,19.77993
5.384912,0.00442645,20.37148
5.401965,0.004464806,21.26744
5.419363,0.004174218,22.10073
5.436604,0.004099268,22.46595
5.452719,0.003854713,23.35762
5.469425,0.004095028,24.14359
5.487054,0.003821464,24.80419
5.506216,0.004135113,25.82323
5.522273,0.003532596,26.12194
5.537048,0.00328099,26.40625
5.558434,0.002563034,27.12956
5.570289,0.002187157,28.35676
5.600905,0.003551328,29.91681
5.632238,0.001935996,30.7616
5.66129,0.003658457,32.72565
5.693102,0.005856186,34.57656
5.724051,0.003852037,34.71069
5.754815,0.004344706,36.95795
5.794269,0.006399114,39.55024
5.80712,0.00682926,40.20469
5.823991,0.007405081,41.30833
5.842366,0.008350889,42.64807
5.859734,0.009394614,43.88731
5.877049,0.01088137,45.6815
5.894151,0.009707125,46.16476
5.910684,0.0103097,47.13546
5.925337,0.01015698,47.08395
5.938434,0.009137331,47.90806
5.951867,0.008963856,48.53217
5.965847,0.01150319,51.51195
5.986561,0.007962826,50.55814
5.998976,0.008105525,50.86028
6.013843,0.008741684,52.25061
6.028233,0.008033732,51.65587
6.043308,0.00886353,52.26275
6.056052,0.008226528,53.49863
6.070197,0.00902708,53.2357
6.083639,0.00916775,54.03267
6.097454,0.009106561,54.39484
6.110571,0.008601043,38.26813
6.124571,0.008736049,55.65917
6.145367,0.008673407,56.29865
6.16071,0.008653255,56.87374
6.175608,0.008277325,35.34252
6.19421,0.008099979,34.76653
6.206661,0.007802274,33.70625
6.219681,0.00764699,32.873
6.234468,0.007516065,31.93537
6.248623,0.007704049,31.12085
6.261824,0.007331979,29.39243
6.275795,0.00797334,29.62066
6.289265,0.008096047,28.97044
6.306291,0.007985603,27.95319
6.323123,0.008415316,27.42829
6.339763,0.006242545,25.4665
6.356963,0.007798638,25.75855
6.372767,0.00768949,25.18033
6.386922,0.006165566,23.95038
6.410838,0.006062906,23.58671
6.42649,0.005416307,22.68039
6.444267,0.006048816,22.12191
6.460349,0.005777652,21.46841
6.477322,0.005047101,20.53453
6.494788,0.005491275,20.27025
6.508659,0.005260961,19.84593
6.521119,0.004947972,19.28832
6.534706,0.006761052,18.64268
6.547728,0.006446301,18.13577
6.560447,0.00653762,17.90614
6.573722,0.006216647,17.16095
6.587566,0.006081379,16.8054
6.60653,0.006403687,16.13187
6.619791,0.006286768,15.78892
6.63573,0.006349658,15.13144
6.650923,0.006348048,14.67061
6.665143,0.006662529,14.04299
6.681541,0.0068949,13.93087
6.694225,0.01049712,13.05779
6.708039,0.008817701,12.97205
6.720973,0.009742831,12.84936
6.736345,0.009583795,12.40518
6.752622,0.009582247,12.20397
6.766671,0.01409407,12.02531
6.780308,0.01650276,10.78246
6.793909,0.01498115,11.6975
6.816334,0.01604364,11.36337
6.829646,0.01683964,11.35886
6.84321,0.01685627,11.33385
6.856362,0.01699124,11.26773
6.869244,0.01769251,11.25822
6.883348,0.01789493,11.26526
6.897336,0.01794299,11.24772
6.912375,0.0182283,11.14184
6.926758,0.01820927,11.10154
6.9394,0.01850066,11.09276
6.952717,0.01830681,11.03772
6.96719,0.0183189,10.95255
6.980219,0.01817308,10.84361
6.993556,0.01877737,10.74845
7.00682,0.01946127,10.82127
7.026674,0.01921173,10.63081
7.040156,0.02006122,10.55879
7.052795,0.02058669,10.37248
7.066618,0.02058217,10.30641
7.080408,0.02111717,10.21517
7.09338,0.02049398,10.20806
7.10611,0.0202672,10.03625
7.119027,0.02013199,10.0541
7.134018,0.01961408,9.923767
7.147564,0.01979359,9.88336
7.162334,0.01954399,9.80219
7.178069,0.01941593,9.746185
7.19267,0.01904359,9.633474
7.207685,0.01874595,9.519773
7.228757,0.01839016,9.385965
7.244111,0.01863077,9.395844
7.259756,0.01852232,9.415257
7.275401,0.01820316,9.490095
7.291245,0.01778784,9.526399
7.30652,0.01735038,9.501874
7.324452,0.01698406,9.522993
7.33852,0.01672132,9.487486
7.350651,0.01671098,9.577498
7.363692,0.01641761,9.704276
7.37675,0.01600151,9.733731
7.389618,0.01594677,9.749736
7.402591,0.01504791,9.823351
7.415614,0.01568155,9.855546
7.43422,0.01540845,9.964486
7.446691,0.01520759,10.02719
7.460823,0.01461799,10.11118
7.474699,0.01464367,10.03807
7.490713,0.01408413,10.00954
7.503886,0.0140253,10.12976
7.517402,0.01375291,10.2045
7.530879,0.01358519,10.23656
7.544235,0.01315159,10.23718
7.563104,0.01322709,10.26094
7.577051,0.0132097,10.29543
7.590402,0.0132884,10.35015
7.602635,0.01306782,10.41637
7.616567,0.01294881,10.44073
7.635012,0.01284174,10.4764
7.648732,0.01292982,10.45971
7.663188,0.01309999,10.54736
7.676708,0.01315017,10.61743
7.692508,0.0131904,10.66701
7.706121,0.01322889,10.73317
7.720025,0.01299453,10.61098
7.734133,0.01347519,10.76139
7.748981,0.01364498,10.81292
7.762642,0.0139959,10.8674
7.776636,0.01375074,10.94913
7.790189,0.01359801,11.09746
7.804297,0.01382448,11.15715
7.818118,0.01408247,11.22686
7.840105,0.01457353,11.38358
7.855033,0.01462505,11.58689
7.868715,0.01438047,11.64263
7.88411,0.01497053,11.88271
7.899638,0.01531596,12.07424
7.913675,0.01568626,12.11209
7.930001,0.01461819,12.27917
7.945909,0.01470424,12.44177
7.960114,0.01423456,12.51964
7.974024,0.01452401,12.60541
7.987473,0.01487008,12.66173
8.000811,0.01511191,12.71217
8.015406,0.01562421,12.81039
8.029422,0.01545215,12.87133
8.047933,0.01606516,12.93116
8.062838,0.01638211,12.90753
8.077719,0.01694164,13.04386
8.09145,0.01718128,13.23348
8.105487,0.01619909,12.91755
8.119045,0.01692886,13.44354
8.133114,0.01629979,13.43737
8.147379,0.01656181,13.51912
8.163908,0.01699679,13.70969
8.18017,0.01472435,13.54302
8.196193,0.01652141,14.069
8.21119,0.01643245,14.1478
8.228024,0.01617084,14.30343
8.242624,0.01582246,14.54197
8.263599,0.01560143,14.72368
8.278887,0.01531948,14.88426
8.295627,0.01538031,15.05481
8.311834,0.01506154,15.15371
8.327632,0.01416209,15.00391
8.341723,0.0145785,15.40107
8.356163,0.01517225,15.72545
8.370035,0.01512503,15.9594
8.384316,0.01510355,16.09236
8.398088,0.01523135,16.18433
8.412506,0.01561301,16.51031
8.426273,0.01597471,16.68962
8.439895,0.0159954,16.86013
8.454032,0.01610387,17.1113
8.475382,0.01540307,17.19469
8.489616,0.01532602,17.2158
8.502809,0.01504641,17.26885
8.517508,0.01272285,17.44701
8.533682,0.01326808,17.5266
8.548162,0.01188721,17.47872
8.561277,0.01111243,17.1686
8.575632,0.01121209,17.46295
8.593646,0.01086856,17.57344
8.607481,0.01092614,17.59034
8.620423,0.01032209,17.70292
8.636003,0.008737351,17.07435
8.650026,0.00915897,17.62164
8.663585,0.008361946,17.56285
8.683645,0.008421592,17.84884
8.697278,0.008022344,17.89953
8.713183,0.008033572,17.98111
8.727354,0.007928365,18.07174
8.740922,0.007941501,18.07853
8.756588,0.007974345,18.13936
8.770471,0.008040898,18.20801
8.785177,0.007985715,18.36049
8.798693,0.00785816,18.45647
8.811924,0.007458047,18.46212
8.825086,0.007039856,18.56907
8.838869,0.006818328,18.69485
8.853476,0.006773013,18.98889
8.870687,0.005522066,18.89624
8.8883,0.005464183,19.44937
8.901599,0.005299044,19.5963
8.916518,0.005176116,19.75292
8.930783,0.00503323,19.9814
8.944739,0.004902934,20.35809
8.95831,0.004475482,20.48964
8.972035,0.003968401,20.58467
8.990902,0.003699678,20.61529
9.00712,0.00388875,20.95382
9.023352,0.003599376,21.17588
9.037356,0.003496869,21.33111
9.050982,0.003058403,21.35917
9.065056,0.003087478,21.48422
9.078258,0.003031723,21.56948
9.09551,0.003292876,21.78277
9.109355,0.0033375,21.88247
9.123203,0.003170731,21.95614
9.13547,0.003266142,22.09117
9.149122,0.003050565,22.18878
9.164604,0.003300953,22.28743
9.178957,0.003276938,22.39744
9.191961,0.003396943,22.43442
9.204679,0.00333438,22.57299
9.222342,0.003122467,22.65229
9.235372,0.003307853,22.74148
9.24894,0.003236551,23.07222
9.264165,0.002705511,23.03032
9.27732,0.002664391,23.01203
9.29007,0.003250664,23.39565
9.311759,0.00149677,23.12621
9.328295,0.001653394,23.25241
9.347838,0.001163899,23.30117
9.364423,0.002248191,23.13008
9.38082,0.003187768,23.2655
9.396575,0.003180346,23.41586
9.413599,0.00398452,23.52935
9.429915,0.004150164,23.67016
9.446496,0.003937123,23.77381
9.46353,0.004104428,23.97043
9.476875,0.00405722,24.09391
9.49062,0.004073096,24.22858
9.507715,0.004444761,24.46057
9.521148,0.004345657,24.56466
9.535278,0.004969749,24.69591
9.549425,0.00499147,24.86637
9.563642,0.005567664,25.02398
9.576715,0.005675224,25.22729
9.590187,0.006490093,25.26376
9.603917,0.006065993,25.42438
9.617475,0.007779167,25.17634
9.631351,0.007244566,25.65817
9.645638,0.00706283,25.70431
9.659673,0.00726926,25.84979
9.675482,0.00734619,25.92587
9.688917,0.007466842,26.06878
9.702584,0.007588564,26.14301
9.724992,0.007827424,26.25543
9.741276,0.007559392,26.39915
9.759122,0.00719601,26.56759
9.774449,0.007229328,26.69679
9.79065,0.007479905,26.87486
9.807155,0.007508598,26.88517
9.824865,0.006841869,27.10177
9.841013,0.006325582,27.35301
9.859106,0.006152368,27.53142
9.875701,0.005990614,27.64049
9.889707,0.006121084,27.75234
9.902707,0.0053263,28.10191
9.922305,0.004693991,28.64025
9.93777,0.004643062,28.75714
9.950208,0.00660386,29.12794
9.965014,0.007327188,29.40659
9.98102,0.007584698,29.6285
9.99574,0.00723552,29.98915
10.00961,0.007369546,30.11299
10.02317,0.007209725,30.51572
10.03782,0.007189516,30.65333
10.05065,0.008587616,30.34577
10.06471,0.008567344,30.93277
10.07964,0.009390754,31.18278
10.09368,0.008652491,31.80491
10.10771,0.009391073,32.06441
10.12566,0.009928336,33.14989
10.14025,0.01014452,32.83177
10.15452,0.009837177,33.39603
10.16913,0.01064505,33.97966
10.183,0.01006589,34.19566
10.19884,0.01023764,34.4796
10.21398,0.009944676,35.0018
10.22845,0.009886836,35.23709
10.24272,0.009367493,35.71835
10.25652,0.009180669,35.97763
10.27019,0.009901396,36.19007
10.28438,0.01016328,36.83755
10.30305,0.01065953,37.11928
10.31854,0.01178456,37.67237
10.34473,0.01084504,38.21539
10.35864,0.01218069,38.7776
10.37672,0.01196169,39.06197
10.38978,0.01178965,39.52864
10.40441,0.01126339,39.9549
10.41783,0.0107088,40.29454
10.4324,0.01042973,41.01599
10.44712,0.01020961,41.77749
10.46703,0.0113139,42.16644
10.48172,0.01063322,42.89432
10.49629,0.01219526,43.50171
10.51037,0.01212322,43.72846
10.52531,0.01190009,44.72292
10.54468,0.01338072,45.3334
10.55872,0.01296504,45.73246
10.57367,0.01278348,46.56763
10.58788,0.01207114,46.97655
10.60188,0.01114019,47.77518
10.61853,0.01182443,48.3637
10.6309,0.0116898,48.88227
10.64678,0.01316674,49.15689
10.6626,0.01346623,49.61836
10.67818,0.01581805,50.6157
10.69221,0.01467176,50.28181
10.7091,0.01673036,50.67916
10.72399,0.01954251,50.84362
10.73816,0.02076281,51.2148
10.75723,0.02043635,51.57358
10.77277,0.02310958,51.26205
10.78718,0.0231783,52.08003
10.8022,0.02451113,51.97063
10.81851,0.02385569,52.4197
10.83261,0.02382371,52.68636
10.84699,0.0239457,52.8366
10.86132,0.02324441,53.22722
10.8753,0.02327229,53.34985
10.88995,0.02328007,53.59361
10.90684,0.02524325,53.13144
10.92311,0.02430947,53.7369
10.9369,0.02446192,53.84964
10.9518,0.02447642,53.94742
10.97047,0.02508369,54.12284
10.98414,0.02518978,54.30809
10.99896,0.02498984,54.42438
11.014,0.02477721,54.70137
11.02905,0.02459245,54.83733
11.04287,0.02469391,55.09956
11.05689,0.02489408,55.39083
11.07107,0.02543707,55.46023
11.08646,0.02540411,34.39758
11.10176,0.02480817,33.90765
11.11627,0.02328414,33.5166
11.13103,0.02304334,33.17929
11.14447,0.02225817,32.79376
11.15932,0.02334736,32.08703
11.17866,0.02181814,32.15999
11.19505,0.02131928,31.69637
11.21189,0.02139199,31.37516
11.22722,0.02147663,31.18333
11.24212,0.02104764,30.813
11.25695,0.02051471,30.60931
11.27168,0.02089764,30.19404
11.28618,0.02059902,29.96743
11.30029,0.02050847,29.76157
11.3157,0.02106937,29.25343
11.33011,0.02135239,28.89619
11.35281,0.02187926,28.31056
11.37587,0.02248438,27.74874
11.40185,0.02288835,27.37136
11.41421,0.02362962,27.09491
11.4299,0.02374241,26.58988
11.44474,0.02395171,26.32056
11.45913,0.02351904,26.15693
11.47303,0.02416598,25.80186
11.48764,0.0248815,25.50891
11.5011,0.02505126,25.34404
11.51612,0.02582218,24.84902
11.53096,0.02553755,24.87446
11.54503,0.02638542,24.63082
11.55974,0.02726858,24.27927
11.57374,0.02718061,24.31333
11.58684,0.02736536,24.1738
11.60989,0.02805369,23.81772
11.62296,0.02783396,23.48406
11.63637,0.02821427,23.47439
11.64888,0.0284015,23.36485
11.66386,0.02862376,23.01431
11.67852,0.02880675,22.91809
11.69139,0.02893451,22.72141
11.70468,0.02924432,22.39253
11.71996,0.02994834,21.99787
11.73306,0.02998762,22.00772
11.7464,0.0302829,21.83475
11.75983,0.03043507,21.66343
11.7732,0.03055751,21.38168
11.78601,0.03082074,21.13868
11.79932,0.03019702,20.9166
11.81779,0.03028982,20.24731
11.83114,0.03014355,20.40117
11.84678,0.0289615,71.27607
11.86142,0.02867104,71.13953
11.87569,0.0286301,71.72253
11.88855,0.02968988,71.71463
11.90778,0.02891708,71.84779
11.92324,0.02946364,71.99003
11.93786,0.03035143,72.43945
11.95286,0.02960238,19.04877
11.96662,0.02994857,18.71651
11.9802,0.03003509,18.52898
11.9935,0.02928964,18.5468
12.0075,0.0287152,18.44526
12.02466,0.02887308,18.35026
12.03886,0.02863338,18.26324
12.05258,0.02850062,18.20006
12.06531,0.02805704,18.12084
12.07939,0.02791626,18.10621
12.09392,0.02763714,18.04578
12.10779,0.02739931,18.02334
12.12092,0.0269834,18.02074
12.13434,0.02612174,17.98089
12.1481,0.02557128,17.91507
12.16226,0.02442416,18.01903
12.17732,0.02316935,18.03696
12.19152,0.02191944,18.00811
12.20536,0.02011584,18.00886
12.22176,0.01924399,18.05486
12.24139,0.01784883,18.06716
12.25651,0.0170251,18.0415
12.27202,0.01617022,18.06698
12.28736,0.01560061,18.07426
12.30178,0.01525474,18.06782
12.31555,0.01470119,18.08865
12.33136,0.01421678,18.10425
12.34664,0.01339075,18.13836
12.36257,0.01237359,18.1039
12.37999,0.01193225,18.12162
12.3953,0.01134881,18.09797
12.40993,0.01109916,18.08182
12.42484,0.01060692,18.03687
12.44387,0.009792133,17.96023
12.45822,0.009539838,17.92574
12.47283,0.008707915,17.89922
12.48809,0.00689203,17.66692
12.50355,0.005775515,17.81381
12.51784,0.004597345,17.68776
12.53138,0.004405926,17.78209
12.54689,0.004456758,17.76588
12.56105,0.004608622,17.71415
12.57605,0.004918492,17.7847
12.5898,0.005262725,17.72224
12.60345,0.005507618,17.75966
12.61838,0.006302641,17.71925
12.63506,0.006272592,17.62057
12.65433,0.007154763,17.65857
12.66885,0.007439639,17.63766
12.6856,0.008056824,17.58722
12.71383,0.008362827,17.58887
12.73807,0.00854694,17.5216
12.75969,0.008540099,17.51845
12.78119,0.008452971,17.50753
12.80376,0.008165304,17.49575
12.82731,0.008118729,17.47377
12.84994,0.00808089,17.449
12.87714,0.008475337,17.49089
12.91366,0.008355441,17.37534
12.96335,0.007621875,17.51457
13.0122,0.007602414,17.58534
13.05334,0.00772381,17.70824
13.09478,0.007446919,17.77718
13.13354,0.006967317,17.95229
13.17455,0.006339914,18.03832
13.21773,0.005759257,18.29881
13.26163,0.005615557,18.42199
13.30774,0.004938119,18.62152
13.35404,0.004448983,18.7594
13.39392,0.00435774,18.84151
13.40839,0.00409539,18.94464
13.44536,0.004030665,19.00285
13.45865,0.004041492,19.09482
13.49452,0.003986874,19.14786
13.51225,0.003916414,19.25928
13.55631,0.003746664,19.40653
13.59373,0.003658624,19.53363
13.63231,0.003794434,19.71008
13.67204,0.004721537,19.90083
13.7066,0.005194924,20.10633
13.7515,0.0051939,20.32648
13.7619,0.005172397,20.47833
13.7758,0.004955817,21.08866
13.81716,0.004952405,21.24626
13.83255,0.004868186,21.51817
13.87211,0.004482034,21.93843
13.91208,0.004396241,22.06792
13.92984,0.004398635,22.36289
13.94217,0.004552494,22.64458
13.95769,0.004626627,22.87324
13.97366,0.004809173,22.91915
13.98873,0.005304332,23.08764
14.00216,0.005111896,23.14218
14.01592,0.005178042,23.2639
14.03445,0.004877221,24.04563
14.0476,0.005532531,23.65326
14.06168,0.005590207,23.99509
14.0761,0.005470604,24.17722
14.08901,0.005031724,24.74403
14.10372,0.005323533,24.63165
14.11792,0.004905377,25.00104
14.13568,0.005101807,25.07265
14.14997,0.004742419,25.45149
14.16384,0.00454505,25.77402
14.17905,0.004657497,25.85585
14.19513,0.00419648,26.46753
14.20853,0.004088997,26.72045
14.22222,0.004093272,26.93708
14.238,0.004005866,27.18206
14.25132,0.003917125,27.43436
14.26437,0.003833843,27.92081
14.27866,0.00378009,28.14454
14.29312,0.003694627,28.59438
14.30702,0.003671428,28.85746
14.31992,0.003746393,29.14753
14.33713,0.003887889,30.02326
14.35055,0.004047103,30.31112
14.3646,0.004440796,30.8901
14.38157,0.004720552,31.10487
14.3953,0.005240521,31.49652
14.40983,0.005742519,32.34142
14.42604,0.007062329,34.06794
14.43981,0.006337441,33.35846
14.45401,0.006814092,34.01342
14.46845,0.006612301,33.85054
14.48333,0.006970635,34.48764
14.49642,0.007205617,34.95515
14.51028,0.0074946,35.50493
14.52467,0.007610187,36.52841
14.5436,0.007835065,37.32472
14.5577,0.007925943,33.66868
14.57241,0.007642645,33.61532
14.58593,0.007351662,33.32761
14.60042,0.007287819,32.97441
14.61416,0.006969726,32.14978
14.62822,0.0067739,31.73286
14.64231,0.006615044,31.35485
14.65543,0.006304389,30.73099
14.66946,0.0059771,30.48699
14.68424,0.005562,30.03315
14.69743,0.00553531,29.79667
14.71159,0.004630111,29.15228
14.72662,0.0033871,27.68433
14.74659,0.002735299,28.19187
14.76056,0.002028219,27.10853
14.7753,0.002744866,27.47118
14.79005,0.00325821,27.02508
14.80481,0.00406993,26.77036
14.81899,0.004434482,26.52246
14.83321,0.005372783,26.0689
14.84743,0.005957288,25.68888
14.86206,0.006080676,25.41012
14.87982,0.006232143,25.12624
14.89367,0.006397565,24.42083
14.90825,0.007154644,24.05763
14.92304,0.00748525,23.45808
14.93675,0.007546372,23.07413
14.95493,0.008101508,22.72653
14.96888,0.008066489,22.46913
14.98532,0.008245903,21.87622
15.00114,0.008761886,21.55466
15.01501,0.00924295,21.07998
15.02886,0.009341932,20.88733
15.04343,0.009169464,20.53751
15.05717,0.009205858,20.22551
15.07114,0.009721588,19.98461
15.08416,0.009943222,19.52952
15.09792,0.01035184,19.14767
15.11249,0.01112408,18.97399
15.12578,0.01199858,18.55169
15.13929,0.01224201,18.03593
15.15791,0.01275888,17.87081
15.17093,0.01319023,17.57694
15.1855,0.01368706,17.30505
15.20082,0.01367093,17.10629
15.21387,0.01392636,16.93085
15.22998,0.01405735,16.83483
15.24481,0.0139569,16.58339
15.25866,0.01386915,16.42012
15.27272,0.01412403,16.11842
15.28666,0.01412942,16.02863
15.30553,0.01386659,15.89351
15.31923,0.01392221,15.82845
15.33373,0.01366603,15.6931
15.34738,0.01348909,15.61176
15.36569,0.01319701,15.43606
15.37893,0.01301402,15.29255
15.39874,0.01287715,15.25307
15.41256,0.01251669,15.23279
15.42813,0.0123124,15.25691
15.44223,0.01200463,15.30162
15.45603,0.01173043,15.20375
15.4696,0.01161802,15.21847
15.48501,0.01137376,15.063
15.49963,0.01122233,15.0853
15.51343,0.01092844,15.04129
15.52732,0.01072928,15.03388
15.54142,0.01090235,15.06398
15.55462,0.01040529,15.06069
15.57571,0.01030816,15.09292
15.58902,0.01067442,15.1314
15.60297,0.01035623,15.11779
15.61731,0.01019991,15.12473
15.63099,0.009914214,15.23245
15.64524,0.009703238,15.17835
15.65923,0.009483116,15.23273
15.67323,0.009233202,15.2906
15.68775,0.008971734,15.33887
15.70188,0.008886249,15.39399
15.7162,0.008599615,15.38859
15.7299,0.008440643,15.39342
15.74489,0.008074233,15.38782
15.75862,0.007884621,15.42191
15.77829,0.007460969,15.40434
15.79221,0.00700702,15.36567
15.80715,0.006828168,15.36787
15.82095,0.006638509,15.35601
15.83576,0.006529771,15.39875
15.8497,0.006067081,15.68891
15.864,0.006264174,15.37909
15.87778,0.006163952,15.38893
15.89214,0.005829233,15.40661
15.90701,0.00560193,15.65538
15.92138,0.005706396,15.48801
15.93553,0.005487673,15.52706
15.9499,0.005619249,15.56885
15.96406,0.005423883,15.6814
15.98451,0.005001443,15.73587
16.00015,0.004915649,15.82002
16.01726,0.004782826,15.87161
16.03339,0.004820967,15.95976
16.04729,0.004812499,16.01065
16.06162,0.004711003,16.05319
16.07545,0.004557019,16.18878
16.08994,0.004479229,16.25803
16.10592,0.004340976,16.3985
16.11932,0.004236908,16.47235
16.1338,0.003980704,16.62103
16.1484,0.003884217,16.69899
16.16378,0.003709827,16.84504
16.17769,0.003694962,16.95152
16.19843,0.003250833,17.1044
16.21465,0.003710458,17.34199
16.22931,0.003984412,17.36961
16.24561,0.005015815,17.64404
16.26159,0.005130001,17.62001
16.27483,0.005372835,17.60869
16.28816,0.005638711,17.71832
16.30144,0.004949496,18.19087
16.31561,0.005603319,17.88109
16.32934,0.005716495,17.94951
16.34351,0.006091841,18.07463
16.35699,0.006424114,18.18511
16.37031,0.006521337,18.12646
16.38416,0.006786298,18.35064
16.40511,0.007006297,18.51026
16.41851,0.007112137,18.61951
16.43296,0.007002031,18.62656
16.44597,0.006962808,18.79043
16.46019,0.006857644,18.86742
16.47426,0.00667696,19.02472
16.48826,0.006587407,19.10874
16.50178,0.0064738,19.21271
16.51526,0.006353388,19.36413
16.52953,0.006522036,19.49116
16.54216,0.006847044,19.62435
16.55555,0.006965319,19.68682
16.57002,0.006879231,19.68097
16.58381,0.006942296,19.8309
16.59751,0.00697647,19.8613
16.6206,0.00666732,20.08152
16.63496,0.007312777,20.04943
16.64927,0.007383056,20.19049
16.66299,0.007123208,20.18896
16.6771,0.006917409,20.34288
16.69188,0.007042902,20.36068
16.70486,0.007122411,20.42384
16.71978,0.007855702,20.52121
16.7406,0.00793879,20.59582
16.75379,0.008075172,20.75076
16.76911,0.008181226,20.84405
16.78214,0.008147911,20.93433
16.79555,0.008211269,21.12411
16.80857,0.008150958,21.22064
16.82616,0.008251451,21.44577
16.83889,0.008185119,21.55807
16.85447,0.00829481,21.8066
16.86775,0.008250072,21.91906
16.88233,0.008272277,22.13077
16.89698,0.008195731,22.2296
16.9108,0.008164475,22.34146
16.92401,0.008689335,22.58396
16.93762,0.009782716,22.76322
16.95083,0.01032573,22.44813
16.96423,0.00993106,23.14266
16.97732,0.0114005,23.49863
16.99096,0.01135551,23.4171
17.00457,0.01219428,23.80925
17.01816,0.01332036,24.01512
17.03993,0.0137432,24.03645
17.05246,0.01492003,24.30859
17.06639,0.01673355,24.49674
17.08021,0.01749426,24.69507
17.09408,0.01822163,25.00592
17.10819,0.01930902,25.20314