1.135204,0.01434416,11.40393
1.143524,0.01402307,11.38711
1.160012,0.013881,11.37972
1.176106,0.01361096,11.36481
1.190556,0.01345886,11.356
1.206879,0.0131028,11.29163
1.221721,0.01269056,11.2703
1.236637,0.01249747,11.26289
1.259611,0.01210974,11.24912
1.271991,0.01171618,11.20115
1.287137,0.01149741,11.19336
1.303051,0.01102895,11.17591
1.319281,0.01081831,11.16938
1.334191,0.01042463,11.16139
1.353584,0.01011306,11.15768
1.368227,0.009953049,11.11987
1.382997,0.00958052,11.11028
1.397622,0.009379962,11.10543
1.412435,0.009187295,11.10076
1.42713,0.008826026,11.0913
1.442521,0.008480385,11.08322
1.466802,0.008075412,11.07605
1.48039,0.007862877,11.07405
1.495479,0.007493524,11.07512
1.511555,0.00735215,11.07988
1.526641,0.007128055,11.11386
1.541747,0.007021107,11.14106
1.55678,0.006786147,11.16939
1.571975,0.006663028,11.5028
1.588725,0.00644927,11.16458
1.603814,0.00628224,10.82337
1.619502,0.006217168,10.51068
1.634982,0.00609294,10.16669
1.650393,0.006053458,9.863663
1.6725,0.006032427,9.533206
1.684628,0.006069312,8.917974
1.700306,0.00607162,8.920991
1.716512,0.006026357,8.270231
1.732209,0.005987448,7.946508
1.7479,0.005968697,7.951891
1.76273,0.005996793,7.955518
1.778309,0.006091317,7.641184
1.793678,0.006151788,7.64868
1.812076,0.006179167,7.6524
1.829114,0.006227145,7.70915
1.844478,0.006250167,7.390801
1.860051,0.006253194,7.07041
1.880687,0.006191825,7.006839
1.893955,0.00616388,7.003507
1.909349,0.006137786,6.996557
1.924969,0.006142737,6.991958
1.940553,0.006083266,6.91628
1.955384,0.00604934,6.906404
1.97049,0.006030105,6.890538
1.985793,0.006106648,6.566293
2.001318,0.006155941,6.56238
2.01645,0.006183401,6.239888
2.031583,0.006146531,6.233286
2.046247,0.006036551,6.21899
2.061414,0.005981377,6.209651
2.082343,0.005927103,6.1258
2.09517,0.005917825,6.115454
2.110981,0.005893247,6.097797
2.126614,0.005875775,6.089336
2.141707,0.005822416,6.077799
2.158233,0.005764941,6.064044
2.172681,0.005731918,6.057381
2.189553,0.005586943,6.038678
2.205888,0.005507618,6.029159
2.22133,0.005355682,6.010369
2.23653,0.005311462,6.001688
2.252029,0.005201093,5.984712
2.267198,0.005126582,5.975665
2.289232,0.004934852,5.955983
2.305584,0.004740348,5.926123
2.324557,0.004715355,5.915728
2.339836,0.004641926,5.829446
2.355651,0.004554986,5.502708
2.371406,0.004326141,5.407874
2.386015,0.004250821,5.394631
2.401367,0.004182973,5.370603
2.416222,0.004190397,5.361803
2.430795,0.00412095,5.338398
2.445454,0.004046277,5.324211
2.460569,0.003838064,5.290688
2.475509,0.003744963,5.274404
2.496348,0.003603564,5.24146
2.509885,0.003552522,5.227273
2.5236,0.003437009,5.197537
2.538788,0.003269676,5.165205
2.55583,0.003165438,5.147917
2.571712,0.002989021,5.116803
2.586475,0.002919378,5.104535
2.601734,0.002807119,5.084999
2.616491,0.002746148,5.037423
2.631815,0.002611197,5.021842
2.647048,0.002534918,5.012313
2.662555,0.00236286,4.992574
2.677066,0.002292295,4.981653
2.701232,0.002187216,4.954996
2.715117,0.002185457,4.948389
2.733101,0.002207235,4.940147
2.749038,0.002243677,4.935624
2.764234,0.002304708,4.930739
2.778987,0.002351819,4.930541
2.794395,0.002452214,4.93614
2.80878,0.002508356,4.954799
2.824189,0.002642722,4.958158
2.844582,0.002907838,4.952386
2.859262,0.003064976,4.934235
2.87382,0.003372866,4.902169
2.887887,0.003488743,4.892688
2.911998,0.003632251,4.88034
2.925174,0.003755067,4.861396
2.940707,0.003807742,4.848887
2.95592,0.003991157,4.815929
2.972183,0.004184514,4.783317
2.987343,0.00424102,4.772247
3.001953,0.004272332,4.771836
3.017446,0.004246205,4.433101
3.032632,0.004243574,4.445631
3.047187,0.004275758,4.773683
3.062178,0.004472864,5.083226
3.077241,0.004580009,5.070916
3.092552,0.004656662,5.060202
3.113484,0.004700276,5.049
3.126165,0.00458477,5.05474
3.141339,0.004530352,5.0566
3.158137,0.004520154,5.383504
3.172276,0.004569259,5.707774
3.187884,0.004599884,5.70128
3.202158,0.004614457,5.697428
3.216657,0.004629595,5.694504
3.231466,0.004658249,5.690097
3.246032,0.004745229,5.675611
3.264906,0.004886968,5.636873
3.279371,0.004954089,5.629358
3.294349,0.005065047,5.640974
3.315397,0.005164423,6.021741
3.328151,0.005203824,6.091879
3.344378,0.005311513,6.12612
3.359708,0.005395622,6.446494
3.375258,0.005568412,6.432242
3.389612,0.00564312,6.42596
3.404217,0.005700537,6.421075
3.418823,0.005804024,6.414813
3.433524,0.005863841,6.41148
3.44834,0.006013828,6.404564
3.46307,0.006188661,6.748722
3.479352,0.006259258,6.746542
3.493705,0.00632092,6.744536
3.508755,0.006449035,6.742064
3.530448,0.006590308,6.743372
3.544108,0.00667316,6.742965
3.559191,0.006866569,6.741918
3.574054,0.006951098,7.075235
3.588949,0.007169888,7.077176
3.603561,0.007306577,7.111713
3.618069,0.007566732,7.111796
3.634498,0.007679052,7.148362
3.650018,0.007863201,7.186162
3.664739,0.007957621,7.185971
3.679327,0.008183656,7.226509
3.697246,0.008455151,7.269008
3.71188,0.008566857,7.267794
3.732533,0.008758863,7.264472
3.744811,0.008850241,7.262609
3.760172,0.009020218,7.590213
3.775038,0.009108425,7.920181
3.790114,0.009305397,7.921444
3.80465,0.009400829,7.919734
3.819499,0.009590626,7.917305
3.833768,0.009683466,7.917281
3.849042,0.009775701,8.333383
3.865792,0.009777451,9.383996
3.882178,0.009770277,9.707902
3.897974,0.009763877,10.02517
3.912507,0.009773993,10.01799
3.933441,0.009773248,10.05203
3.946713,0.00974106,10.42275
3.961762,0.009638641,10.84451
3.977096,0.009590472,11.21656
3.992096,0.009539076,12.27755
4.006917,0.009503949,12.70219
4.021873,0.009380348,13.31863
4.037461,0.009299517,13.83204
4.052846,0.009143102,14.14426
4.067578,0.009076853,14.31839
4.082166,0.00892409,14.91044
4.096919,0.008843862,15.03646
4.111271,0.008649158,16.06007
4.125701,0.008553731,16.21824
4.146685,0.008394621,16.83757
4.161674,0.008275303,17.39873
4.177111,0.00817167,17.63716
4.198448,0.008123562,17.77416
4.213019,0.008042804,18.16411
4.226952,0.00801838,18.31573
4.240905,0.00798849,18.259
4.25503,0.00798097,18.40544
4.268548,0.007969803,18.41567
4.284554,0.007950833,18.74283
4.299274,0.007952697,19.05477
4.313666,0.007971474,19.64922
4.327804,0.007992294,19.67806
4.347497,0.008010984,19.5907
4.360837,0.008010984,19.5907
4.375139,0.008010984,19.5907
4.388907,0.008010984,19.5907
4.403209,0.008010984,19.5907
4.416176,0.008152967,20.09186
4.430566,0.008142016,20.09541
4.444534,0.008121789,20.34927
4.458196,0.008116118,20.61319
4.472722,0.00808095,20.97507
4.486452,0.008067668,20.98166
4.500118,0.008051553,20.9832
4.514506,0.008009907,21.25528
4.528529,0.007976497,21.35055
4.548567,0.007913786,22.07564
4.561279,0.007875846,22.44509
4.576727,0.00781339,23.1119
4.592918,0.007731123,23.43964
4.607224,0.007695768,23.81297
4.622554,0.00763135,24.1208
4.637987,0.007613068,24.41093
4.654981,0.007587214,25.10361
4.668355,0.007585888,25.51264
4.682828,0.007567813,25.89392
4.699505,0.007548182,26.05805
4.71405,0.007509,26.01855
4.728164,0.007502012,26.2556
4.741729,0.007497645,26.14727
4.761527,0.007482998,26.17187
4.774801,0.007429611,26.66886
4.788067,0.007395071,26.6593
4.802586,0.007320389,26.78674
4.817171,0.007279352,26.76643
4.831089,0.007235515,26.74083
4.845482,0.007161489,26.66007
4.859311,0.007126343,26.60519
4.872966,0.007100519,26.89653
4.891685,0.007092297,27.15051
4.90828,0.007089152,27.14348
4.921727,0.007074988,27.14017
4.935376,0.007043866,27.14214
4.949822,0.007023134,27.14217
4.970434,0.006995747,27.14936
4.982873,0.006998638,27.15305
4.997662,0.007015544,27.14884
5.012172,0.007024053,27.21367
5.026027,0.007010283,27.2152
5.04002,0.007013964,27.4709
5.053239,0.007015956,27.38401
5.06705,0.007096226,27.63385
5.082355,0.007144819,27.63116
5.10209,0.007239478,27.62645
5.11622,0.007300447,27.87735
5.129974,0.007341328,27.8724
5.14506,0.007440414,28.13051
5.160387,0.007497709,28.19635
5.182511,0.007592207,28.54826
5.196563,0.007644671,28.90597
5.212306,0.007640735,29.25913
5.226624,0.00764328,29.70881
5.241174,0.00767364,30.06064
5.255291,0.007729914,30.15161
5.26964,0.007838588,30.34174
5.283939,0.007874375,30.349
5.299206,0.007896408,30.79748
5.313468,0.007887458,31.12263
5.327076,0.007850064,31.99109
5.341362,0.007824745,32.003
5.354894,0.007801283,32.35686
5.367733,0.007749463,32.89336
5.387097,0.007707151,33.17234
5.400465,0.007670222,33.58875
5.414869,0.007627194,34.11621
5.429284,0.007519909,34.66174
5.443711,0.00748176,34.93768
5.461393,0.007477107,35.23215
5.481137,0.007529839,35.52584
5.494049,0.007606719,35.6103
5.507967,0.007749999,35.64098
5.522185,0.007798811,35.9178
5.535651,0.007859241,35.92997
5.549887,0.00797783,36.2828
5.564863,0.008035321,36.55827
5.578564,0.008141765,36.99892
5.59672,0.008182313,37.42674
5.609587,0.008297225,37.53574
5.625859,0.008370169,37.96145
5.640578,0.008500833,38.93469
5.656524,0.008544615,39.29771
5.670292,0.008617465,39.7669
5.685079,0.008686346,40.16435
5.702534,0.00874722,40.45089
5.716366,0.008805089,40.40414
5.730186,0.008907232,41.0536
5.744362,0.008903587,41.60836
5.758497,0.008865909,41.90443
5.772444,0.008717595,42.76563
5.786846,0.008646509,43.06466
5.807006,0.008581716,43.38683
5.819812,0.008556997,43.70615
5.833527,0.008534385,44.00069
5.84854,0.008491511,44.298
5.862589,0.008351769,45.1604
5.876153,0.008283447,45.72547
5.890849,0.008020598,43.68642
5.904761,0.007780942,43.31292
5.923241,0.007354809,42.7929
5.936695,0.007164893,42.56113
5.950938,0.006988062,42.2672
5.965608,0.00667523,41.68297
5.979711,0.00650066,41.30999
5.992989,0.00611212,40.65383
6.017897,0.005710667,40.00353
6.029758,0.005512903,39.3764
6.043669,0.005154438,38.57938
6.059975,0.005007484,38.41117
6.074089,0.004744657,37.72887
6.08805,0.004601894,37.35447
6.101959,0.004312504,36.78168
6.116485,0.004158813,36.40332
6.130902,0.004036005,36.11457
6.144906,0.003836817,35.18777
6.160228,0.003764375,34.89665
6.174181,0.003630774,34.56995
6.188209,0.00355573,34.52979
6.204543,0.003407817,34.1396
6.22255,0.00330974,32.95055
6.236619,0.00329486,32.36267
6.251146,0.003293047,31.32477
6.265625,0.003254455,31.03571
6.281074,0.003176227,30.87988
6.295101,0.002986621,30.59734
6.308814,0.002912053,30.36672
6.322886,0.002841193,29.8792
6.336511,0.002812101,29.85045
6.350461,0.002778899,29.64211
6.365947,0.002673202,29.37357
6.380428,0.002624549,29.24658
6.394611,0.002579628,29.03544
6.408956,0.00259381,28.86135
6.427886,0.002602227,28.57461
6.442429,0.002591267,28.21119
6.456249,0.00252906,27.63138
6.470294,0.002482214,27.33785
6.484373,0.002397051,27.06736
6.499528,0.002379675,26.70161
6.513839,0.002354649,26.44393
6.527677,0.002289695,26.14973
6.541907,0.002267459,25.99617
6.556495,0.002223719,25.69076
6.569661,0.002209376,25.31574
6.583262,0.002248074,24.88345
6.598473,0.002281081,24.71801
6.613844,0.002342461,24.04944
6.633973,0.002350543,23.78718
6.647693,0.002337433,23.29146
6.662682,0.002322091,23.1818
6.67765,0.00230518,23.00845
6.691986,0.002311829,22.92273
6.708459,0.002317899,22.70685
6.722548,0.002314829,22.70465
6.736864,0.002267489,22.48736
6.752908,0.002234718,22.48561
6.767386,0.002180207,22.35731
6.781659,0.002164086,22.23461
6.795968,0.002135125,22.109
6.809384,0.002157686,21.89202
6.823521,0.002191305,21.88655
6.842445,0.002271963,21.66092
6.856068,0.002239877,68.6006
6.870209,0.00219689,68.60868
6.88347,0.002136981,68.85712
6.898794,0.001987702,69.1203
6.918008,0.001925284,69.38013
6.93283,0.001924334,69.38948
6.950046,0.001946802,69.40824
6.965905,0.001945377,69.65842
6.980198,0.00188475,69.92033
6.994576,0.001854743,69.93085
7.008954,0.001820454,70.18905
7.022701,0.00184468,70.19756
7.036879,0.001877376,70.20676
7.055277,0.002005086,70.44572
7.070229,0.002189078,70.98732
7.084105,0.002272907,71.24495
7.098835,0.002424641,71.54053
7.113425,0.002507691,71.79523
7.127319,0.002761005,18.79726
7.141382,0.002846086,18.60492
7.154811,0.002940285,18.41585
7.170404,0.003074444,18.2049
7.183179,0.003112465,18.18052
7.199522,0.003161666,17.8337
7.214729,0.003187305,17.66643
7.228817,0.003246108,17.48089
7.242698,0.003268093,17.46088
7.261912,0.003357268,17.28542
7.274785,0.003404422,17.26364
7.288978,0.003460277,17.24015
7.302669,0.003536565,17.0692
7.316948,0.003557588,16.92393
7.331314,0.003560177,16.88381
7.346148,0.003567798,16.86021
7.361096,0.003618667,16.81221
7.375277,0.003662657,16.78522
7.389962,0.0037726,16.49386
7.403847,0.003826672,16.46
7.417175,0.00388661,16.31787
7.431274,0.003958232,16.24486
7.446226,0.003982968,16.21127
7.465083,0.00404509,15.98456
7.478797,0.004145743,15.797
7.49561,0.004199125,15.74819
7.509651,0.00424772,15.69286
7.52458,0.004269517,15.65056
7.540205,0.004184183,15.55221
7.554666,0.004133543,15.66191
7.568905,0.004092788,15.76917
7.583629,0.003969727,15.57861
7.599723,0.003899334,15.68949
7.614265,0.003750086,15.75208
7.62886,0.00370794,15.86542
7.642712,0.003720555,16.09365
7.656301,0.003763116,16.04569
7.676616,0.003826548,16.11556
7.689734,0.003817565,16.0719
7.707401,0.003747916,16.30878
7.722579,0.003659813,16.14878
7.735566,0.003649635,16.19922
7.754167,0.003667003,16.1219
7.76773,0.003689617,16.24594
7.782239,0.00373884,16.16137
7.796747,0.003762433,16.11978
7.811243,0.003792593,16.07447
7.830146,0.003862526,15.93103
7.844049,0.003944192,16.02703
7.857902,0.003987828,16.15955
7.876375,0.00403862,16.09582
7.890678,0.004050375,16.22936
7.904854,0.004054258,16.32205
7.919051,0.004044935,16.46374
7.933919,0.004000299,16.57224
7.947457,0.003967336,16.55244
7.962747,0.003875272,16.51472
7.979759,0.00385691,16.4932
7.993612,0.003928159,16.44408
8.007993,0.003981065,16.41594
8.021746,0.004031832,16.38182
8.035669,0.004097167,16.29652
8.050154,0.0041053,16.36184
8.064851,0.00408908,16.43625
8.084674,0.00416664,16.50662
8.096966,0.004248139,16.6161
8.111649,0.004330154,16.55965
8.127475,0.004482152,16.59836
8.141589,0.004526948,16.68826
8.155779,0.004514025,16.89112
8.170535,0.00448241,16.98951
8.183307,0.004382859,17.19905
8.199725,0.004296092,17.29335
8.213736,0.00412695,17.32036
8.227759,0.004055967,17.41356
8.241936,0.003988532,17.32866
8.255419,0.003947527,17.42212
8.270325,0.003858862,17.42856
8.290867,0.003710937,17.30827
8.304526,0.00361899,17.41645
8.318555,0.003467804,17.46333
8.333671,0.003442241,17.56071
8.348357,0.003510096,17.78984
8.362378,0.003595097,17.91369
8.37738,0.003825642,17.98975
8.390933,0.003979295,17.94984
8.405107,0.004144413,17.91039
8.418739,0.004465655,17.98464
8.431649,0.004612311,18.11666
8.446686,0.004874695,18.22467
8.460661,0.004989879,18.20187
8.475319,0.005088367,18.16941
8.494271,0.005287539,18.12235
8.507358,0.005525395,18.06646
8.521566,0.005655357,18.20386
8.535101,0.005773012,18.17637
8.549818,0.005997821,18.11773
8.563717,0.006087352,18.08985
8.577735,0.006173953,18.04186
8.592188,0.006201702,18.03479
8.606121,0.006233674,18.01434
8.619592,0.006405622,18.11573
8.634074,0.006656184,18.21476
8.653201,0.006775912,18.17181
8.669914,0.007062057,18.10992
8.683168,0.007222593,18.08086
8.705198,0.007528668,18.18102
8.721341,0.007803837,18.26929
8.74005,0.008071387,18.51558
8.754325,0.008223065,18.4808
8.767579,0.008497774,18.55602
8.781573,0.008631385,18.67702
8.795632,0.008707562,18.63382
8.809091,0.008768862,18.68404
8.82327,0.00877691,18.64913
8.837346,0.008787838,18.61668
8.851624,0.008800555,18.57083
8.864572,0.008779267,18.54749
8.879514,0.008709659,18.50769
8.893649,0.008665063,18.4907
8.912902,0.008552958,18.62269
8.925818,0.008502091,18.59979
8.9408,0.008473082,18.70364
8.9547,0.008463007,18.83603
8.969339,0.008472877,18.91932
8.984809,0.008508779,18.87678
9.001618,0.008630704,18.78363
9.015113,0.008700575,18.90015
9.029369,0.008779942,19.12096
9.043061,0.00878163,19.40276
9.056706,0.008786631,19.51639
9.070719,0.008813046,19.74205
9.084069,0.008834563,19.85246
9.098719,0.008868075,19.8125
9.117663,0.008851927,19.73448
9.131442,0.008711723,19.65984
9.146244,0.008605693,19.79993
9.161921,0.008340173,19.76366
9.178054,0.008191503,19.75962
9.192855,0.00794345,19.75744
9.210113,0.007789868,19.75512
9.224031,0.007755166,19.75363
9.237828,0.007743442,19.74823
9.252019,0.007742071,19.74038
9.265741,0.007724446,19.71887
9.280505,0.007697793,19.69685
9.294867,0.007675561,19.685
9.308599,0.007663762,19.67025
9.327317,0.007636872,19.80445
9.340544,0.007651057,19.75382
9.354757,0.0076606,19.72787
9.369344,0.007665882,19.70049
9.383189,0.00770162,19.80544
9.397321,0.007719567,19.76936
9.412777,0.007712364,20.0353
9.427743,0.007692014,19.99701
9.442193,0.007640004,20.09405
9.456964,0.007629054,20.0563
9.470943,0.007624436,20.01885
9.483587,0.007603331,20.12464
9.498643,0.007587854,20.09794
9.512913,0.00756804,20.0442
9.532227,0.00755874,20.02082
9.545101,0.007497803,20.15354
9.559562,0.007446042,20.1396
9.573524,0.007381292,20.2899
9.587792,0.007228354,20.42735
9.601097,0.007157798,20.41534
9.615768,0.007034437,20.39571
9.636022,0.006951652,20.3735
9.650164,0.006934065,20.36765
9.665406,0.006932257,20.49963
9.679052,0.00694221,20.4826
9.693061,0.006953999,20.46817
9.709492,0.006984083,20.44064
9.723618,0.006954119,20.5876
9.741531,0.006927319,20.57456
9.755401,0.006878804,20.88323
9.770172,0.006858536,21.03773
9.784284,0.006802252,21.0097
9.798649,0.006750813,20.99788
9.813014,0.006676839,20.98823
9.826554,0.006484623,21.12897
9.840836,0.006419369,21.10771
9.855237,0.00636805,21.39286
9.869113,0.006374424,21.36607
9.882845,0.006376953,21.50754
9.898155,0.006356122,21.44758
9.911813,0.006339699,21.41699
9.926377,0.006294769,21.7005
9.945853,0.006268833,21.80988
9.958918,0.006259943,21.95019
9.97287,0.00622787,21.92575
9.987621,0.00611217,21.89115
10.00173,0.006016256,21.87759
10.0193,0.005846184,21.85663
10.03436,0.005790066,22.01637
10.04979,0.005699018,22.17001
10.06285,0.005654501,22.16373
10.0773,0.005517128,22.14492
10.09083,0.005446902,22.1313
10.1044,0.00539159,22.11776
10.11818,0.005377256,22.25316
10.13158,0.005390867,22.23494
10.15175,0.005401686,22.36094
10.16713,0.005342574,22.48582
10.18192,0.005289215,22.46654
10.19919,0.005170524,22.43772
10.21371,0.00511659,22.42693
10.22786,0.005014549,22.58324
10.24201,0.004940335,22.58076
10.25601,0.004854502,22.57946
10.27012,0.00466121,22.57686
10.28446,0.004570766,22.5744
10.29974,0.004468074,22.56492
10.31321,0.004455769,22.55676
10.32697,0.004449001,22.54978
10.34106,0.004421412,22.70312
10.36051,0.004408538,22.68246
10.37296,0.004414697,22.83829
10.3883,0.004482137,22.97262
10.40332,0.0045138,22.95342
10.41684,0.004540308,23.1004
10.43193,0.004533869,23.06023
10.44663,0.004517949,23.04032
10.46095,0.004510238,23.17367
10.47455,0.004526031,23.15859
10.48868,0.004557151,23.14537
10.50229,0.004562066,23.11609
10.51588,0.004552019,23.10702
10.53108,0.004490414,23.10026
10.55153,0.004438624,23.07184
10.56972,0.004384826,23.06788
10.58338,0.004355622,23.07945
10.59825,0.004218771,23.12625
10.61505,0.00413815,23.16549
10.62981,0.004001019,23.26573
10.64376,0.003964301,23.32439
10.65847,0.003992855,23.49487
10.6747,0.004027849,23.54634
10.68973,0.004147718,23.74368
10.70471,0.004196885,24.04509
10.72176,0.004262341,24.43824
10.73557,0.004273181,24.59404
10.74897,0.004269101,24.69942
10.76307,0.004231218,25.11003
10.78199,0.004139067,25.67703
10.79501,0.004127104,25.91675
10.80922,0.004129353,26.66515
10.82402,0.004141379,26.8104
10.84064,0.004163072,27.32031
10.85578,0.004152155,27.46628
10.86936,0.004086539,27.64629
10.88331,0.003938796,28.23777
10.897,0.003882684,28.62725
10.91103,0.003794419,29.35777
10.92564,0.003762401,29.63435
10.93987,0.003742532,29.78058
10.95346,0.003646325,30.48178
10.96752,0.003569532,30.94619
10.9876,0.003334087,31.6989
11.00113,0.003112716,32.44485
11.01796,0.003040227,32.72968
11.03282,0.002900844,33.01297
11.05138,0.002689189,33.15134
11.06644,0.00254664,33.29179
11.08083,0.002388989,33.28812
11.09511,0.002106677,33.56828
11.10973,0.001989432,33.56494
11.12371,0.001864499,33.70083
11.13764,0.001849968,33.98446
11.15182,0.00184547,34.40873
11.16665,0.001835892,34.69463
11.18141,0.001814178,34.98189
11.20456,0.001688672,35.416
11.21776,0.001656463,35.41545
11.23213,0.0016434,35.41442
11.2458,0.001626563,35.41134
11.26112,0.001603449,35.55515
11.27483,0.001543348,35.69892
11.28893,0.0015195,35.6985
11.30266,0.001485404,35.84325
11.31704,0.001407153,35.9864
11.33088,0.001367412,36.13047
11.34529,0.00132877,36.27489
11.35892,0.001309881,36.71141
11.37277,0.00136195,36.85688
11.3862,0.001466989,36.99992
11.40536,0.001485177,37.14128
11.41848,0.001469526,37.13878
11.43247,0.001422315,37.13667
11.4527,0.001359039,37.28302
11.4677,0.00139197,37.62301
11.48204,0.00139197,37.62301
11.49642,0.00139197,37.62301
11.51146,0.00139197,37.62301
11.5252,0.00139197,37.62301
11.53967,0.001419564,37.72536
11.55326,0.001097864,38.1419
11.56765,0.00116638,38.29098
11.58155,0.001200744,38.43829
11.59822,0.001233609,38.56047
11.61735,0.001280118,38.97712
11.63335,0.001356419,39.12379
11.64875,0.001590567,39.68624
11.66476,0.001797008,40.12097
11.68043,0.001865497,40.38725
11.69515,0.001925271,40.94213
11.71095,0.001934967,41.20965
11.72583,0.001947692,41.49765
11.73939,0.002000292,41.91011
11.75333,0.002045443,42.05317
11.76685,0.002133023,42.34118
11.78127,0.002191696,42.60902
11.79486,0.002267731,42.7352
11.80972,0.002438708,43.20303
11.82789,0.002598875,43.81544
11.84249,0.002665335,43.95849
11.85688,0.002785434,44.89715
11.87137,0.002853161,45.368
11.88572,0.002936938,45.69892
11.8996,0.003135831,46.8474
11.91384,0.003246232,47.24908
11.92745,0.003473738,48.20903
11.94176,0.003613868,48.62484
11.95533,0.003770793,48.96776
11.96976,0.004122278,49.72724
11.98325,0.004302759,50.14202
11.99736,0.004697182,50.8236
12.01174,0.004904819,51.23835
12.03153,0.005338069,52.06265
12.0442,0.005570519,52.47361
12.06063,0.006047359,53.30132
12.07882,0.00655872,53.9908
12.09325,0.006827313,54.13095
12.10715,0.007094922,54.4114
12.12174,0.007641666,55.03455
12.13553,0.007896178,55.17427
12.14931,0.008009648,34.70892
12.16514,0.007923716,34.19599
12.18048,0.007724617,33.62164
12.19678,0.007453405,32.79076
12.21276,0.007308146,32.27554
12.23205,0.007023724,31.63404
12.24494,0.006856302,31.31758
12.2607,0.006502445,30.5422
12.27576,0.006308591,30.28569
12.28986,0.005892932,29.89853
12.30464,0.005688516,29.64502
12.31827,0.00546252,29.45309
12.33245,0.004987206,29.19682
12.34558,0.004713204,29.07232
12.3653,0.004068275,28.81979
12.37858,0.003715127,28.69633
12.39285,0.003149391,28.44418
12.40781,0.002895894,28.32043
12.42164,0.002404279,27.93755
12.44146,0.001845812,27.56415
12.45442,0.001536018,27.43689
12.46826,0.001258713,27.06907
12.48264,0.0007402207,26.45383
12.49673,0.0004813384,26.14951
12.51237,0.0003275152,25.47784
12.52697,0.0005616537,25.2353
12.54201,0.00114678,24.46922
12.55566,0.001442791,24.16623
12.56939,0.001752753,23.74586
12.58312,0.002419155,23.27337
12.59747,0.002787686,22.92011
12.61127,0.003175039,22.68704
12.62501,0.003978303,22.21589
12.64428,0.00471531,21.80874
12.65789,0.005068456,21.63245
12.67432,0.005736722,21.28386
12.68885,0.006077534,21.16649
12.70542,0.006758572,20.86936
12.72456,0.00730954,20.34243
12.74289,0.007679868,19.6807
12.76093,0.007949245,19.31825
12.78114,0.008050311,18.77398
12.79744,0.008193219,17.79792
12.81121,0.008236583,17.37034
12.82476,0.008259768,16.1691
12.83888,0.008238867,15.69703
12.85825,0.008223522,14.86796
12.87138,0.008229373,14.51534
12.8856,0.00827597,13.51011
12.90011,0.008295212,13.23336
12.91424,0.008391796,12.56881
12.92911,0.008469292,12.28872
12.94415,0.008739209,11.74023
12.95841,0.008880418,11.42744
12.97476,0.009152448,10.88137
12.98868,0.009265668,10.59392
13.00242,0.009350122,10.04154
13.01633,0.009472315,9.705694
13.02949,0.009502496,9.471208
13.04376,0.009504861,9.13067
13.06267,0.009464956,8.923986
13.07634,0.009282238,8.613131
13.09345,0.009010259,8.377003
13.10892,0.008882379,8.254262
13.12267,0.008747212,8.145796
13.13663,0.008410529,7.960625
13.15126,0.008193632,7.908573
13.16685,0.007662824,7.060331
13.18039,0.007372291,7.002442
13.19561,0.006828801,6.880368
13.21226,0.006577879,6.82668
13.22636,0.006036879,6.77526
13.24067,0.005748803,6.757898
13.25467,0.005462808,6.749826
13.27283,0.005007461,6.371291
13.29037,0.004772784,6.354343
13.30404,0.004717396,6.361497
13.31827,0.004720749,6.39338
13.33335,0.004746148,6.443695
13.35031,0.004763698,6.479685
13.36454,0.004734944,6.5062
13.3793,0.004641689,6.223276
13.39329,0.004577546,6.222835
13.40748,0.004522668,6.227056
13.42138,0.004376623,6.226552
13.43487,0.004295958,6.25075
13.44888,0.004131368,6.282599
13.46266,0.004063162,6.270761
13.48147,0.003974921,5.988608
13.49473,0.003997889,6.034002
13.51193,0.004016665,6.110355
13.52624,0.00402893,6.280227
13.54188,0.004004274,6.29725
13.55589,0.003977053,6.36846
13.56979,0.003955851,6.638203
13.58414,0.003967785,6.708908
13.59863,0.004000249,6.818746
13.61291,0.004100168,7.022052
13.62675,0.004174405,7.056385
13.64172,0.004327265,7.14169
13.65605,0.004389451,7.116704
13.67082,0.004500181,7.297239
13.68893,0.00457533,7.371768
13.7066,0.004630466,7.453773
13.72215,0.004673007,7.499806
13.73664,0.004708548,7.451246
13.75161,0.004766501,7.445318
13.76473,0.004774061,7.404116
13.78028,0.004768725,7.166644
13.79682,0.00476559,7.211235
13.8137,0.004775674,7.162673
13.82984,0.004797908,7.311476
13.84644,0.004795562,7.420635
13.86408,0.004764542,7.417567
13.88018,0.004759573,7.664623
13.90334,0.004843083,7.742759
13.92043,0.004989759,8.081553
13.93638,0.005057515,8.125766
13.95008,0.005110089,8.317369
13.96354,0.00516724,8.673124
13.97755,0.005177305,8.830597
13.99193,0.005177988,9.186712
14.00566,0.005166108,9.249643
14.02028,0.005170857,9.278601
14.03353,0.005182212,9.360614
14.04726,0.00519658,9.447643
14.06113,0.005200856,9.487112
14.07459,0.005202093,9.583654
14.08864,0.005186563,9.532731
14.1091,0.005165679,9.685233
14.12623,0.005185994,9.744026
14.14189,0.005246801,9.902859
14.15587,0.005266919,10.29079
14.17219,0.005275799,10.23604
14.18647,0.005295396,10.48715
14.20389,0.005334967,10.56475
14.22493,0.005386638,10.72794
14.24124,0.005415203,10.95634
14.25624,0.005429397,11.15314
14.27188,0.005417241,11.34797
14.28822,0.005429286,11.47425
14.30497,0.005487594,11.4558
14.32846,0.005586386,11.53813
14.34368,0.005675711,11.64241
14.35802,0.005717739,11.80692
14.37214,0.005760199,11.95141
14.38645,0.005788099,12.20857
14.40058,0.005791974,12.17957
14.41451,0.005805848,12.13418
14.42854,0.005862963,12.23827
14.44292,0.005978935,12.22993
14.45721,0.006041192,12.20096
14.47096,0.006091556,12.46276
14.4863,0.006187723,12.47057
14.50022,0.00624516,12.64367
14.51473,0.006399753,12.65103
14.53479,0.006583753,13.07589
14.54865,0.006683222,13.11463
14.56312,0.006830039,13.11902
14.57689,0.006889297,13.08555
14.59196,0.006945611,13.04445
14.60605,0.00708986,13.51414
14.61969,0.007166659,13.56393
14.6336,0.007235914,13.73581
14.64807,0.007334757,13.85595
14.66303,0.007397483,13.74859
14.67816,0.007428702,13.69497
14.69183,0.007240217,47.90056
14.70675,0.006672699,47.75428
14.72376,0.006408172,47.63668
14.74269,0.005911887,47.48177
14.75754,0.00543142,47.38526
14.77713,0.004948904,47.296
14.79607,0.004474135,47.01008
14.81258,0.004290389,47.03216
14.82915,0.004047199,46.8873
14.84582,0.00385792,46.6415
14.86221,0.003756493,46.65577
14.87708,0.003538771,46.40662
14.89399,0.00344737,46.22157
14.90897,0.00332899,46.11059
14.92314,0.003278638,45.98902
14.93722,0.003140474,45.87648
14.95607,0.002948666,45.56446
14.96971,0.002867723,45.57587
14.98388,0.002815773,45.50677
15.00012,0.002801292,45.39584
15.01477,0.002800949,45.26999
15.02809,0.002756071,44.88754
15.04193,0.002743013,44.55633
15.05712,0.002747691,43.83132
15.07193,0.002750158,43.44169
15.086,0.002756516,43.11955
15.10001,0.002742138,42.33696
15.11488,0.002740577,41.88094
15.12906,0.002742108,41.1168
15.14476,0.002733207,40.31757
15.17083,0.00280866,39.48876
15.18455,0.002839226,38.9992
15.20115,0.002885771,38.47065
15.21666,0.002919597,38.1469
15.23068,0.003018602,37.51684
15.24454,0.003083077,37.24056
15.2589,0.003225513,36.82939
15.27268,0.003265688,36.48882
15.28715,0.003286414,36.21684
15.30056,0.003296578,35.63377
15.31533,0.003328124,35.20967
15.32874,0.003419912,34.5077
15.34313,0.003467575,34.27615
15.35775,0.003454926,33.32465
15.37806,0.00341544,32.90823
15.39059,0.003372215,31.93138
15.40576,0.003394663,31.46896
15.41991,0.003411719,30.63975
15.43435,0.003388878,30.30713
15.4482,0.003364241,30.08276
15.46192,0.003190872,29.34726
15.47603,0.003077973,28.93782
15.49033,0.00287201,28.02598
15.50635,0.002780722,27.65135
15.52368,0.002586955,26.96021
15.54154,0.002328861,26.27806
15.55857,0.001990285,25.55479
15.58082,0.001610156,24.80247
15.59743,0.001434179,24.41434
15.61458,0.001104221,23.94252
15.63165,0.0007645465,23.75987
15.64762,0.000565681,23.52168
15.6652,0.000190119,23.08019
15.68239,0.0002015291,22.58981
15.69624,0.0002015291,22.58981
15.71135,0.0002015291,22.58981
15.72487,0.0002015291,22.58981
15.73898,0.0007316565,21.69259
15.75343,0.0009508413,21.39691
15.76798,0.001040947,21.08314
15.78621,0.001173259,20.66769
15.80045,0.001206541,20.50782
15.81478,0.001343175,20.19648
15.82897,0.001413353,20.04417
15.84362,0.001575022,19.57476
15.85733,0.001662439,19.38481
15.87186,0.001845613,19.10677
15.88534,0.001843185,42.63407
15.90004,0.001797672,42.73114
15.91428,0.001717377,42.69556
15.92821,0.001695953,42.82156
15.94174,0.001661859,42.8116
15.95562,0.001634937,42.92932
15.96944,0.001584621,43.03856
15.98901,0.001499512,43.09705
16.00186,0.001469278,43.05037
16.01589,0.001456478,43.16259
16.03107,0.00144053,43.15293
16.04536,0.001379453,43.13639
16.06021,0.001346472,43.12706
16.075,0.001307611,43.22082
16.09487,0.001377718,43.18997
16.10865,0.001452135,43.31147
16.12288,0.001680483,43.54328
16.13721,0.0018298,43.66427
16.15121,0.001975958,43.65408
16.16725,0.00224509,43.86875
16.18386,0.002446186,43.87526
16.20568,0.002652482,43.97713
16.21939,0.002793618,44.09056
16.23352,0.003085368,44.33997
16.24843,0.003216226,44.4467
16.26245,0.003317125,44.54393
16.27547,0.003473381,44.6108
16.28921,0.003558216,44.59335
16.30362,0.00380225,44.56896
16.3177,0.003967065,44.68732
16.33137,0.004146657,44.6742
16.3466,0.004511582,44.76854
16.36044,0.004698142,44.86274
16.37495,0.005085163,44.95877
16.38932,0.005308561,16.17645
16.40911,0.005263172,16.1674
16.42172,0.005262381,16.1614
16.43579,0.005248767,15.99029
16.45058,0.005204598,15.86727
16.46474,0.005157408,15.90144
16.47956,0.00508704,15.97015
16.49691,0.005073904,16.00766
16.51445,0.00508565,15.84727
16.53163,0.005079192,15.67172
16.54839,0.004963861,15.34249
16.56552,0.004918348,15.34042
16.58228,0.004881533,15.34494
16.59929,0.004895324,15.35717
16.62031,0.004852772,15.18319
16.63513,0.004796506,15.01481
16.64914,0.004749819,14.8505
16.66502,0.004636996,14.73793
16.67891,0.004594283,14.73566
16.69249,0.004543624,14.77367
16.70826,0.004501467,14.76008
16.72421,0.004461516,14.58644
16.73752,0.004434865,14.42165
16.75109,0.00439956,14.40762
16.76465,0.004297055,14.07756
16.77869,0.004259529,14.07333
16.79472,0.004220678,13.91187
16.80952,0.004180811,13.74376
16.83108,0.004129387,13.42247
16.84459,0.0040896,13.26345
16.85846,0.004008923,13.11764
16.87341,0.003982082,13.11618
16.8897,0.003991784,12.95701
16.90326,0.004018775,12.80677
16.91721,0.004042183,12.80235
16.93156,0.004090295,12.49424
16.94678,0.004139988,12.35887
16.96035,0.004222541,12.42161
16.97369,0.004411627,12.43628
16.988,0.004502513,12.28875
17.00213,0.004566576,12.27896
17.02068,0.004620749,11.96899
17.04083,0.004662335,11.82958
17.05391,0.004735218,11.83888
17.06808,0.004753459,11.69764
17.08303,0.004807692,11.69642
17.0977,0.004844974,11.69462
17.11167,0.004900232,11.39045
17.127,0.004909392,11.37153
17.14076,0.004904784,11.21849
17.15476,0.004821079,10.91437
17.17074,0.004781287,10.924
17.18497,0.004764003,10.7705
17.20323,0.004843766,10.46636
17.21756,0.004888589,10.31997
17.231,0.00490882,10.17564
17.25007,0.004850657,9.872252
17.2632,0.004827958,9.718489
17.27721,0.004846384,9.728356
17.29218,0.004906773,9.729184
17.30609,0.00505449,9.733609
17.32054,0.005117385,9.585584
17.33479,0.005130835,9.571956
17.34935,0.005120676,9.265226
17.36436,0.005112363,9.115872
17.38064,0.005119541,8.970035
17.39418,0.005136369,8.821449
17.40843,0.005212194,8.668028
17.42303,0.005234064,8.512047
17.43721,0.005250833,8.21028
17.45664,0.005283036,7.917876
17.46997,0.00527151,7.653399
17.48433,0.005253735,7.50203
17.49824,0.005233773,7.503129
17.51277,0.005278256,7.497085
17.52835,0.005352171,7.49719
17.5433,0.00550046,7.524987
17.55643,0.005573754,7.564054
17.57084,0.00566453,7.646858
17.58472,0.005844871,7.655374
17.59828,0.00596141,7.717623
17.61225,0.006112606,7.607026
17.62804,0.006439275,7.520214
17.64454,0.006801975,7.59471
17.6694,0.007135744,7.383205
17.68446,0.007416645,7.230661
17.70028,0.007553137,7.003871
17.71733,0.007841403,6.776795
17.73298,0.008109348,6.524559
17.7499,0.008217789,6.600667
17.76809,0.008372478,6.530748
17.78311,0.008432487,6.403738
17.79936,0.008548393,6.247424
17.81242,0.008602787,6.024801
17.82606,0.008648644,5.95878
17.84021,0.0087154,5.570246
17.85399,0.008730524,5.520771
17.87283,0.008787309,5.215451
17.88693,0.008799861,5.063182
17.90128,0.008808412,4.957763
17.91546,0.00881079,4.954799
17.92955,0.008811785,4.887039
17.94881,0.008834254,5.014384
17.96472,0.008876817,5.002688
17.97917,0.008893815,4.774299
17.99306,0.008914882,4.766373
18.00812,0.008908451,4.75378
18.02287,0.008911728,4.596445
18.03796,0.008937845,4.736565
18.05429,0.008920611,4.505544
18.07751,0.008845347,4.425938
18.09425,0.008805733,4.202443
18.11212,0.008707779,3.973502
18.12873,0.008601667,3.823772
18.14614,0.008555544,3.814492
18.16412,0.008503448,3.798029
18.18031,0.008549818,3.780666
18.19926,0.00856491,3.558095
18.21414,0.008511547,3.514465
18.2306,0.008449766,3.494968
18.24436,0.008371348,3.306833
18.25855,0.008387652,3.288369
18.2779,0.008438292,3.106523
18.29167,0.008465297,3.29515
18.30617,0.008422127,3.10501
18.32054,0.008389099,3.022326
18.33485,0.008334673,2.853619
18.34933,0.008293501,2.522898
18.36497,0.008277053,2.501785
18.37865,0.008207221,2.293881
18.39205,0.00813559,2.140186
18.40579,0.00803481,1.987708
18.42066,0.00780516,1.810673
18.43399,0.007697053,1.662128
18.44856,0.007607468,1.634824
18.46244,0.007415067,1.56673
18.48099,0.007310243,1.837815
18.49491,0.007152339,1.783667
18.50959,0.007062984,1.72056
18.52356,0.006823773,1.584738
18.54027,0.00666208,1.537988
18.55498,0.006335036,1.409727
18.56895,0.006226403,1.377146
18.58287,0.00612181,1.34392
18.59678,0.005981567,1.286792
18.61163,0.005877125,1.600711
18.62986,0.005610712,1.504282
18.6481,0.005610712,1.504282
18.66454,0.005610712,1.504282
18.68501,0.005610712,1.504282
18.69878,0.005610712,1.504282
18.71609,0.00471138,1.18399
18.73335,0.004594619,1.483717
18.74913,0.004341214,1.456697
18.76395,0.004222667,1.477108
18.77732,0.004139555,1.456562
18.79142,0.004053465,1.537479
18.80531,0.004013807,1.602544
18.82019,0.003960974,1.689802
18.83443,0.003730778,1.848539
18.85215,0.003492805,1.959746
18.86604,0.003409463,1.958048
18.88433,0.003330082,2.05871
18.90345,0.003312984,2.039992
18.91677,0.003271646,2.110905
18.93051,0.003210298,2.117386
18.94542,0.003121901,2.245592
18.95887,0.002851392,2.333975
18.97381,0.002673868,2.327593
18.98768,0.002290865,2.459174
19.00158,0.002111164,2.449525
19.01613,0.001969826,2.445206
19.03098,0.001713592,2.434858
19.04619,0.001604443,2.426645
19.0606,0.001345642,2.415488
19.07466,0.001193181,2.556884
19.0929,0.0008674262,2.564756
19.10728,0.0007138366,2.574659
19.12472,0.0003946719,2.870035
19.1403,0.0002380093,3.01688
19.15538,5.669197E-05,3.31133
19.17063,0.0001684791,3.459608
19.18379,0.000314932,3.766448
19.20011,0.0003793684,4.069675
19.21408,0.0005210019,4.41761
19.22806,0.0006216027,4.572947
19.24354,0.0008403779,5.031002
19.26043,0.0009263867,5.184818
19.27474,0.0009979531,5.336563