2.497179,0.009487684,18.12836
2.505337,0.009201195,17.96048
2.526783,0.009024364,17.75418
2.544086,0.00888606,17.66494
2.560902,0.008699115,17.50154
2.577598,0.008227016,17.44812
2.593743,0.008031123,17.37685
2.609762,0.007728705,17.18246
2.632905,0.007119197,16.85493
2.647876,0.006697293,16.65852
2.664058,0.006586739,16.70119
2.680929,0.006786938,16.65343
2.70202,0.006745273,16.57808
2.716508,0.006454146,16.50763
2.734144,0.006306829,16.49679
2.750301,0.005895093,16.4322
2.769137,0.006021725,16.53669
2.784683,0.006062302,16.58249
2.799958,0.006182351,16.6789
2.816274,0.006134749,16.51198
2.838969,0.006222359,16.39989
2.85225,0.006281431,16.36333
2.868105,0.006669963,16.51568
2.883705,0.007030827,16.58641
2.903837,0.007351734,16.7101
2.918788,0.007109913,16.60585
2.934827,0.006943854,16.53868
2.952945,0.006733533,16.55053
2.968244,0.007065257,16.77067
2.98307,0.00751055,16.86127
2.99868,0.007668154,16.9799
3.013844,0.007453573,16.91672
3.028961,0.007213165,16.79832
3.050011,0.007070884,16.78019
3.06386,0.007558631,16.91154
3.079581,0.007182667,16.83473
3.094549,0.006577234,17.07602
3.109796,0.007654409,17.11906
3.124818,0.006866803,17.29103
3.140335,0.006636889,17.20365
3.155384,0.006405717,17.15756
3.170365,0.005806929,17.19771
3.185233,0.005823655,17.13908
3.200413,0.005162397,17.1705
3.216531,0.005148536,17.22581
3.231778,0.004876667,17.19111
3.255537,0.004799909,17.09162
3.268124,0.004863072,17.11752
3.283624,0.004894614,17.12304
3.300387,0.004696504,17.03712
3.318103,0.004614747,16.93635
3.335093,0.004727278,16.88265
3.350828,0.004182828,17.07487
3.366531,0.004226333,16.99157
3.382566,0.004602682,16.75964
3.397747,0.003954013,17.07617
3.413234,0.003896828,17.04703
3.428659,0.00336497,16.98343
3.443922,0.003141955,16.9803
3.464861,0.003263435,16.89212
3.478203,0.002272499,16.90267
3.493406,0.001695085,16.76336
3.509721,0.001705608,16.7453
3.528174,0.00150361,16.70826
3.543319,0.001579364,16.69282
3.558637,0.001536334,16.67868
3.574621,0.001372448,16.63138
3.590433,0.001060054,16.39933
3.605153,0.0005938216,16.29939
3.620414,0.000343029,16.23696
3.63569,0.0005747355,16.32832
3.652389,0.0005339518,16.37665
3.674821,0.0007626287,16.31779
3.689049,0.0009521169,16.14957
3.704341,0.000916213,16.03532
3.719964,0.0008195663,15.82984
3.735193,0.0006701495,15.85577
3.750335,0.001011501,15.82896
3.765208,0.001372221,15.44555
3.784144,0.0009487866,15.70297
3.801666,0.001082228,15.44874
3.816107,0.001250338,15.34548
3.830913,0.001304638,15.13834
3.846521,0.001527382,14.99583
3.861359,0.001662285,14.88118
3.882838,0.002435542,14.79395
3.898582,0.00268796,14.6574
3.916185,0.002841748,14.5058
3.931385,0.002956953,14.46965
3.948479,0.003125706,14.39357
3.964152,0.003120559,14.39011
3.979517,0.003178369,14.34188
3.995111,0.003218584,14.27809
4.010045,0.003309915,14.09536
4.026097,0.003346669,14.01483
4.041383,0.00357939,13.95249
4.056293,0.003600513,13.99247
4.07302,0.003962186,13.97878
4.093915,0.004377621,13.77183
4.10763,0.00449159,13.83931
4.123686,0.004704213,13.84695
4.13971,0.004967629,13.79577
4.160325,0.005178636,13.8015
4.175288,0.005373873,13.72106
4.189853,0.005512326,13.62078
4.204684,0.005615131,13.57998
4.219462,0.005754576,13.57998
4.235219,0.005993519,13.57464
4.251092,0.006194348,13.5172
4.266732,0.006882716,13.42872
4.281959,0.006918776,13.36556
4.304399,0.007419769,13.23533
4.317682,0.00743499,13.19382
4.337607,0.007514834,13.16051
4.352756,0.007679775,13.12962
4.368289,0.007909444,13.06169
4.383584,0.008224018,13.01055
4.39879,0.008301197,12.89474
4.413975,0.008684386,12.86005
4.429563,0.008430741,12.8222
4.445584,0.00848787,12.87776
4.462357,0.008577016,12.83098
4.480676,0.008000299,12.83684
4.496395,0.008080851,12.6149
4.519177,0.008454436,12.51679
4.532686,0.00777374,12.61498
4.550027,0.008135075,12.61468
4.567626,0.00793033,12.62408
4.585775,0.007949534,12.49293
4.601532,0.007755737,12.2286
4.617657,0.007996408,12.30495
4.634642,0.007971667,12.26167
4.650349,0.008041359,12.33716
4.665753,0.007991445,12.40949
4.681559,0.00762425,12.40235
4.697487,0.007919705,12.15184
4.720098,0.007747645,11.90075
4.733151,0.008269876,11.72698
4.750237,0.008316279,11.85769
4.767111,0.00845472,11.88952
4.78476,0.008594429,11.80884
4.802167,0.008532982,11.77408
4.81971,0.008363301,11.54431
4.835567,0.008100032,11.36621
4.851393,0.008124962,11.32924
4.86793,0.008256469,11.30244
4.886809,0.007868758,10.98731
4.901932,0.007248798,10.78257
4.926593,0.007467188,10.34178
4.940911,0.006932542,9.979198
4.957806,0.005889575,9.533041
4.97608,0.005974139,9.82277
4.994649,0.00581657,9.722918
5.010275,0.005708719,9.474216
5.027133,0.005304028,9.342076
5.042534,0.005174675,9.245627
5.067221,0.0061513,9.210191
5.089816,0.007306234,9.146968
5.112066,0.007879167,9.145894
5.140602,0.008251916,9.252108
5.160555,0.008459152,9.241396
5.181973,0.008620234,9.226861
5.205016,0.008487139,9.20272
5.22604,0.007530004,9.480127
5.248091,0.007610947,9.094249
5.273543,0.007202071,8.987715
5.298737,0.007547713,9.125287
5.321917,0.00758913,8.963264
5.35037,0.007671868,8.882391
5.373087,0.007968045,9.049544
5.395549,0.007974057,9.018028
5.417758,0.007939998,8.820602
5.44107,0.008476114,8.940526
5.462415,0.00852969,9.131724
5.484309,0.009033382,9.257671
5.506221,0.009363748,9.251174
5.529276,0.009269035,9.090683
5.556244,0.00957702,9.213391
5.576716,0.01013808,9.384331
5.601709,0.01016893,9.369176
5.62402,0.009933759,9.42108
5.649913,0.01008513,9.548947
5.672269,0.01010211,9.72132
5.693009,0.009578119,9.785788
5.71395,0.009451955,9.800043
5.734452,0.008681859,9.963637
5.762421,0.007942202,9.887199
5.783622,0.00816873,10.02415
5.805612,0.008372633,10.05088
5.828862,0.008110911,10.04397
5.853362,0.008063195,10.22847
5.874452,0.008802138,10.50435
5.900523,0.009023664,10.62275
5.924592,0.00837775,10.61274
5.945467,0.008144528,10.67568
5.973305,0.008142111,10.98102
5.992983,0.007274191,11.15652
6.014902,0.006252115,11.24173
6.039479,0.006565919,11.36753
6.060963,0.006579865,11.70945
6.084584,0.006607173,11.9159
6.105233,0.007154472,12.29538
6.125311,0.007218014,12.50543
6.145791,0.006844396,12.69835
6.172239,0.007219645,13.11977
6.191266,0.0077804,13.46645
6.213321,0.008331281,13.69598
6.233957,0.008590276,13.88401
6.255483,0.009023801,14.23887
6.276649,0.009598968,14.7765
6.297871,0.009431834,14.98604
6.319771,0.008374728,15.30118
6.333722,0.008640325,15.396
6.346924,0.009327783,15.62336
6.36937,0.008908155,15.78629
6.382195,0.008541995,15.88575
6.397108,0.00843469,16.30099
6.411929,0.008450023,16.64343
6.42712,0.009021023,16.89864
6.441311,0.008468888,17.03092
6.454658,0.008536725,17.07328
6.468382,0.007917167,17.27703
6.481003,0.007949824,17.53995
6.495267,0.007953405,17.75283
6.508459,0.00920836,18.62222
6.522062,0.008701252,18.73981
6.53572,0.009243999,18.99979
6.54935,0.00937895,19.37797
6.568416,0.009746439,19.60291
6.581363,0.009917353,19.72694
6.595967,0.009849059,19.86134
6.60968,0.009712845,20.22285
6.623467,0.008699339,20.60523
6.638382,0.0104408,21.18987
6.651098,0.00961787,21.64713
6.66373,0.01123482,21.7978
6.677213,0.01141001,22.1555
6.690432,0.01110429,22.22423
6.704238,0.01135959,22.46597
6.718863,0.01069424,22.14166
6.732369,0.01080483,22.15219
6.746529,0.0107109,22.19417
6.759995,0.01069597,22.25438
6.778731,0.01057936,22.2424
6.793294,0.0107701,22.15315
6.807121,0.01031781,22.12646
6.821354,0.0104574,22.23471
6.835072,0.0103768,22.35744
6.851323,0.01039068,22.22996
6.866757,0.01077217,22.26998
6.880531,0.01077872,22.27777
6.893446,0.01066713,22.26936
6.907356,0.01051476,22.47816
6.921093,0.01062485,22.65093
6.938532,0.01117115,22.94754
6.951787,0.01127611,23.00589
6.964829,0.01066365,23.0133
6.984717,0.01063767,22.9029
6.998662,0.01032127,22.89232
7.014956,0.01045382,23.15258
7.032547,0.01074614,23.29419
7.046275,0.01084002,23.44574
7.059741,0.0112899,23.59025
7.074863,0.01116926,23.58786
7.088425,0.01011704,23.40405
7.102616,0.009150399,23.55178
7.115467,0.009160226,23.6381
7.1306,0.009076479,23.77658
7.144323,0.009418722,24.10748
7.158291,0.00880744,23.82177
7.171863,0.008302139,23.7918
7.191438,0.007202193,23.57312
7.204211,0.006751674,23.5842
7.218689,0.006854145,23.68435
7.231957,0.006314599,23.69796
7.246412,0.006181438,23.80597
7.260835,0.006144459,23.82924
7.274484,0.005857775,23.80218
7.288419,0.005538867,23.64741
7.301708,0.005223582,23.55703
7.315405,0.005039726,23.50285
7.329632,0.00490773,23.59828
7.343551,0.005086597,23.7943
7.363701,0.005236904,23.82973
7.380002,0.004919356,23.73603
7.4005,0.00447417,23.57949
7.412541,0.004290101,23.54175
7.426733,0.004239758,23.66043
7.440192,0.004377696,23.76846
7.455568,0.004487073,23.85483
7.468713,0.004607359,23.95393
7.481672,0.00477289,23.97753
7.495656,0.004469487,24.06225
7.50937,0.00492762,24.0375
7.526235,0.005172732,24.23887
7.540773,0.004961063,24.39063
7.554492,0.005491862,24.51317
7.570281,0.005766679,24.84155
7.583988,0.006253681,25.00181
7.602509,0.007344548,25.33216
7.616638,0.007763801,25.40923
7.630731,0.007832776,25.50439
7.646495,0.008407444,25.7578
7.660632,0.008531732,25.93887
7.674586,0.00883573,26.18215
7.688341,0.009622571,26.74636
7.702455,0.01007332,26.97782
7.715962,0.01048652,27.14207
7.729759,0.01096679,27.33901
7.743686,0.01120371,27.44158
7.75687,0.01193578,27.77459
7.77062,0.01297033,28.13087
7.785532,0.01415015,28.65561
7.804477,0.01594726,29.43369
7.818187,0.01667213,29.77042
7.831586,0.01668857,29.84072
7.847079,0.01705638,30.00097
7.860914,0.01796292,30.63026
7.876993,0.01786938,31.08899
7.890412,0.01854526,31.57556
7.905117,0.01954846,32.03948
7.918038,0.02088562,32.65021
7.931362,0.02177994,33.18649
7.949867,0.02107596,33.04311
7.964456,0.0216564,33.5834
7.978327,0.02219417,33.71535
7.993192,0.02320672,34.16324
8.011127,0.02427147,34.69884
8.026093,0.0248988,34.92673
8.040225,0.02561028,35.21417
8.053782,0.02542663,35.18745
8.069078,0.02539122,35.43965
8.083077,0.02553372,35.71083
8.096671,0.02592889,36.0468
8.110068,0.02722986,36.72464
8.124555,0.02782619,36.97025
8.138416,0.02861161,37.15363
8.151985,0.02913708,37.10653
8.165102,0.02956454,37.3186
8.179335,0.02899256,37.32125
8.192802,0.02881609,37.59565
8.20626,0.02897087,38.19483
8.224657,0.02942389,38.29745
8.238438,0.02927036,38.3625
8.252547,0.02879741,38.26971
8.267047,0.02792104,38.08524
8.280952,0.02741106,38.10422
8.295744,0.0271097,38.1936
8.309045,0.0276291,38.68955
8.322297,0.02786886,39.02216
8.336196,0.02798678,54.31274
8.350575,0.02791962,54.18423
8.363337,0.02765164,54.24814
8.377746,0.02689046,54.43254
8.393114,0.02626755,54.45304
8.407864,0.02613275,54.20383
8.425687,0.02617352,54.03931
8.4391,0.02597807,53.74238
8.453087,0.02590209,53.6647
8.467411,0.0255867,53.43661
8.480117,0.02500946,53.37537
8.494331,0.02489665,53.36682
8.509839,0.02250273,53.27704
8.525778,0.02254623,52.97689
8.538747,0.02230422,52.62049
8.552611,0.02239144,52.41432
8.566302,0.02131055,52.11452
8.58072,0.02085091,52.08157
8.594341,0.01934136,51.72068
8.608316,0.01931544,51.71537
8.626633,0.01929047,51.27661
8.639735,0.02023179,50.55851
8.654218,0.02022432,50.17946
8.668682,0.02040153,49.73794
8.6822,0.02024616,49.64579
8.695859,0.02007966,49.37482
8.715242,0.02021981,49.03323
8.729049,0.02041567,48.55667
8.742859,0.02061578,48.30055
8.756328,0.02115832,47.78303
8.769379,0.02057106,47.92167
8.78301,0.02043531,47.81569
8.79599,0.02032327,47.68583
8.810338,0.02002687,47.36649
8.827728,0.01936294,47.20068
8.841961,0.01920338,47.00843
8.856108,0.0186396,47.09502
8.870231,0.01783337,46.78617
8.883987,0.01691761,46.19935
8.899923,0.01734112,46.02961
8.913771,0.01753283,45.50177
8.927396,0.01761556,45.10175
8.940737,0.01743178,44.90669
8.957404,0.01742624,44.75476
8.97053,0.01738755,44.66146
8.984669,0.01743721,44.5296
8.999085,0.01786692,43.75472
9.012236,0.0177149,43.70208
9.031837,0.01781592,43.38387
9.045823,0.01811747,43.02999
9.061838,0.01806915,42.76572
9.077932,0.01841613,42.32288
9.09248,0.0185772,41.86628
9.107694,0.01853886,41.7439
9.120891,0.01855604,41.53436
9.134838,0.01866812,41.27462
9.148975,0.01904121,40.75722
9.161848,0.01926678,40.53643
9.175808,0.01941168,40.34974
9.189338,0.01941978,40.09822
9.203102,0.01953723,39.24026
9.216614,0.01884324,39.40406
9.23439,0.01855247,39.36217
9.24885,0.01827478,38.98996
9.263262,0.01781468,38.78517
9.278435,0.01786619,38.80252
9.291935,0.01749541,38.68031
9.305294,0.0177016,38.54108
9.318539,0.01806274,38.19713
9.33247,0.018251,38.00087
9.344972,0.01843541,37.62479
9.358652,0.01851442,37.41991
9.372178,0.0182871,37.08565
9.386042,0.01813321,36.97707
9.400633,0.01807694,36.82624
9.414311,0.01823664,36.64189
9.427979,0.01807568,36.20201
9.447315,0.01757403,35.85127
9.460244,0.01754063,35.72683
9.475127,0.01766791,35.57734
9.488763,0.01806347,35.12357
9.50359,0.01787313,34.33843
9.517075,0.01770981,34.54711
9.531543,0.01756165,34.44721
9.544774,0.01739374,34.39083
9.558997,0.01683064,34.16815
9.572498,0.01672421,33.98585
9.587171,0.01586061,33.5136
9.600389,0.01557226,33.21152
9.614179,0.01550785,33.09167
9.627952,0.01507709,32.73169
9.642714,0.0148499,32.52924
9.661512,0.01404261,31.3315
9.676195,0.01356761,31.28091
9.689931,0.0137066,31.02548
9.704853,0.0139815,30.73379
9.718393,0.01408232,30.47486
9.733082,0.01388843,30.26643
9.746283,0.01365814,30.08523
9.760287,0.01298505,30.03515
9.774229,0.01257421,30.03729
9.787639,0.01242332,29.98063
9.801147,0.01191455,29.8298
9.814423,0.01146125,29.71009
9.827966,0.0115254,29.17261
9.841968,0.01161878,28.90776
9.856,0.01159116,28.49295
9.873894,0.01174126,28.10568
9.886636,0.01155036,27.78736
9.901219,0.01157578,27.61672
9.917833,0.01174051,27.109
9.932476,0.01183846,26.56695
9.946131,0.0119531,26.21466
9.963018,0.01202445,26.03225
9.976644,0.0120389,25.91427
9.990355,0.01191029,25.86654
10.00515,0.01174527,25.84017
10.0187,0.01112946,25.6288
10.03253,0.01146696,25.39384
10.04737,0.01075711,24.91419
10.06663,0.01102925,24.71755
10.08738,0.01134864,24.48322
10.10166,0.01153086,24.23327
10.11461,0.01157762,23.56289
10.12866,0.01170164,23.37432
10.14336,0.01195798,23.02215
10.15785,0.01210052,22.5305
10.17145,0.01147063,22.22617
10.1844,0.01126153,21.92338
10.19838,0.01153423,21.18658
10.21091,0.01172255,20.84399
10.22436,0.01176778,20.37739
10.23842,0.0118133,20.20295
10.25278,0.01178456,20.0487
10.26598,0.01176273,19.84711
10.27925,0.01176223,19.34469
10.29828,0.01191624,18.68385
10.31076,0.0126684,17.60311
10.32584,0.01231609,17.69825
10.34082,0.01250043,17.39313
10.35614,0.01229581,17.23766
10.36975,0.01171228,16.93473
10.38319,0.01183323,16.61436
10.39673,0.0120602,15.92995
10.41032,0.01211856,15.37576
10.42805,0.01210094,15.23546
10.44272,0.01227178,14.81782
10.45629,0.01206759,14.8946
10.47006,0.01189401,14.69892
10.48443,0.01143246,14.38153
10.50196,0.01137913,13.89585
10.51581,0.01128843,13.58346
10.53137,0.01144854,13.28436
10.54659,0.01113895,13.50151
10.55941,0.0106293,13.35678
10.57331,0.01061603,13.21136
10.58873,0.01063437,12.90982
10.60249,0.01063018,12.89645
10.61621,0.0106306,12.87774
10.63025,0.01055732,12.86699
10.64506,0.01053282,12.79762
10.65889,0.0104163,12.65716
10.67266,0.01047349,12.56324
10.68589,0.01045629,12.40677
10.70397,0.0104282,12.06163
10.71761,0.01020098,11.95151
10.73167,0.01001353,11.9915
10.74535,0.009568647,11.91535
10.76018,0.008527949,11.69337
10.77402,0.009581379,11.24166
10.78768,0.009929729,11.4232
10.80168,0.009860612,11.58283
10.81496,0.01019767,11.62324
10.82995,0.009748853,11.66128
10.8434,0.009766476,11.55723
10.85826,0.009468979,11.41993
10.87192,0.009380324,11.42989
10.88496,0.00956593,11.34972
10.89971,0.009694296,11.22881
10.91794,0.01000712,11.0465
10.93357,0.01015899,10.97275
10.94995,0.01065501,10.83954
10.96757,0.01106752,10.76097
10.98051,0.01046958,10.57393
10.99319,0.01043342,10.48753
11.00842,0.01027662,10.52645
11.02215,0.01036271,10.56924
11.03615,0.01086278,10.70223
11.05063,0.01103009,10.60311
11.06496,0.01124582,10.56442
11.08327,0.01171728,10.2661
11.09821,0.01146071,10.20683
11.11178,0.01159669,9.939173
11.13023,0.01231842,10.38487
11.14329,0.01358568,10.60311
11.15979,0.01337734,10.36978
11.17344,0.0131111,10.18312
11.18724,0.01265104,9.994991
11.20178,0.01267848,10.10272
11.21487,0.01255909,10.16491
11.22839,0.01347769,10.34507
11.24193,0.01404257,10.57899
11.25546,0.01439031,10.47912
11.26897,0.0138757,10.08237
11.2843,0.01320273,9.91062
11.29931,0.01263217,9.937213
11.31246,0.0127884,10.01875
11.331,0.01365339,10.29751
11.34435,0.01386847,10.31443
11.35947,0.01366682,9.9831
11.37431,0.01321949,9.823751
11.38834,0.01262204,9.759713
11.40202,0.01254956,9.895329
11.41805,0.01310362,10.00636
11.44088,0.01345719,10.15486
11.45391,0.01225477,10.00296
11.46778,0.01338649,9.962789
11.48107,0.01332892,9.933314
11.49474,0.01255818,9.915659
11.50836,0.01326682,9.87488
11.52294,0.01291029,9.904864
11.54178,0.01274947,9.855026
11.55641,0.01227074,9.750422
11.5698,0.01177014,9.727123
11.58673,0.01181755,9.727427
11.60081,0.01222608,9.82355
11.61428,0.01236935,9.842488
11.62808,0.01239082,9.87701
11.64236,0.01208135,9.910977
11.65592,0.011071,9.929394
11.66944,0.01089094,9.902383
11.68294,0.0109263,9.923173
11.69678,0.01078537,9.975257
11.70957,0.01126111,10.01011
11.72328,0.01119482,10.00929
11.74145,0.01211495,10.04712
11.75504,0.01132216,10.05851
11.76944,0.01233245,10.15118
11.7836,0.0110697,10.11612
11.79852,0.01268269,10.14891
11.81254,0.01209964,10.12984
11.82625,0.01299133,10.16754
11.84084,0.01331579,10.20006
11.85507,0.0141121,10.29885
11.86852,0.01394637,10.39949
11.88193,0.01338972,10.48278
11.89552,0.01453733,10.20467
11.91055,0.01356065,10.04483
11.92384,0.0132489,9.949397
11.94225,0.01307998,10.04414
11.95683,0.01439721,10.46931
11.97643,0.01513112,10.64422
11.99171,0.0150016,10.63138
12.00522,0.01475697,10.48199
12.01995,0.01452919,10.51616
12.03374,0.01479951,10.69938
12.04792,0.0149571,10.90997
12.06162,0.01496994,11.02603
12.07514,0.01480789,11.04496
12.09048,0.01470357,10.94803
12.10485,0.0144119,10.85259
12.11806,0.01417517,10.83865
12.13173,0.01422032,10.96009
12.14976,0.01489994,11.39008
12.16306,0.01519725,11.55033
12.17697,0.01551669,11.64556
12.19141,0.01602008,11.53251
12.2062,0.0159298,11.80168
12.21991,0.01606045,11.81802
12.23298,0.0163004,11.96024
12.24642,0.01682168,12.06119
12.25986,0.01736333,12.20634
12.27398,0.01810284,12.27833
12.28808,0.01781812,12.13119
12.30235,0.01766281,12.14759
12.31564,0.01763021,12.12202
12.33051,0.01780779,12.30586
12.34422,0.01788621,12.4
12.3638,0.01812204,12.42902
12.37865,0.01792444,12.36601
12.39421,0.01780702,12.37682
12.41004,0.01792206,12.45098
12.42468,0.01765602,12.50702
12.43884,0.01791359,12.6152
12.45406,0.01804805,12.69391
12.46819,0.01816268,12.73453
12.48198,0.01808212,12.72416
12.49535,0.01799785,12.69409
12.5098,0.01776579,12.77024
12.52431,0.01777074,12.87155
12.54003,0.0180913,13.08689
12.55707,0.01882265,13.2802
12.57887,0.01816177,13.22511
12.59466,0.01836273,13.38046
12.61021,0.0176198,12.91547
12.62481,0.0176127,13.00392
12.64051,0.01667902,13.09913
12.65679,0.01839226,13.07889
12.67138,0.01814088,13.04586
12.68505,0.01784464,13.0412
12.69963,0.01794892,13.03069
12.71343,0.01768746,13.02995
12.72827,0.01712915,13.08013
12.74236,0.01698309,13.15439
12.75802,0.01668034,13.17195
12.77709,0.01616996,13.15496
12.79101,0.01587377,13.13107
12.80672,0.01561565,13.21929
12.82743,0.01533314,13.28797
12.84049,0.01540239,13.40935
12.85429,0.01549299,13.37775
12.86728,0.01505796,13.38769
12.88078,0.01443012,13.34559
12.8935,0.01363413,13.53317
12.90694,0.0138427,13.49133
12.9198,0.01420951,13.66596
12.93368,0.01424456,13.74073
12.94691,0.01398782,13.99852
12.95962,0.01418925,13.78689
12.97927,0.01365007,13.78611
12.99894,0.01380016,13.83263
13.01831,0.0140794,14.01926
13.03834,0.01413602,14.13367
13.05278,0.01406773,14.14904
13.06737,0.01407102,14.14307
13.08019,0.01414389,14.18079
13.0933,0.01424116,14.28127
13.10988,0.01445453,14.23382
13.12573,0.01435297,14.2709
13.1407,0.01461009,14.33108
13.15396,0.01463202,14.3554
13.16754,0.01464765,14.38654
13.1852,0.01469229,14.43263
13.19897,0.01480839,14.56074
13.21216,0.01497992,14.63256
13.22517,0.01512374,14.65963
13.23961,0.01524213,14.6747
13.25286,0.01533271,14.65101
13.26547,0.01524322,14.74141
13.27895,0.0153147,14.96558
13.29312,0.01525051,15.12901
13.30591,0.01533424,15.23831
13.31897,0.01507848,15.27162
13.33478,0.01536896,15.4826
13.34967,0.01518349,15.38595
13.36237,0.01541775,15.51001
13.37575,0.01547451,15.53591
13.39371,0.01537636,15.72984
13.40646,0.01573713,15.86463
13.42032,0.0153517,15.86239
13.43386,0.01544355,16.09386
13.44782,0.01500554,16.00193
13.46231,0.01498268,15.99631
13.4751,0.01511526,16.20129
13.48831,0.01554066,16.44994
13.50159,0.01604153,16.5763
13.51465,0.01575583,16.48695
13.52748,0.01568953,16.48224
13.54024,0.01569806,16.52574
13.55354,0.01578,16.61264
13.56719,0.01609008,16.79337
13.58209,0.01617936,16.8765
13.60008,0.01588477,16.96449
13.61562,0.01612801,16.95572
13.63094,0.01570622,17.11425
13.64883,0.01562084,17.15136
13.66471,0.01604229,17.30943
13.68,0.01637863,17.43581
13.69882,0.01665634,17.5167
13.71094,0.01728555,17.75924
13.72634,0.01670917,17.57309
13.73942,0.01685857,17.73466
13.75283,0.01688759,17.80843
13.76678,0.01775505,18.14575
13.78001,0.01714142,18.00936
13.79376,0.01733863,18.14869
13.81219,0.01688072,18.12302
13.82504,0.01687143,18.2012
13.83995,0.01707839,18.33132
13.85378,0.01727284,18.42772
13.86775,0.01710428,18.4773
13.88188,0.01704073,18.5191
13.89443,0.01697292,18.55458
13.90755,0.01684985,18.69215
13.92163,0.0167132,18.81097
13.93554,0.01694863,18.82251
13.94913,0.01721325,18.91615
13.96347,0.01742606,19.05458
13.97764,0.01714546,19.00118
13.99537,0.01690895,19.22545
14.01572,0.01659686,19.42718
14.03458,0.0166096,19.41591
14.04888,0.01613968,19.4952
14.06324,0.01610984,19.46058
14.07709,0.01611088,19.67865
14.09402,0.01594339,19.69962
14.10732,0.01628619,19.93877
14.12115,0.01644888,20.05342
14.13786,0.01658972,20.0728
14.15064,0.01702675,20.08317
14.16543,0.01695645,20.12261
14.17927,0.0170805,20.21938
14.1989,0.01719503,20.38443
14.21746,0.01735091,20.56224
14.23178,0.01722059,20.57854
14.24723,0.01705911,20.56501
14.2607,0.01672012,20.62466
14.27346,0.01674427,20.68464
14.28859,0.0172599,20.97447
14.30304,0.01747622,21.06956
14.31684,0.01784478,21.21036
14.33007,0.01810662,21.30636
14.34421,0.01790948,21.3383
14.35752,0.01774851,21.28345
14.37158,0.01783648,21.32036
14.38547,0.017946,21.41068
14.3995,0.01829838,21.55149
14.4195,0.01851702,21.62795
14.43286,0.01835892,21.61151
14.44729,0.01824398,21.64488
14.45995,0.01744977,21.50463
14.47478,0.01768784,21.58086
14.49029,0.0176067,21.75834
14.50441,0.01802758,21.8822
14.51866,0.01833539,21.98437
14.53339,0.01851369,21.93966
14.54722,0.01827962,22.00429
14.5609,0.01822891,22.09664
14.57353,0.01827279,22.15617
14.5869,0.01803139,22.34659
14.60243,0.01796594,22.33806
14.62027,0.0177733,22.23807
14.63527,0.01772847,22.20818
14.64891,0.0173426,22.22583
14.66257,0.01732832,22.30898
14.67684,0.01728856,22.45144
14.69019,0.01742529,22.71099
14.70408,0.01753352,22.75465
14.71877,0.01722367,22.73252
14.73303,0.01673689,22.64246
14.74664,0.01655552,22.65892
14.76033,0.01577278,22.84529
14.7737,0.01559265,23.03014
14.78776,0.01655594,23.15841
14.80104,0.0159106,23.3609
14.81531,0.01565086,23.48304
14.83392,0.01590512,23.39296
14.8485,0.01572171,23.61728
14.86241,0.01576591,23.80867
14.87693,0.01559222,24.11784
14.89125,0.01553358,24.19887
14.90479,0.01587023,24.42334
14.91937,0.01568094,24.54733
14.93298,0.01577364,24.69768
14.94657,0.01601814,24.96582
14.95986,0.01534474,24.96592
14.97326,0.01547769,25.29218
14.98731,0.01469766,25.34389
15.00282,0.01454432,25.43282
15.01616,0.01443173,25.51178
15.03486,0.01442054,25.59127
15.05096,0.01461766,25.84738
15.06496,0.01467491,25.89481
15.07977,0.01481599,26.19871
15.09291,0.01490452,26.37554
15.10866,0.01518532,26.77414
15.12225,0.01538101,26.88071
15.13763,0.01543067,26.99128
15.15445,0.01520641,26.95789
15.16794,0.01495955,27.07601
15.18186,0.01491973,27.16699
15.19577,0.01537456,27.5277
15.20977,0.01518686,27.62669
15.22338,0.01580272,27.7793
15.24229,0.01609757,27.96878
15.25504,0.01621344,28.0793
15.26903,0.01546372,27.91483
15.2829,0.01555738,28.01247
15.2981,0.01555211,28.38321
15.31353,0.01571732,28.5753
15.32809,0.01629762,28.8401
15.34148,0.01686464,29.04577
15.35464,0.01679319,28.9247
15.36838,0.01683493,28.91185
15.38204,0.01677302,28.94762
15.39624,0.01671156,29.04852
15.40968,0.01674121,29.40332
15.42382,0.0169277,29.62403
15.44704,0.01735552,29.63993
15.46424,0.01788661,29.79634
15.48034,0.01762729,29.91927
15.49577,0.017893,30.36087
15.51181,0.01806983,30.57655
15.52513,0.01853747,30.87657
15.53915,0.01838893,31.04233
15.56008,0.0188477,31.28196
15.57192,0.01924958,31.42084
15.58602,0.01958144,31.6046
15.59906,0.0195404,31.98104
15.6144,0.02009063,32.37073
15.62877,0.02019451,32.83882
15.64853,0.0213474,33.40403
15.66304,0.02259017,33.84529
15.67738,0.0223392,33.91512
15.69125,0.02248876,34.04786
15.70571,0.02253892,34.21598
15.71899,0.02235238,34.81876
15.73229,0.0227685,35.36395
15.74568,0.02258248,35.7598
15.76011,0.02369561,36.5506
15.77286,0.02363806,36.57777
15.7868,0.02410675,36.5475
15.80019,0.02369211,36.43914
15.81355,0.02375418,36.59637
15.82703,0.02345165,36.74069
15.84058,0.02370508,37.0314
15.85931,0.02412598,37.79771
15.87196,0.02441642,38.10417
15.88687,0.02444829,38.32609
15.90105,0.02448664,38.32489
15.91514,0.02533052,38.93991
15.92898,0.0236108,38.65248
15.94324,0.0240471,38.9519
15.9563,0.02561672,39.85959
15.97004,0.02531976,40.33411
15.9838,0.02665911,41.05989
15.99816,0.0260515,40.79339
16.01513,0.02588947,40.71605
16.02886,0.02560881,40.87823
16.04465,0.0248872,40.77831
16.0667,0.02416998,41.86533
16.0822,0.0240647,42.19422
16.09531,0.02399122,42.34881
16.10964,0.02372435,42.15639
16.12403,0.02355267,42.15663
16.1385,0.02231721,41.66312
16.15358,0.02197853,41.82673
16.16784,0.02128717,42.09301
16.18104,0.02095747,42.24137
16.19549,0.02038794,42.29353
16.20879,0.02027987,42.27893
16.22297,0.02043906,42.43127
16.23826,0.01933184,42.57079
16.25169,0.01919563,42.46899
16.2696,0.01787809,42.68613
16.28353,0.01710273,42.84072
16.29856,0.01597892,42.9079
16.31307,0.01542086,42.83722
16.32815,0.01469727,42.71476
16.34131,0.01442571,42.69376
16.35481,0.01436531,42.76695
16.36938,0.01408464,43.07498
16.38296,0.01336933,43.17183
16.39871,0.01278945,43.49529
16.4117,0.0123149,43.52736
16.42467,0.01168105,43.47444
16.43915,0.01171435,43.65555
16.45379,0.0117573,43.78605
16.47282,0.01135361,44.11647
16.48777,0.01112055,44.74031
16.51165,0.01093714,44.82405
16.52509,0.01065553,44.99055
16.54031,0.009958043,45.2613
16.55395,0.009898892,45.57902
16.56774,0.00976538,46.17467
16.58167,0.009979251,46.58812
16.59611,0.009988986,47.08371
16.61017,0.009145599,47.55958
16.62599,0.008791567,48.00573
16.64045,0.008823446,48.3826
16.65401,0.00901294,48.47183
16.67231,0.009659193,49.30028
16.68578,0.009908997,49.97967
16.70042,0.01073997,50.71426
16.71467,0.01104662,51.04124
16.72909,0.01109224,51.4783
16.74319,0.01102037,51.64722
16.75698,0.01038139,51.88943
16.77067,0.01129633,52.56275
16.78499,0.01211058,53.20404
16.7989,0.01252715,54.32936
16.81235,0.01329352,54.95947
16.82688,0.01371875,55.73804
16.84167,0.01288369,55.93668
16.85673,0.01327414,56.13551
16.8752,0.01235932,56.95838
16.88858,0.01479738,58.65911
16.90333,0.01430518,59.00395
16.91823,0.01592354,60.48374
16.93215,0.01439564,60.6405
16.95237,0.0144807,61.01742
16.96536,0.01616495,61.37991
16.97971,0.0145212,62.09516
16.99324,0.0150428,62.80914
17.00656,0.01509812,64.09961
17.02305,0.016206,64.96542
17.03745,0.0158009,64.90596
17.05083,0.01613609,65.36144
17.06516,0.01692154,66.20127
17.08505,0.01459101,66.41049
17.10139,0.01536644,66.94241
17.11582,0.0167558,67.96076
17.12986,0.01688338,68.76432
17.147,0.01601562,68.86192
17.16144,0.01680538,69.42067
17.1769,0.01491213,69.42567
17.19237,0.01441987,69.85375
17.20502,0.01542567,70.68365
17.21919,0.01409176,71.32637
17.23263,0.01389441,71.51687
17.24635,0.01350874,71.57008
17.26001,0.01330363,71.57767
17.27434,0.01285991,71.68949
17.29331,0.01363517,72.32644
17.30885,0.01310822,72.70779
17.323,0.01664923,74.06365
17.33756,0.01487585,72.92818
17.35186,0.01567003,72.6469
17.36565,0.01359475,29.10542
17.37893,0.0130899,28.94309
17.39362,0.01223595,28.79819
17.40641,0.01036019,28.54329
17.42099,0.00942449,28.37813
17.43556,0.008022631,28.2577
17.44894,0.007494909,28.04225
17.4627,0.007173021,27.94588
17.47643,0.007455603,27.82514
17.49448,0.008110957,27.632
17.50891,0.008146212,27.45932
17.52463,0.008421585,27.38576
17.54158,0.009412838,27.13798
17.55435,0.01012373,27.03238
17.57069,0.01151777,27.00214
17.58566,0.01176492,26.99415
17.59955,0.01201414,26.93747
17.61373,0.01120163,26.86994
17.6274,0.01105588,26.7129
17.64314,0.01095073,26.61385
17.65713,0.01143198,26.52294
17.67034,0.01204352,26.39242
17.6844,0.01231055,26.34867
17.70213,0.01247813,26.16504
17.71573,0.01226812,26.12652
17.72989,0.01192873,26.1139
17.74491,0.01289453,26.23263
17.75835,0.01348914,25.83216
17.7736,0.01383502,25.6924
17.78777,0.01423476,25.39602
17.80191,0.013976,25.26543
17.81552,0.01411907,25.30795
17.82936,0.0133721,24.93489
17.84335,0.01429725,25.06461
17.85721,0.01350821,25.12116
17.87012,0.01355372,24.80485
17.88441,0.01374721,24.71599
17.90322,0.01428174,24.50109
17.91681,0.01260256,24.3366
17.93051,0.01232904,24.27082
17.94513,0.01241781,24.18969
17.95901,0.01191709,23.9964
17.97268,0.01176267,23.87304
17.98583,0.01186,23.79316
17.99973,0.01179214,23.51467
18.01332,0.01168828,23.42939
18.02896,0.01084243,23.32354
18.04271,0.01014097,23.26706
18.05684,0.009601226,23.06896
18.07214,0.007388958,23.53609
18.08638,0.009557609,22.37796
18.10777,0.009771707,22.05942
18.12419,0.01301113,22.07175
18.14073,0.01166384,22.02223
18.15433,0.01177799,21.93424
18.16901,0.01047794,21.66038
18.18295,0.01041712,21.43556
18.19663,0.01007836,21.29143
18.21057,0.0111051,20.71498
18.22505,0.01141367,20.66763
18.23862,0.01211159,20.75641
18.25243,0.01210545,20.8109
18.26591,0.0122701,20.71666
18.27952,0.01249221,20.45847
18.29353,0.01309312,20.32032
18.31934,0.01385059,20.10242
18.33275,0.01397834,20.11342
18.34804,0.01412638,20.22191
18.36222,0.01446269,20.25964
18.3759,0.01396077,20.28638
18.38971,0.01433333,20.11859
18.40384,0.01479282,20.09485
18.41843,0.01540442,19.96834
18.43204,0.01593885,20.00014
18.44585,0.01587639,20.04757
18.46011,0.01659131,20.10562
18.47336,0.01684558,20.09258
18.48706,0.01651439,20.0607
18.50119,0.01655355,20.08026
18.52019,0.01842884,20.03657
18.5355,0.01668334,19.80625
18.54991,0.01708783,19.66666
18.56388,0.0166226,19.54139
18.57847,0.01612199,19.49641
18.59232,0.01585819,19.47723
18.60768,0.0160097,19.41491
18.62112,0.01591502,19.40062
18.63564,0.01561858,19.31645
18.65112,0.01552022,19.26352
18.66505,0.01502554,19.18365
18.67894,0.01449942,19.11023
18.69249,0.01443982,19.09672
18.70588,0.01428455,19.07602
18.72517,0.01371972,19.0792
18.73855,0.01290843,18.95783
18.75314,0.01246312,18.87912
18.76727,0.01203844,18.80836
18.78166,0.01207769,18.78746
18.79559,0.01211816,18.7826
18.80948,0.0120166,18.9564
18.82307,0.01205271,18.81054
18.83821,0.01134972,18.60993
18.85422,0.01089011,18.53176
18.86938,0.01000264,18.25869
18.88409,0.01004816,18.17904
18.8984,0.01012795,18.1313
18.91166,0.01000575,18.10254
18.93291,0.009440903,17.93158
18.94686,0.009103313,17.61815
18.96068,0.008947218,17.46362
18.97437,0.008764071,17.38778
18.98896,0.008560258,17.17714
19.00349,0.008667976,17.13975
19.01805,0.008989183,16.98865
19.03452,0.008721175,16.86231
19.04771,0.008345107,16.48382
19.0615,0.008034588,16.28311
19.07569,0.008604379,16.12266
19.08972,0.007545064,15.90177
19.10336,0.00734066,15.8252
19.11823,0.007201145,15.62594
19.14024,0.007426402,15.33222
19.15468,0.007373659,15.22109
19.16878,0.00690559,14.935
19.18281,0.007632199,14.97214
19.19925,0.007628187,14.7796
19.21452,0.01024229,14.70232
19.22845,0.01218397,14.46031
19.24237,0.01017483,14.21875
19.25583,0.0116659,14.14173
19.26884,0.01139505,14.05897
19.28283,0.01169774,14.03202
19.29688,0.01147018,13.91356
19.31187,0.0114686,13.63211
19.32509,0.01206183,13.67976
19.34449,0.01205525,13.45085
19.35828,0.01255292,13.21262
19.37267,0.013269,13.23348
19.38634,0.01381975,13.09138
19.40055,0.01354804,13.02528
19.4147,0.01286095,12.889
19.42861,0.01277161,12.72867
19.44276,0.01301077,12.69919
19.4569,0.01286216,12.57366
19.46942,0.01233816,12.39429
19.48419,0.01443375,12.54116
19.49777,0.01468658,12.44201
19.51289,0.01537046,12.54772
19.52717,0.0142057,12.04681
19.54701,0.01353812,11.95807
19.56038,0.01356526,11.90249
19.57485,0.01379761,11.87647
19.58801,0.01417098,11.74204
19.6031,0.01321565,11.76259
19.61837,0.01321951,11.50838
19.6323,0.0138309,11.56919
19.64639,0.01334479,11.43491
19.66088,0.01392391,11.47974
19.67533,0.01437496,11.42625
19.68879,0.01470586,11.08923
19.71171,0.01427541,10.98019
19.72524,0.01404372,10.83885
19.73914,0.01245785,10.60243
19.75788,0.01189054,10.50332
19.77074,0.0117679,10.43213
19.78438,0.01161507,10.34452
19.79828,0.01153409,10.16585
19.81218,0.01140923,10.05758
19.82613,0.01098894,9.916274
19.83955,0.0101184,9.863224
19.85368,0.009475983,9.806061
19.8678,0.009139788,9.712012
19.88236,0.009061928,9.647933
19.89597,0.01032969,9.526172
19.91018,0.008808415,9.53939
19.92416,0.009334764,9.480252
19.93767,0.008458745,9.42083
19.95195,0.008608608,9.305483
19.97063,0.008995237,9.20938
19.98383,0.008788394,9.065142
19.9988,0.008931392,8.871791
20.01281,0.008453287,8.77662
20.02724,0.007465374,8.643043
20.04291,0.007019815,8.590869
20.05705,0.006319575,8.352212
20.07027,0.00743503,8.429116
20.08826,0.00644394,8.037195
20.10215,0.005959145,7.856728
20.11762,0.005515807,7.814016
20.1313,0.005227929,7.773143
20.1461,0.005076259,7.662856
20.16226,0.004985108,7.63512
20.18353,0.00437734,7.549669
20.19599,0.003717061,7.486031
20.2102,0.002715678,7.306429
20.22384,0.002450061,7.238282
20.23869,0.002275793,7.197565
20.25233,0.002227638,7.164974
20.26665,0.002306084,7.224065
20.28078,0.002459123,7.273784
20.29438,0.002235183,7.246192
20.30894,0.002056254,7.131299
20.32302,0.002085494,7.02867
20.33776,0.001745898,7.075014
20.35153,0.001466292,7.005216
20.36506,0.001654069,7.137843
20.38379,0.001702845,7.209956
20.39831,0.001861827,7.145754
20.41283,0.001947113,7.115849
20.42713,0.002441057,7.096581
20.4421,0.002659991,6.981626
20.45536,0.00265621,6.97173
20.46873,0.002826051,7.102052
20.48256,0.002655788,7.250766
20.49661,0.002777227,7.286747
20.51008,0.003437392,7.237929
20.52383,0.003563338,7.169818
20.53799,0.003553959,7.120011
20.55193,0.003469172,7.14169
20.56808,0.003014526,7.459825
20.58725,0.003011364,7.518569
20.60057,0.002713609,7.627045
20.61526,0.002823333,7.472414
20.62991,0.002727827,7.081499
20.64579,0.003157467,6.849826
20.65955,0.003235726,6.647827
20.67511,0.002504842,6.940203
20.68933,0.00246321,6.820586
20.70417,0.002559081,7.155247
20.718,0.002398976,7.08197
20.73264,0.002349871,7.076179
20.74579,0.002386002,7.058358
20.75933,0.00223165,7.032687
20.77315,0.001824979,7.189656
20.79095,0.001329829,7.404567
20.8054,0.001277151,7.50556
20.81984,0.001443669,7.456247
20.83405,0.001528475,7.440282
20.84974,0.001520726,7.563847
20.86352,0.001560205,7.722529
20.87726,0.001418883,8.017141
20.89078,0.00134419,8.237807
20.90454,0.00178966,8.097013
20.91814,0.002099334,7.972256
20.93226,0.002226635,7.959639
20.94545,0.002044732,8.138006
20.95923,0.00222455,8.364006
20.9727,0.001979626,8.727219
20.98629,0.002025809,8.889356
21.00448,0.002209139,8.974654
21.01954,0.001876934,8.821873
21.03374,0.002219204,8.809483
21.05102,0.001413661,8.991911
21.06491,0.001168753,9.69919
21.08361,0.0009685279,9.797215
21.09903,0.001424378,10.1148
21.11322,0.00187273,9.957122
21.12676,0.001751074,9.486967
21.14215,0.001958974,9.436735
21.15528,0.002306776,9.414506
21.16968,0.002398211,9.965532
21.18706,0.002603253,10.17893
21.20649,0.002889672,10.26753
21.22037,0.00311152,10.02442
21.23684,0.002898267,9.900158
21.25185,0.002949173,9.979692
21.26627,0.002952166,10.14509
21.28014,0.00296688,10.56118
21.29399,0.002890038,10.6957
21.3077,0.002743311,10.70728
21.3228,0.002884235,10.55708
21.33593,0.002964521,10.58377
21.34988,0.003133277,10.83429
21.36375,0.004106191,11.61707
21.37763,0.00370002,11.4463
21.39224,0.004478131,11.65214
21.41111,0.005051172,11.59693
21.42451,0.004752863,11.31595
21.43945,0.005938665,11.36751
21.4541,0.006397506,11.39045
21.46877,0.006244804,11.97971
21.4831,0.006099749,12.17429
21.49684,0.006505792,12.18782
21.51023,0.006348725,12.19202
21.52403,0.006339978,12.04603
21.53828,0.00657339,12.03421
21.55145,0.00687129,12.34811
21.5691,0.007266506,12.62487
21.58253,0.00739989,12.90312
21.59636,0.00704909,13.17541
21.61504,0.006959029,13.19575
21.62847,0.006687235,13.12568
21.64425,0.006559175,13.20161
21.65855,0.006464001,13.66317
21.6734,0.006502923,13.98463
21.68817,0.006255153,14.56197
21.70226,0.006299585,14.61581
21.71606,0.006210069,14.57596
21.73001,0.005667123,14.42808
21.74409,0.005506057,14.49203
21.75806,0.00563825,14.80339
21.77186,0.005765466,15.13424
21.78523,0.005895007,15.44703
21.79988,0.005792916,15.7785
21.81858,0.00583076,15.63981
21.83403,0.005804537,15.53273
21.84982,0.005760452,15.62477
21.86433,0.005713578,15.92603
21.87954,0.005769041,16.46586
21.89253,0.00579388,16.82035
21.90684,0.005641107,16.91441
21.92033,0.005705946,16.82838
21.93426,0.005766795,16.71042
21.94889,0.005658075,16.77297
21.96354,0.005640435,16.97486
21.97661,0.005517906,17.60004
21.98993,0.005452696,17.90023
22.00366,0.005417358,18.10798
22.02267,0.005321656,18.17165
22.03573,0.0052215,18.10107
22.05252,0.005188896,18.17655
22.06954,0.005071723,18.63316
22.08431,0.004956828,19.19955
22.09998,0.004852647,19.68948
22.11502,0.00483896,20.08428
22.1287,0.004957257,19.71579
22.14367,0.004993826,19.64569
22.15776,0.005244331,19.78962
22.17302,0.005243627,20.00177
22.18656,0.005172386,20.71171
22.20106,0.005200669,21.52604
22.21672,0.005287901,21.50315
22.23494,0.005969337,21.67629
22.24812,0.006338446,20.98177
22.26339,0.006862867,21.11684
22.2783,0.006738081,21.62054
22.29451,0.006814653,21.99776
22.30844,0.006792123,22.53398
22.32214,0.006963684,22.8741
22.33609,0.006984501,22.50411
22.34939,0.007068117,22.3266
22.36325,0.007061963,22.36367
22.377,0.006954366,22.81546
22.39106,0.006875682,23.16794
22.40609,0.006760343,23.73463
22.42096,0.006744362,23.75085
22.43902,0.006852109,23.45222
22.45196,0.007255303,23.21212
22.47366,0.007440238,23.36119
22.48826,0.008144513,23.8826
22.50182,0.008088537,24.1901
22.51549,0.008103734,24.42962
22.52974,0.008090909,24.45675
22.54345,0.00818266,24.35085
22.55775,0.008346185,24.23634
22.57176,0.008573734,24.53352
22.58857,0.0089422,24.57629
22.60466,0.009151722,24.58154
22.61812,0.008888754,25.17648
22.63185,0.008744379,25.23903
22.65255,0.008759835,25.1307
22.66601,0.008739704,25.02548
22.68263,0.009005065,25.26365
22.69716,0.008822181,25.40359
22.71221,0.008898069,25.58227
22.72539,0.008861764,25.73351
22.73976,0.008825117,25.79315
22.75319,0.008810966,25.74336
22.7677,0.008744862,25.69059
22.78096,0.008730812,25.64562
22.79481,0.00866556,25.82021
22.80834,0.008559609,26.0855
22.82279,0.008477187,26.21855
22.83611,0.008442621,26.22805
22.85494,0.008152168,26.32431
22.86807,0.008524024,26.23276
22.88311,0.008586363,26.2093
22.89853,0.008493603,26.49366
22.91336,0.008565776,26.684
22.92756,0.008638704,27.00273
22.94113,0.008719903,27.10562
22.95466,0.00893271,26.99091
22.96838,0.008993983,26.97972
22.98336,0.009122358,26.87546
22.99792,0.009253507,27.16179
23.01256,0.009163229,27.40584
23.02603,0.009249822,27.49343
23.0398,0.008875021,27.80462
23.05828,0.008821105,27.7455
23.07466,0.008850002,27.50728
23.08994,0.008829316,27.6169
23.10451,0.008780438,27.79684
23.11937,0.008631029,28.23697
23.13335,0.008600933,28.37167
23.14732,0.00865898,28.33115
23.16188,0.008696246,28.24021
23.17713,0.008749057,28.20687
23.19056,0.008438334,28.34182
23.20457,0.008266617,28.98506
23.21951,0.008469382,28.86026
23.23565,0.00789927,28.98581
23.25086,0.008133015,29.04441
23.27228,0.008484298,29.00054
23.28699,0.008519887,29.27008
23.3013,0.008331805,29.5058
23.3151,0.008172252,30.0216
23.33072,0.0079344,30.15294
23.34478,0.007803113,30.09123
23.35886,0.007820424,29.86437
23.3728,0.007843873,29.74155
23.38685,0.007852016,29.73218
23.39964,0.007869775,29.98074
23.41438,0.007849189,30.16573
23.42797,0.008016611,30.48761
23.44207,0.008082226,30.54922
23.45569,0.008181585,30.50161
23.47303,0.008277636,30.47026
23.48763,0.00836036,30.56171
23.50126,0.008353975,30.70638
23.51549,0.008369929,30.91189
23.53003,0.008421427,31.49415
23.54396,0.008360207,31.80296
23.55902,0.008686852,32.11833
23.57401,0.008210931,32.82592
23.58796,0.008824587,32.1245
23.60801,0.00913223,32.53352
23.62138,0.009445522,32.70482
23.63534,0.008964584,33.51699
23.64927,0.009387409,33.828
23.66322,0.009569063,34.10899
23.68298,0.009882752,34.16987
23.69604,0.009977892,33.91317
23.71041,0.009744859,34.18825
23.7253,0.009682698,34.35654
23.7396,0.009845984,34.56886
23.75378,0.009569983,34.76166
23.76714,0.01011199,35.22216
23.78145,0.009779294,35.19144
23.7953,0.009961669,35.03761
23.80929,0.01011785,34.9455
23.82315,0.01022358,35.08546
23.83652,0.01019531,35.56564
23.85079,0.01078649,35.89979
23.86929,0.01078541,36.00315
23.88799,0.01075721,35.71941
23.90206,0.01054562,35.65511
23.91652,0.0104598,35.80296
23.9308,0.01040082,35.95071
23.94455,0.01069036,36.07884
23.95868,0.01044358,36.46545
23.97274,0.01025204,36.67669
23.9869,0.01036884,36.85908
24.00038,0.01050697,36.43572
24.01364,0.01073772,36.4092
24.02794,0.01081503,36.61362
24.04242,0.01052642,36.78481
24.05533,0.01082369,37.01646
24.07115,0.01139306,37.62878
24.09196,0.01173348,37.82182
24.10723,0.01212225,37.88086
24.12291,0.01172062,37.85592
24.13801,0.01114874,37.96058
24.15198,0.0111608,38.15152
24.16643,0.01101314,38.5059
24.18032,0.01095496,39.11097
24.19658,0.01107124,39.29727
24.20939,0.01125459,39.16395
24.22384,0.01126534,38.97482
24.23828,0.01102345,38.77346
24.25342,0.01105862,38.87751
24.26788,0.01097143,39.25771
24.28189,0.01069771,39.70503
24.30084,0.01081818,39.56153
24.31383,0.01071422,39.55945
24.32899,0.01072431,39.42505
24.34372,0.01034195,39.78958
24.3585,0.01028682,39.48213
24.37199,0.01043165,39.60884
24.38619,0.0101902,39.8061
24.39981,0.01027134,40.15617
24.41382,0.010589,40.29352
24.4276,0.01090131,40.14214
24.44188,0.01075672,40.18637
24.45585,0.01056232,39.90556
24.46987,0.01045729,40.05944
24.48338,0.01036765,40.18742
24.50238,0.01054292,40.63446
24.5189,0.01054213,40.61831
24.53284,0.01056683,40.52861
24.5474,0.01032614,40.38343
24.56247,0.0103054,40.43092
24.5761,0.01041276,40.69164
24.59042,0.01049224,40.86411
24.60419,0.01055153,41.14313
24.62106,0.01055108,41.14006
24.63437,0.01037691,41.07445
24.64865,0.01019444,40.97815
24.66379,0.01012025,41.01715
24.67896,0.01024064,41.29139
24.6945,0.01026928,41.47136
24.71725,0.01038126,41.74152
24.73531,0.008783436,18.6273
24.75094,0.00948462,19.25953
24.76525,0.009396267,19.26657
24.78011,0.00856323,19.1274
24.79388,0.007797369,18.97957
24.80842,0.007116366,18.72412
24.82193,0.006799915,18.75193
24.83572,0.006627196,18.65362
24.84818,0.006058505,18.65475
24.8627,0.005386188,18.46127
24.87599,0.005444338,18.63856
24.88953,0.004187918,18.47762
24.90357,0.004387321,18.39055
24.92176,0.004188555,18.17253
24.93546,0.004112088,18.12827
24.94964,0.003644593,18.12247
24.96336,0.003393566,18.10908
24.97793,0.002929987,17.93629
24.9921,0.00251623,17.81306
25.00573,0.002252271,17.6284
25.01897,0.001850061,17.28489
25.03298,0.001072376,17.14487
25.04691,0.00053961,17.32325
25.06184,0.001066317,17.32807
25.08074,0.001704238,17.28192
25.09611,0.001318045,17.26711
25.11034,0.003556324,16.83671
25.12948,0.003111243,16.54176
25.14429,0.003560124,16.49716
25.1584,0.003773293,16.7184
25.17426,0.004062167,16.90131
25.18866,0.004270548,16.66262
25.20389,0.005134284,16.51762
25.2194,0.005195609,16.31514
25.23279,0.006062739,16.2686
25.25386,0.006345487,16.23785
25.26854,0.006599371,16.41416
25.28436,0.006726312,16.41173
25.30064,0.007366066,16.2655
25.31613,0.007726457,16.04013
25.33898,0.007785878,15.99871
25.35288,0.008204408,16.05122
25.36619,0.008210332,16.17775
25.38063,0.008480848,16.19802
25.39522,0.008443012,16.15737
25.40869,0.009011958,16.00707
25.42472,0.01043666,15.7638
25.43779,0.01032889,16.07475
25.45314,0.009807979,16.29849
25.46664,0.01086522,16.32711
25.48057,0.01091093,16.3928
25.49434,0.01054508,16.31042
25.50816,0.01082751,16.15767
25.52162,0.01090797,16.10641
25.54087,0.01095189,16.25785
25.55469,0.01054007,16.23919
25.56907,0.01063873,16.4117
25.58404,0.01057893,16.41621
25.59819,0.01088504,16.24752
25.61233,0.01097791,16.12248
25.62694,0.01081035,15.95597
25.64053,0.01063819,15.9637
25.65428,0.01043126,16.03687
25.66829,0.01024133,16.1863
25.68225,0.01037792,16.16992
25.69566,0.0102587,16.26649
25.70982,0.01043888,16.24302
25.72504,0.01040498,16.21695
25.74379,0.01019736,16.1784
25.75717,0.009872791,16.44937
25.77186,0.009422248,16.58808
25.7863,0.009525624,16.57819
25.79995,0.009556746,16.57644
25.81368,0.009385969,16.58236
25.82716,0.008975413,16.56224
25.84096,0.008556511,16.66121
25.85526,0.008514864,16.74838
25.86951,0.008416207,16.78919
25.88324,0.008367622,16.85004
25.89651,0.008002135,16.87313
25.91273,0.008465205,16.84727
25.92639,0.008333593,16.8274
25.94382,0.008106412,16.93523
25.95687,0.00770523,16.999
25.97093,0.00737901,17.00067
25.98491,0.00721661,16.99717
25.99838,0.0068817,16.93433
26.0131,0.006766055,16.89429
26.02702,0.00629016,16.95153
26.04032,0.006036927,17.02638
26.05373,0.005595622,17.0256
26.06661,0.005703774,17.04883
26.08044,0.005816234,17.03776
26.09851,0.005939573,16.97733
26.11161,0.005522966,17.00674
26.12479,0.005413887,17.00072
26.13968,0.005091552,17.05474
26.15765,0.004910073,17.00963
26.17179,0.004942162,16.96482
26.18716,0.004990741,16.81872
26.20132,0.00486597,16.73977
26.21477,0.004434488,16.69459
26.23249,0.004050733,16.74386
26.24578,0.0036625,16.75376
26.26038,0.003165802,16.90063
26.27407,0.003016337,16.72157
26.28947,0.003086274,16.65256
26.30428,0.00313035,16.67574
26.31831,0.002991579,16.60055
26.33176,0.002742166,16.68331
26.34559,0.002443971,16.76185
26.36352,0.002128472,16.73382
26.37682,0.002144553,16.49514
26.39103,0.002256187,16.30885
26.40536,0.002417516,16.16463
26.41936,0.002150327,16.11593
26.4345,0.00197345,16.23855
26.44934,0.001709017,16.19449
26.46297,0.001673187,16.12649
26.47666,0.001668453,15.87754
26.49069,0.001694635,15.68701
26.50395,0.001786013,15.51685
26.51896,0.001894798,15.32318
26.53186,0.001647824,15.31082
26.54675,0.002351558,15.05234
26.56492,0.001764536,15.24025
26.57875,0.001472288,15.06735
26.59311,0.001871152,15.02162
26.60744,0.002050587,14.73244
26.62154,0.002452809,14.50875
26.64119,0.002556623,14.4428
26.65451,0.002553379,14.49845
26.66849,0.002350102,14.65975
26.68287,0.002526048,14.6413
26.69608,0.002533222,14.6348
26.71067,0.002797453,14.21239
26.72614,0.002960157,14.14379
26.73949,0.002764697,14.19128
26.75326,0.002499424,14.24476
26.77106,0.002310286,14.25025
26.78516,0.002353949,14.07325
26.79806,0.002313315,13.97267
26.81237,0.002242967,13.71458
26.82749,0.0020057,13.68245
26.84099,0.001930991,13.72073
26.85591,0.001889733,13.79991
26.86992,0.001648662,13.8318
26.88366,0.001936886,13.69274
26.89676,0.002248431,13.48677
26.91053,0.002426415,13.32529
26.92465,0.002657236,13.25901
26.93923,0.002311507,13.39456
26.95258,0.002232192,13.39693
26.96689,0.002175096,13.58328
26.98532,0.002220828,13.48115
26.9985,0.002521416,13.19006
27.01286,0.002393512,13.13717
27.02859,0.002664013,12.97785
27.0431,0.002670032,12.93724
27.05665,0.002264939,13.12134
27.07015,0.002344476,12.97502
27.08438,0.002129544,13.06574
27.10344,0.001813541,12.74952
27.11717,0.00134052,12.41961
27.13129,0.001312246,12.3432
27.14629,0.001787093,12.35887
27.16078,0.001998899,12.34927
27.17572,0.002232955,12.15036
27.19447,0.002112222,11.90241
27.20764,0.002007245,11.60088
27.22378,0.002030944,11.43578
27.23852,0.002184747,11.19582
27.25305,0.002575322,11.12167
27.26707,0.003406276,10.94597
27.28173,0.002815942,10.83656
27.29583,0.002400731,10.47151
27.31114,0.001484963,9.689171
27.32822,0.002698482,9.835933
27.34522,0.003138131,9.613292
27.3587,0.003983755,9.96269
27.37235,0.004554814,10.06243
27.38616,0.004793562,10.03072
27.40451,0.004457864,9.930244
27.41835,0.004105262,9.719237
27.4327,0.004215417,9.66009
27.44648,0.00438671,9.86095
27.46214,0.004878593,9.742554
27.47582,0.004662475,9.90556
27.48965,0.004066556,9.770546
27.50453,0.003940758,9.684909
27.51844,0.00383618,9.562113
27.53184,0.003871892,9.571443
27.54611,0.003891529,9.604371
27.5606,0.003901303,9.670322
27.57478,0.003842901,9.607175
27.58846,0.003072522,9.432839
27.61014,0.002397813,9.242779
27.62476,0.001459842,9.033919
27.63897,0.001103152,8.906048
27.65985,0.001078712,8.978595
27.67402,0.0009819528,9.075389
27.68866,0.0008209507,9.002262
27.70268,0.0007819739,8.920948
27.71721,0.0009976256,8.683807
27.73168,0.001291333,8.528965
27.74519,0.001318182,8.189928
27.75943,0.001086463,8.36741
27.77356,0.0007678607,8.561395
27.78765,0.0007671958,8.607382
27.80139,0.0007286724,8.616413
27.81945,0.001144268,8.440501
27.8333,0.001403903,8.365251
27.84738,0.001665221,8.393092
27.86178,0.001652439,8.444456
27.87585,0.001621116,8.516614
27.89084,0.001691612,8.505122
27.9063,0.00177811,8.513962
27.91982,0.001695691,8.529748
27.93377,0.001593435,8.557425
27.94704,0.001547512,8.622156
27.96036,0.001571045,8.672875
27.97497,0.001696075,8.737521
27.98832,0.002034648,8.772231
28.0032,0.002328099,8.823141
28.02719,0.00221776,8.912751
28.04006,0.001783902,8.807653
28.05295,0.001866529,9.005841
28.06694,0.001827708,9.007346
28.08032,0.001786078,9.004139
28.09457,0.00179574,8.980476
28.11189,0.001901499,9.00141
28.12612,0.002183833,9.066702
28.14026,0.002488556,9.208953
28.15545,0.002570886,9.223453
28.16908,0.002626779,9.280993
28.18485,0.00262498,9.302927
28.19913,0.002593665,9.271756
28.21379,0.00259715,9.275783
28.23352,0.002639831,9.368296
28.24673,0.00250578,9.476623
28.26157,0.002467457,9.519732
28.27636,0.002520056,9.458414
28.29134,0.002618197,9.452657
28.30485,0.002529792,9.611819
28.31894,0.002570389,9.541224
28.33525,0.002730371,9.523716
28.35067,0.002776997,9.671786
28.36418,0.00327091,9.78211
28.3796,0.00301811,9.846223
28.39345,0.003060276,9.872191
28.40819,0.003004653,10.1415
28.42214,0.003134949,10.09101
28.4426,0.002972237,10.16009
28.45552,0.003332779,10.2405
28.4694,0.003716651,10.26127
28.48334,0.003693114,10.30676
28.49786,0.004006031,10.39343
28.51252,0.004006339,10.44613
28.52652,0.004069527,10.59032
28.54042,0.004081111,10.6917
28.5545,0.004191725,10.80017
28.56814,0.004350383,10.86955
28.58204,0.004426653,10.9005
28.59586,0.004378058,10.93533
28.61061,0.004411177,11.06847
28.62434,0.004663127,11.15376
28.64273,0.004436231,11.22284
28.65698,0.004514824,11.28936
28.67142,0.004533287,11.32411
28.68692,0.005058256,11.48443
28.70043,0.005029474,11.56582
28.71603,0.005114323,11.72887
28.73062,0.006012467,11.81241
28.74436,0.006003652,11.72704
28.76036,0.005874496,11.87003
28.77425,0.006194312,11.8805
28.78781,0.006132672,11.95749
28.80154,0.006102536,12.07086
28.81527,0.006170828,12.15683
28.82804,0.006165436,12.3898
28.84843,0.006490014,12.42629
28.86098,0.006531269,12.53769
28.8759,0.006839412,12.5236
28.8896,0.006452253,12.71153
28.90428,0.006460016,12.79683
28.91841,0.006344393,12.9808
28.9321,0.00620148,13.05648
28.94542,0.006190359,13.09987
28.9593,0.006026252,13.22172
28.97294,0.0060921,13.19317
28.9869,0.005888578,13.32477
29.00176,0.005850803,13.39048
29.01768,0.005931589,13.51902
29.03062,0.00601508,13.55553
29.04914,0.006249166,13.63629
29.06233,0.006277458,13.654
29.07788,0.005881994,13.72512
29.09257,0.005571248,13.80549
29.10755,0.005386425,13.96025
29.12499,0.005640523,14.13789
29.13879,0.005724998,14.03025
29.15306,0.005721429,14.06462
29.16802,0.00571992,14.18754
29.18102,0.005570996,14.29328
29.19435,0.005161558,14.54505
29.20995,0.004903928,14.56188
29.22356,0.004247368,14.70619
29.23853,0.004599113,14.62765
29.25769,0.004574966,14.65818
29.27109,0.004389405,14.78384
29.28531,0.004391267,14.83816
29.29882,0.004316786,15.12862
29.31263,0.004436457,15.27414
29.32717,0.004485677,15.37216
29.34408,0.004555819,15.36895
29.36195,0.005043849,15.46189
29.37757,0.004851615,15.63599
29.39215,0.004764243,15.72468
29.40494,0.004694975,15.91041
29.42658,0.004642026,15.99968
29.44062,0.004397841,16.03326
29.45888,0.004506035,16.08859
29.47187,0.004736028,16.42831
29.48704,0.00543406,16.33187
29.50102,0.005624152,16.5635
29.51627,0.005920568,16.50607
29.53006,0.006566518,16.64118
29.54492,0.006701267,16.87335
29.55816,0.006328528,16.89259
29.57227,0.006186337,17.0068
29.58603,0.006125974,17.1196
29.60019,0.006234338,17.20848
29.61353,0.006451329,17.36734
29.62732,0.006520208,17.49062
29.64171,0.006897975,17.49369
29.66009,0.006988146,17.59547
29.67805,0.007098611,17.73176
29.69283,0.00704868,17.80827
29.70719,0.006978237,17.90274
29.72183,0.007002868,17.88196
29.73573,0.007081253,17.9909
29.74921,0.007076084,18.1352
29.76432,0.007172636,18.17836
29.77829,0.007438421,18.25788
29.79204,0.007427057,18.28937
29.80618,0.007434607,18.35998
29.81976,0.007391922,18.3828
29.83356,0.007597561,18.49231
29.84758,0.00706272,18.55425
29.89458,0.008428694,18.47004
29.90032,0.008411217,18.72034