4.594443,0.009351636,12.03342
4.602943,0.008668882,11.93814
4.618061,0.008664213,11.89817
5.033505,0.006338943,10.58524
5.040998,0.006301297,10.58158
5.0548,0.005803633,10.40193
5.110996,0.006055843,10.28603
5.119868,0.006105162,10.27018
5.133657,0.006505928,10.36957
5.146482,0.00652298,10.35583
5.160888,0.006129267,10.2939
5.173932,0.005741435,10.17585
5.188181,0.005501609,10.13302
5.201587,0.005494238,10.095
5.21463,0.005361538,10.14156
5.227109,0.005520598,10.19487
5.240459,0.005579541,10.26506
5.25388,0.005743532,10.28463
5.266628,0.005501891,10.31057
5.279877,0.005371601,10.302
5.301253,0.004719606,10.39474
5.311949,0.004534426,10.4179
5.32595,0.003389782,10.44386
5.339683,0.003639167,10.52818
5.353129,0.003856237,10.6196
5.366174,0.003974707,10.65085
5.379412,0.002190564,10.61472
5.39392,0.001761095,10.63458
5.406952,0.001133643,10.67133
5.420328,0.001085094,10.69198
5.433823,0.001130166,10.76808
5.446303,0.001014508,10.83765
5.460072,0.0005931195,10.87002
5.473401,0.0003815748,10.77967
5.487175,0.0003011011,10.72449
5.507333,0.0006444759,10.65089
5.519269,0.000723307,10.68614
5.532238,0.0008274758,10.77296
5.545801,0.0007975142,10.80123
5.560756,0.000754711,10.82811
5.574203,0.0006493666,10.8843
5.58696,0.0006659481,10.9251
5.600299,0.0006703625,10.89741
5.614293,0.0005263179,10.89047
5.62882,0.0006976029,10.92056
5.642661,0.0007907245,10.92977
5.655755,0.0005502729,10.98573
5.67126,0.0009567877,10.92712
5.684868,0.001374402,10.94717
5.697801,0.001557639,11.01737
5.719084,0.001781048,10.92634
5.729643,0.001803818,10.91013
5.744162,0.001879245,10.92409
5.759145,0.002433676,10.95147
5.775688,0.002646363,10.92476
5.789979,0.002924172,10.90625
5.803568,0.003145709,10.86914
5.816561,0.003405981,10.84767
5.830544,0.003468392,10.84548
5.846137,0.003564674,10.88248
5.85992,0.003634634,10.88683
5.873531,0.003759426,10.93744
5.886852,0.003769511,10.94881
5.900845,0.003838981,10.94668
5.920827,0.003514513,10.97178
5.931655,0.003878626,10.95988
5.947539,0.004034807,10.97054
5.961964,0.004353477,11.026
5.976244,0.004519322,11.07585
5.991333,0.004216869,11.12003
6.007571,0.004137852,11.11142
6.028591,0.004476413,11.10135
6.039721,0.004633062,11.12125
6.053224,0.005499029,11.14942
6.066856,0.00623775,11.27087
6.081244,0.007376518,11.64134
6.094625,0.007140256,11.35871
6.109082,0.007504729,11.37601
6.12971,0.007865223,11.43032
6.14259,0.008054715,11.45736
6.156677,0.008334623,11.4784
6.171897,0.008721796,11.56906
6.187417,0.008812182,11.66451
6.202758,0.008754664,11.51629
6.217146,0.00882111,11.52083
6.231287,0.00883761,11.40831
6.24535,0.008858933,11.40491
6.25946,0.009311444,11.34276
6.273345,0.009454353,11.43707
6.287202,0.00948102,11.50842
6.301687,0.009373021,11.6483
6.316273,0.009275489,11.70247
6.33672,0.009258049,11.79181
6.351044,0.008905197,11.85828
6.366234,0.008852254,11.93244
6.380272,0.008640866,12.1338
6.39496,0.008217638,12.00641
6.408603,0.008146381,12.1635
6.422971,0.009222265,12.10604
6.436472,0.009235376,12.20807
6.450103,0.009455942,12.24142
6.463336,0.008563085,12.32661
6.476475,0.008649339,12.3232
6.490611,0.008851278,12.32989
6.504195,0.009218217,12.42791
6.517546,0.009366307,12.45897
6.538006,0.009176649,12.47762
6.549506,0.009531589,12.5187
6.564237,0.009702707,12.49741
6.578204,0.009560852,12.52297
6.593338,0.008959052,12.27308
6.607046,0.008785643,12.22448
6.621047,0.008711638,12.05033
6.635783,0.008766331,12.00845
6.650424,0.008853324,11.98967
6.664221,0.01058565,11.72071
6.678052,0.01043823,11.74457
6.692643,0.01009078,11.90003
6.708319,0.01000776,11.91633
6.722381,0.009804525,11.96008
6.742709,0.01006532,11.67557
6.754621,0.009243838,11.9523
6.76922,0.00877728,12.07468
6.783768,0.007376952,12.05344
6.797369,0.006270679,12.13508
6.811363,0.007528917,12.21672
6.825415,0.007567676,12.29034
6.839627,0.007497155,12.27644
6.856596,0.007371865,12.26265
6.870499,0.007152853,12.38297
6.884705,0.007083821,12.21726
6.901577,0.007170473,12.26424
6.920227,0.006990524,12.4464
6.937071,0.007378519,12.40144
6.960321,0.006852322,12.52757
6.975864,0.00711369,12.61684
6.991732,0.007165574,12.63966
7.009608,0.007175064,12.70054
7.037107,0.007081319,12.73343
7.052256,0.006833801,12.80031
7.06669,0.006676034,12.82192
7.08087,0.006718956,12.88125
7.095006,0.006999264,12.88277
7.112763,0.007097607,13.06452
7.127347,0.007086484,13.22859
7.142786,0.006920114,13.29941
7.162187,0.005915103,13.42512
7.176456,0.006270168,13.47933
7.191692,0.005824656,13.5702
7.20582,0.005240819,13.64386
7.220678,0.004950647,13.70334
7.235154,0.004607832,13.88537
7.249605,0.004543017,13.76322
7.264822,0.004169522,13.83224
7.278958,0.004088483,13.87161
7.293383,0.004450081,13.79279
7.307593,0.004314424,13.91016
7.322771,0.004337147,13.84304
7.336799,0.004351777,13.89966
7.351485,0.004486097,13.87504
7.371333,0.004496489,13.90064
7.384242,0.004442038,13.93798
7.398911,0.004326058,13.96202
7.413807,0.004212797,14.02798
7.428004,0.004055683,14.03847
7.443624,0.004208159,14.07032
7.457978,0.004369515,14.04776
7.4725,0.003989422,14.17357
7.486284,0.004256864,14.28524
7.502309,0.004066085,14.29338
7.516271,0.003940589,14.3068
7.530343,0.00375862,14.3404
7.544261,0.003850132,14.37302
7.558592,0.00364774,14.42471
7.578887,0.003643068,14.36965
7.591038,0.003554067,14.34114
7.605918,0.003489224,14.35194
7.619891,0.003491413,14.44093
7.63562,0.003464228,14.4823
7.65016,0.003487037,14.52406
7.665713,0.003442715,14.55826
7.680003,0.003375556,14.55098
7.694296,0.003237389,14.606
7.708129,0.003293799,14.61381
7.722996,0.003897377,14.67802
7.736363,0.00394423,14.73264
7.750604,0.004225596,14.7026
7.764996,0.004069127,14.80689
7.786723,0.003964159,14.80652
7.798638,0.004025999,14.83222
7.813323,0.004056686,14.87863
7.82733,0.004121295,14.90944
7.842511,0.004108836,14.9674
7.859241,0.004017137,15.01197
7.873237,0.003989172,15.09509
7.886548,0.004190986,15.15325
7.901231,0.003961577,15.19603
7.915307,0.003566942,15.29234
7.929925,0.003640733,15.34222
7.944256,0.003623219,15.39444
7.958924,0.003322788,15.4697
7.973478,0.004259393,15.46048
7.994092,0.004936134,15.52516
8.00642,0.005342691,15.61443
8.021189,0.005341516,15.68777
8.036534,0.005557569,15.62914
8.05444,0.006013092,15.70973
8.068953,0.006308849,15.80778
8.090052,0.006635699,15.85672
8.104146,0.006606462,15.94655
8.118489,0.006599782,15.99982
8.133183,0.006523084,16.04217
8.146912,0.006464667,16.03509
8.161497,0.006529774,16.05281
8.177342,0.006528556,16.05251
8.19849,0.007045304,16.20251
8.212097,0.007242475,16.2447
8.23064,0.007648536,16.28571
8.247341,0.007559428,16.20674
8.261673,0.007303114,16.21629
8.275466,0.007900001,16.28991
8.290234,0.007986438,16.4066
8.304731,0.00812311,16.46563
8.318522,0.008000202,16.52111
8.332932,0.007760687,16.54661
8.346112,0.007614607,16.57393
8.359862,0.007040307,16.59318
8.374556,0.00708368,16.58703
8.388541,0.007194226,16.64359
8.409513,0.007431222,16.74779
8.421886,0.007359701,16.86025
8.435733,0.007224355,16.92197
8.450746,0.006955245,16.94918
8.466217,0.006922915,16.9767
8.47967,0.006914814,17.00363
8.493013,0.006891801,17.03585
8.506716,0.007079115,17.08008
8.520793,0.006968981,17.07187
8.534043,0.006860264,17.16451
8.547179,0.006813423,17.16856
8.561013,0.006921375,17.20548
8.574702,0.006707269,17.35123
8.590213,0.006993966,17.21528
8.609906,0.007227554,17.39493
8.622733,0.006955818,17.35588
8.638502,0.006747125,17.40051
8.65335,0.00651771,17.43548
8.669882,0.006346508,17.56836
8.684199,0.006309424,17.60252
8.698868,0.006374584,17.58568
8.713212,0.006440729,17.69804
8.72671,0.006282554,17.74487
8.740572,0.006296569,17.78996
8.754736,0.006206242,17.87125
8.768279,0.006160385,17.94061
8.782696,0.00593282,18.03022
8.798435,0.005787479,18.13867
8.819375,0.005511777,18.11438
8.83249,0.005722077,18.11795
8.846585,0.005721506,18.16105
8.864428,0.005735183,18.21885
8.881449,0.005587201,18.26085
8.896269,0.005499975,18.27218
8.909904,0.005384765,18.30665
8.923696,0.005689399,18.36797
8.937533,0.00572329,18.37895
8.951266,0.005883228,18.40959
8.964489,0.006340246,18.35543
8.977995,0.006081108,18.44903
8.991963,0.006450478,18.36835
9.0071,0.006711152,18.37747
9.028609,0.006740785,18.43439
9.041489,0.00673752,18.49462
9.055798,0.006720135,18.53349
9.073174,0.006432559,18.73701
9.089717,0.006565397,18.74312
9.103469,0.00688809,18.67906
9.117826,0.006918342,18.70471
9.134358,0.006928414,18.82619
9.14804,0.006917087,18.86679
9.166842,0.007334675,18.9733
9.183103,0.00737082,19.00113
9.197444,0.007294834,18.98849
9.210824,0.007287021,19.00801
9.231213,0.00696129,18.99142
9.245437,0.00630959,19.15217
9.259362,0.006646655,19.04925
9.273,0.007267521,19.10539
9.286411,0.007256091,19.12582
9.299515,0.007141315,19.12572
9.313084,0.007497331,19.07485
9.327964,0.007283529,19.14959
9.341903,0.006925687,19.217
9.354908,0.006501867,19.23331
9.368155,0.006442075,19.21986
9.382546,0.005967155,19.15178
9.396078,0.005888139,19.11537
9.409319,0.005906857,19.05003
9.423024,0.005748236,18.99736
9.442551,0.005534194,18.85814
9.454918,0.005732881,18.74689
9.468338,0.005680013,18.58138
9.482175,0.005699148,18.39634
9.496329,0.005582592,18.31341
9.509432,0.005040064,18.09822
9.523147,0.00467025,17.88595
9.536659,0.004304483,17.73645
9.55051,0.003886598,17.41797
9.563819,0.00375521,17.30202
9.575933,0.003714077,17.27736
9.590063,0.003659442,17.32909
9.603307,0.003927421,17.45406
9.616054,0.003814902,17.45039
9.629028,0.003337019,17.40657
9.649276,0.002927659,17.23868
9.662501,0.002537268,17.03671
9.675715,0.002423659,16.96243
9.690653,0.002258044,16.81542
9.705958,0.002177774,16.76086
9.719829,0.001927607,16.83515
9.732965,0.001809304,16.61639
9.746799,0.0008972432,16.65186
9.761436,0.0008344733,16.5124
9.774701,0.000899449,16.3842
9.789362,0.002077306,16.20545
9.804218,0.002410551,15.69191
9.819767,0.002931558,15.4158
9.833158,0.002810527,15.05614
9.853105,0.003206314,14.80429
9.866788,0.004122122,14.69
9.885419,0.004986404,14.51464
9.89924,0.005630625,14.44696
9.912559,0.00666353,14.1982
9.925911,0.006627469,14.19619
9.940213,0.006494869,14.11988
9.953393,0.005902417,14.14366
9.967713,0.00608058,14.08208
9.981415,0.005825069,14.22865
9.995049,0.005917371,14.23903
10.00795,0.006154296,14.23017
10.02217,0.006212608,14.15421
10.03637,0.006310348,14.02261
10.05516,0.006158602,14.09925
10.06893,0.006610926,13.95825
10.0835,0.006341822,14.09406
10.10031,0.006412248,14.18468
10.11491,0.006694461,14.11606
10.12887,0.006627591,14.18464
10.14361,0.007049887,14.01785
10.15786,0.007261446,14.02706
10.17973,0.006816773,14.0855
10.19253,0.0056891,14.30867
10.20632,0.005965366,14.37285
10.22039,0.006310597,14.43647
10.23339,0.00684617,14.41153
10.24696,0.006199477,14.4736
10.27006,0.005616837,14.52366
10.28437,0.004988271,14.57818
10.29808,0.004886373,14.60439
10.31108,0.004674565,14.60543
10.32454,0.004649474,14.59857
10.33817,0.004556942,14.60261
10.35165,0.004580894,14.69396
10.36494,0.004462075,14.73961
10.37809,0.004273353,14.80113
10.39173,0.003864165,14.93324
10.40611,0.003605514,14.95796
10.41924,0.002988497,14.85089
10.43254,0.002877801,14.93577
10.44641,0.002927479,14.9464
10.45988,0.002831472,14.85267
10.47795,0.002503287,14.96484
10.49049,0.00268029,15.02711
10.50412,0.002785395,15.05739
10.5179,0.003051507,14.95785
10.53206,0.002983283,15.08289
10.54508,0.00295512,15.20112
10.55881,0.003106189,15.18285
10.57449,0.00352374,15.36133
10.58819,0.003519474,15.31855
10.60191,0.003687411,15.29207
10.61458,0.003850517,15.30603
10.62765,0.004347328,15.39731
10.64121,0.004318962,15.39286
10.65514,0.004385012,15.45383
10.668,0.004395709,15.493
10.68553,0.004385162,15.6402
10.70119,0.004136481,15.7467
10.71583,0.004018913,15.78139
10.72889,0.003913186,15.8443
10.74307,0.004132868,15.84363
10.75716,0.004052907,15.92902
10.771,0.00419031,15.92513
10.78414,0.004703924,15.96861
10.80062,0.004895362,15.94285
10.81346,0.005184718,16.03071
10.82644,0.005389807,16.03678
10.83981,0.005302478,16.04022
10.85323,0.005016859,16.0918
10.86664,0.004749975,16.0946
10.88566,0.005094181,16.18648
10.90644,0.005054951,16.08576
10.92279,0.004767432,16.01328
10.93783,0.004762616,15.96907
10.95327,0.004834573,15.90705
10.97174,0.004892732,15.85616
10.98726,0.004954479,15.8569
11.00211,0.005006316,15.85655
11.01562,0.005066499,15.97698
11.02941,0.005182865,16.01928
11.04277,0.00515081,16.13027
11.05693,0.005096275,16.18032
11.07058,0.005034404,16.21549
11.08463,0.00499738,16.26727
11.09803,0.004967121,16.26616
11.12253,0.005006419,16.3527
11.13743,0.005241061,16.38955
11.15224,0.005722819,16.43855
11.16855,0.00543835,16.45758
11.18381,0.005555482,16.50951
11.19937,0.005807076,16.53069
11.21354,0.00591376,16.6314
11.2297,0.00668928,16.97845
11.24924,0.006921882,17.02169
11.2628,0.007174638,17.2922
11.27676,0.007189853,17.33188
11.29025,0.007062468,17.3811
11.30395,0.006768235,17.3635
11.3218,0.006672931,17.47289
11.33469,0.006470806,17.55625
11.34946,0.006470644,17.6383
11.36352,0.006457279,17.72761
11.37792,0.006639585,17.86249
11.392,0.006540531,17.98942
11.40654,0.006278113,18.07388
11.41966,0.006377244,18.16658
11.43276,0.005915368,18.31397
11.44618,0.005695495,18.42181
11.45896,0.005588472,18.53349
11.47256,0.005286604,18.71666
11.48543,0.005005776,18.78452
11.49881,0.004858589,18.87753
11.51364,0.004386161,18.96229
11.53231,0.004263416,19.14132
11.54725,0.004387379,19.48093
11.56498,0.003318723,19.65844
11.57915,0.003766626,19.79994
11.59376,0.003515584,19.93905
11.60739,0.002575539,20.03455
11.62293,0.002617613,20.05486
11.63665,0.003473019,20.19852
11.65101,0.002550283,20.30247
11.66486,0.002348283,20.40351
11.67848,0.002289351,20.42655
11.69206,0.002094448,20.42971
11.70863,0.001147992,20.59285
11.72236,0.00156206,20.61529
11.74005,0.001706638,20.89662
11.75512,0.001562603,20.99245
11.76954,0.001571561,21.03315
11.78318,0.001427074,21.12471
11.79755,0.001204431,21.18572
11.81061,0.001253612,21.36484
11.8257,0.001315569,21.46663
11.84063,0.001543239,21.68428
11.85621,0.001643523,21.78883
11.87124,0.001418865,21.85026
11.88763,0.0009449013,17.05365
11.90496,0.0005380958,17.0414
11.91984,0.0001677871,16.59914
11.93404,0.0001622401,16.79983
11.95275,0.0003228411,16.34357
11.96644,0.0002487339,16.19487
11.98254,0.0007647201,15.93971
11.99652,0.00120287,15.58642
12.01124,0.001424026,15.7532
12.02544,0.001241494,15.23894
12.04023,0.001792964,14.74908
12.05434,0.001735885,14.26452
12.06904,0.001737904,14.39273
12.08337,0.00207131,13.80713
12.09671,0.002204552,13.78985
12.11005,0.002800409,13.88693
12.12771,0.003219962,14.19087
12.15049,0.003130257,14.31425
12.17466,0.003124889,14.05224
12.19081,0.003135469,13.79021
12.20868,0.003240775,13.68279
12.22397,0.003192317,13.68555
12.2403,0.003229108,13.63614
12.25435,0.003360808,13.64791
12.26801,0.003397703,13.39801
12.28364,0.003553458,12.8683
12.29852,0.003772855,12.76974
12.31819,0.0036879,12.38652
12.33243,0.003979132,12.08298
12.34611,0.004051119,12.01902
12.35995,0.004187126,10.93242
12.37937,0.004249334,10.55517
12.39404,0.00406244,10.33759
12.40726,0.00370314,10.22556
12.42198,0.003920529,10.04202
12.43588,0.00395545,9.959099
12.45019,0.004087981,10.03375
12.46445,0.003927764,10.00477
12.47767,0.003810607,9.96978
12.49153,0.003557265,8.96067
12.50586,0.0031184,8.864151
12.51983,0.002982214,8.685501
12.53284,0.002882216,8.441566
12.54601,0.002802655,8.456932
12.55951,0.002615463,8.635857
12.5724,0.002559241,8.605118
12.58983,0.002554655,8.555489
12.60299,0.002245676,8.089317
12.61636,0.001990035,7.83065
12.63077,0.00164929,7.663528
12.64417,0.001297362,7.397354
12.65763,0.0008946769,7.315521
12.6727,0.0005186163,7.193085
12.68618,0.0001505576,6.141594
12.70034,0.0004562773,6.657265
12.71565,0.0004943497,6.669739
12.72876,0.0004081279,6.338448
12.74296,0.0002994761,6.562248
12.75585,0.0003759153,6.084404
12.77031,7.395819E-05,6.066338
12.78316,0.0002535172,6.431244
12.80162,2.458692E-06,6.640045
12.81546,4.286692E-05,6.701843
12.82934,0.0003517717,6.59919
12.84339,0.0007828251,6.397133
12.85676,0.001064617,6.454231
12.87072,0.00115573,6.318855
12.88401,0.0009649023,5.913414
12.90101,0.0004950836,5.994789
12.91465,0.0003399849,6.000816
12.92754,0.000201419,6.053108
12.94143,5.86845E-05,6.31842
12.95531,0.0001158863,6.388283
12.96968,0.0004063211,6.334244
12.98374,0.0004297644,6.36097
13.00177,0.0001731925,6.382629
13.01432,8.194521E-05,6.394913
13.02872,0.001523551,6.425545
13.04275,0.001984511,6.446259
13.05655,0.001766082,6.923782
13.07171,0.002440758,7.020172
13.08514,0.002830144,7.127029
13.09886,0.003131583,7.390488
13.11284,0.002922155,7.303543
13.12762,0.003117468,7.430244
13.14206,0.003743306,7.635864
13.15501,0.004201103,7.754974
13.17203,0.00386072,7.223976
13.18679,0.003891166,7.036209
13.2112,0.003544468,6.410545
13.22322,0.003367893,6.083855
13.23718,0.003693826,6.054794
13.25135,0.003611084,5.931778
13.26622,0.00348077,5.697006
13.28078,0.003472019,5.586388
13.29572,0.003443919,5.548141
13.30929,0.003241464,5.464912
13.33074,0.002991192,5.122963
13.34428,0.003152601,5.037636
13.35768,0.003286254,4.827667
13.37197,0.002976853,4.747047
13.38567,0.003761332,5.144257
13.39957,0.003827009,5.200737
13.41714,0.003740825,5.009407
13.43112,0.003697418,4.851631
13.44511,0.003555708,4.566284
13.45879,0.003876593,4.151962
13.47302,0.004487377,4.544472
13.48712,0.004475687,4.512062
13.50094,0.004308436,4.084045
13.51424,0.004111245,4.034798
13.52735,0.003582187,4.277443
13.54109,0.003519699,3.926712
13.55399,0.003457781,3.664314
13.56747,0.003893115,2.87159
13.58149,0.003619179,2.957497
13.59514,0.003668152,2.992653
13.60784,0.003715444,2.961128
13.62586,0.003068872,2.568718
13.63789,0.002781603,2.442406
13.65283,0.002149653,1.884842
13.66645,0.002113029,1.537193
13.68226,0.002546497,1.475281
13.69563,0.002768978,1.573357
13.70932,0.003210448,0.7136841
13.72397,0.003168222,2.003548
13.73724,0.002898227,1.979736
13.75131,0.002558522,1.750191
13.76515,0.002522379,1.479797
13.77839,0.003507093,0.7429428
13.79199,0.003448494,1.03228
13.80532,0.003680419,0.1342773
13.81962,0.003829692,0.2578888
13.8374,0.004993856,0.7744904
13.85106,0.004951578,0.6064301
13.86581,0.005262986,0.6576004
13.88139,0.005199313,0.2969971
13.89608,0.005394749,0.3834381
13.91294,0.005239353,0.1982346
13.92789,0.004986055,0.1191101
13.94177,0.00465719,0.08559418
13.95535,0.004702363,0.1552048
13.96976,0.004460745,0.03005981
13.98341,0.004907642,0.05461884
13.99708,0.004876472,0.0412674
14.01127,0.004684597,0.09881592
14.02465,0.004610594,0.2694016
14.04275,0.004509039,0.1932297
14.0562,0.004498754,0.02005768
14.07208,0.004816834,0.0994873
14.08613,0.004764587,0.2765884
14.10052,0.005271573,0.9017944
14.11418,0.005569406,1.098511
14.12752,0.005383838,0.669136
14.14165,0.005084082,0.506279
14.15512,0.005103245,0.1920166
14.1686,0.004977018,0.425148
14.1836,0.004445169,0.4339523
14.19934,0.004365452,0.456665
14.21446,0.004431453,0.4165955
14.22989,0.004488271,0.5817108
14.24819,0.004522767,0.6551132
14.26209,0.003701638,1.087112
14.27577,0.003400818,1.535576
14.29029,0.003107406,1.369232
14.30535,0.002426699,1.370026
14.32189,0.001494393,1.456421
14.34166,0.001326825,1.952927
14.35408,0.00143896,2.049721
14.36841,0.001508161,2.104164
14.38168,0.001787405,1.688065
14.39579,0.001597703,1.586639
14.40927,0.001133066,1.457596
14.42298,0.000916034,1.447739
14.43669,0.0002037399,1.511238
14.45642,0.0002928749,1.666191
14.46963,0.000300996,1.871346
14.48405,0.0005626492,2.081161
14.49853,0.0002733059,1.758675
14.51293,2.447143E-05,1.271118
14.52853,0.0005344674,1.794319
14.54406,0.000271596,1.572449
14.55782,3.080443E-05,1.588402
14.57185,0.0004151165,2.172829
14.58607,0.0003346466,2.25412
14.60086,5.285442E-05,2.195747
14.61407,4.396588E-05,2.256683
14.62772,0.0002968423,2.28653
14.64239,0.0003425442,2.405388
14.6605,6.817281E-07,2.684349
14.67331,0.0004578941,2.836212
14.68897,0.001046751,2.920769
14.70386,0.000275109,3.202606
14.71766,0.0006095022,3.149666
14.73378,0.000467319,2.929764
14.75045,0.001082756,2.830887
14.7652,0.001305331,2.87928
14.77936,0.001514405,3.10498
14.79401,0.001584508,3.195
14.80761,0.00148664,3.257034
14.82252,0.001205266,3.136513
14.8368,0.001417711,3.198708
14.85142,0.001622658,3.010468
14.86972,0.001636501,2.41066
14.88335,0.001887076,2.587952
14.8984,0.0009087659,2.15583
14.91608,0.0004758984,1.912735
14.93095,0.000180088,1.086502
14.94529,0.0001521558,0.8787003
14.95967,0.0001775548,0.6665497
14.97349,0.000551533,0.6612473
14.98747,0.0005508326,0.1880951
15.00289,0.00154233,0.2321701
15.01657,0.002012912,0.8500366
15.03173,0.002778877,1.358757
15.04588,0.002579555,1.76474
15.06046,0.002770465,2.151512
15.07801,0.002212275,1.891808
15.09276,0.001961935,1.440941
15.10594,0.002022862,1.263481
15.121,0.002312105,1.520462
15.13759,0.002204835,1.594154
15.15165,0.001980707,2.202339
15.16593,0.001793265,2.632294
15.18012,0.002728496,2.786896
15.19486,0.003007092,3.275124
15.20825,0.003368594,3.974327
15.22549,0.003855515,4.098587
15.24132,0.00444553,4.461006
15.25521,0.004670173,4.912933
15.26858,0.0044467,6.117271
15.28684,0.003944308,6.675354
15.30119,0.004861042,6.653526
15.31524,0.004784979,6.952934
15.33024,0.004905485,7.217712
15.34524,0.005215906,7.624733
15.35897,0.004991785,7.978798
15.3783,0.004787117,8.300674
15.39256,0.004797265,8.526016
15.407,0.004665855,8.872955
15.42069,0.004696734,9.140846
15.43476,0.004553381,9.151047
15.44888,0.004239812,9.291946
15.46314,0.004146066,9.383621
15.47721,0.004048645,9.526253
15.49605,0.003839586,9.515457
15.51092,0.003550861,9.497658
15.52526,0.003301349,9.665794
15.53911,0.003213361,9.697052
15.55368,0.002738796,9.617561
15.56711,0.00251453,9.579735
15.58121,0.002315007,9.905678
15.59522,0.002345942,9.990402
15.61087,0.002428189,10.16863
15.62439,0.0012464,10.48285
15.63769,0.002625663,11.32508
15.65379,0.001917701,11.13189
15.6677,0.002335921,11.07323
15.68224,0.002046242,11.13157
15.70102,0.001607966,11.22979
15.7149,0.001104202,11.30162
15.72983,0.001618911,11.25829
15.7442,0.001707621,11.26316
15.76087,0.001777079,11.23829
15.77479,0.001792178,11.23801
15.7887,0.001688737,11.11919
15.80386,0.001126438,10.82609
15.82158,0.0008883029,10.65536
15.83621,0.001079142,10.53484
15.85053,0.001342937,10.62292
15.8644,0.0009593479,10.89005
15.87812,0.001176804,10.66572
15.89197,0.0008348152,10.70212
15.91202,0.0005697981,10.76774
15.93102,0.0006527677,10.85905
15.94448,0.0009038039,11.22875
15.95953,0.000480216,10.88753
15.9738,0.0001195446,10.52459
15.98727,0.0008722767,8.7314
16.00241,0.0003352761,9.323021
16.01659,0.00036994,9.152939
16.031,6.546825E-05,9.13015
16.04514,7.990748E-06,9.345284
16.05957,0.000544358,9.108681
16.07317,0.0008551143,8.989738
16.08666,0.0008351691,8.965057
16.10114,0.0003402047,9.186821
16.12032,0.0004735738,8.945404
16.13414,0.001021218,8.379303
16.14881,0.001289811,7.954025
16.1654,0.001478486,8.015999
16.18114,0.001328915,7.874901
16.19505,0.001232952,7.813484
16.20914,0.0009706169,7.714241
16.22223,0.001048211,7.118614
16.23779,0.001413215,6.897392
16.25596,0.001691129,6.826775
16.27225,0.002158709,6.795395
16.28544,0.002069641,7.100655
16.29886,0.002290752,7.014786
16.31272,0.001659837,7.024887
16.33089,0.002350949,6.829872
16.3459,0.003014769,5.784912
16.36223,0.002407327,6.062828
16.37599,0.00269014,5.415779
16.38991,0.002628595,5.275803
16.40396,0.002656691,5.12986
16.41775,0.002894659,4.45005
16.43693,0.002705112,4.543877
16.45038,0.002577778,4.004494
16.46348,0.002325982,3.937515
16.47687,0.002264448,3.758232
16.49093,0.002662111,3.39238
16.50409,0.003037259,3.457146
16.51707,0.002958488,3.435654
16.53535,0.004518602,3.374077
16.54869,0.004668545,3.520164
16.56321,0.004803643,3.550262
16.57742,0.004716698,3.53688
16.59318,0.004349064,3.552116
16.6072,0.00439579,3.420448
16.62175,0.00427343,3.200104
16.63555,0.004294433,2.986794
16.65066,0.004149735,3.312874
16.664,0.004834175,3.362244
16.67824,0.004895974,3.381989
16.69253,0.004792612,3.812225
16.70718,0.005960122,3.595001
16.72101,0.006467674,3.246956
16.74199,0.005403198,3.407486
16.75716,0.006346952,2.704399
16.77456,0.006811108,2.401947
16.78893,0.006683078,2.451996
16.80374,0.006542366,1.835175
16.818,0.008815333,0.6961899
16.83319,0.008016769,1.194115
16.84768,0.007649049,0.6867599
16.86215,0.008081842,0.1024933
16.87591,0.007757269,0.2124557
16.89109,0.007235959,0.3678818
16.90452,0.006803222,1.009514
16.91976,0.007099595,1.165802
16.9372,0.007154316,1.261246
16.95698,0.007010784,1.404488
16.97198,0.0075441,1.574501
16.98699,0.00759685,1.813744
17.00352,0.007307522,2.044212
17.01876,0.007834945,2.678787
17.03345,0.007807236,3.066292
17.04782,0.007625431,3.826439
17.06212,0.007614821,3.128479
17.07714,0.007378746,2.616074
17.09154,0.008653354,4.380157
17.10572,0.007851467,3.488068
17.11968,0.008187495,4.128349
17.13411,0.007700492,3.903122
17.14873,0.007223699,3.890144
17.16717,0.00720847,4.369194
17.18164,0.00688228,4.402176
17.19537,0.006770372,4.518394
17.20932,0.006399918,4.435692
17.22377,0.00600756,4.700249
17.23952,0.00621324,5.08606
17.25416,0.005570095,5.125618
17.2735,0.005191091,5.488564
17.28875,0.004997205,5.589821
17.30276,0.004794616,6.084946
17.31757,0.004629601,6.011452
17.33222,0.004167359,6.009895
17.34754,0.003902111,6.058426
17.36153,0.003335789,6.358719
17.37978,0.003062166,6.426559
17.39424,0.002618022,6.703346
17.40907,0.002352174,6.731049
17.42383,0.00192656,7.039185
17.43761,0.001058634,7.313652
17.45288,0.0009043105,6.672615
17.46749,0.001057412,7.352295
17.48175,0.0004296079,7.99157
17.5012,0.0001789145,7.072433
17.51506,0.0007447712,7.494202
17.52987,0.0008175224,7.334206
17.54344,0.001096085,7.375092
17.55875,0.001760788,7.292892
17.5723,0.001788367,7.441597
17.59169,0.00276313,7.014114
17.60784,0.003230199,6.630051
17.62179,0.003752306,6.159752
17.63651,0.005160403,5.157745
17.65258,0.005236838,5.33284
17.66643,0.006244112,4.662529
17.68122,0.00533542,4.977791
17.69568,0.005250487,4.821808
17.70994,0.00506299,4.817627
17.72334,0.004831169,4.808929
17.73773,0.004828524,4.78376
17.75342,0.004403267,5.514427
17.76739,0.005415797,4.570236
17.78348,0.005085554,4.65123
17.80188,0.005330306,4.798347
17.81594,0.005910173,4.382523
17.83077,0.00481252,4.272171
17.84548,0.004636459,4.162407
17.86032,0.003937192,4.798698
17.87454,0.004565176,3.753296
17.88842,0.004062098,4.720009
17.90318,0.00428706,4.024155
17.9176,0.005106732,3.075958
17.93553,0.005346239,2.838264
17.95286,0.004703559,3.032951
17.96718,0.004590299,3.163429
17.98344,0.004151523,3.230858
17.99739,0.004134141,3.245949
18.01633,0.004003536,3.194862
18.03098,0.003856692,2.955322
18.04508,0.003689546,2.877647
18.06027,0.003725111,2.560516
18.07439,0.003219202,2.628937
18.0881,0.003013454,2.776749
18.103,0.002934415,2.624016
18.11773,0.002986327,2.350029
18.13291,0.003072225,1.567696
18.14735,0.003391646,3.408485
18.1615,0.001677379,3.605713
18.1757,0.001809102,2.72625
18.18951,0.002097368,2.496353
18.20369,0.00133558,2.976677
18.22249,0.001864683,1.787621
18.23662,0.00188005,1.836311
18.25263,0.002119064,1.788666
18.26861,0.001495767,2.576935
18.28572,0.001655046,2.198761
18.30349,0.001483656,2.681427
18.31771,0.001502965,2.965477
18.33241,0.002052583,2.619072
18.34643,0.0024538,2.086578
18.36051,0.001899436,2.863701
18.37616,0.001839481,3.030121
18.39057,0.001998927,3.082527
18.40853,0.002210658,3.186844
18.42743,0.002234273,3.12764
18.44243,0.002188925,3.161903
18.45641,0.002168927,3.12767
18.47084,0.002038538,3.372742
18.48586,0.002079058,3.428513
18.50153,0.001948498,4.000832
18.51616,0.001821171,4.352524
18.53024,0.001757242,3.955841
18.54416,0.001786549,3.968529
18.55786,0.001799997,3.946922
18.57686,0.001182672,3.988602
18.59126,0.0007854328,4.165977
18.60708,0.0003307238,5.604721
18.62111,0.0001276508,5.39682
18.64034,0.0001747794,5.973953
18.65506,0.0002449155,5.976883
18.67075,8.82186E-05,6.348061
18.68508,0.0002163351,7.223038
18.70186,0.0008235089,8.016434
18.71673,0.001341354,7.82489
18.73189,0.001973733,8.422211
18.74626,0.002035379,8.371941
18.76081,0.002011992,8.23391
18.77496,0.001980789,8.186295
18.79106,0.002155155,8.39859
18.80453,0.002771389,10.33572
18.81841,0.003075764,10.50614
18.83333,0.003504984,10.5472
18.85231,0.004025456,9.85611
18.86599,0.004156347,10.05809
18.88227,0.005031608,10.10339
18.89648,0.006283797,10.91184
18.91177,0.006958872,11.47463
18.92668,0.008024026,11.44719
18.94316,0.008237109,12.35731
18.96032,0.008230738,12.32182
18.97535,0.008444715,12.41193
18.99011,0.00896129,13.36948
19.00661,0.009338219,14.01082
19.02428,0.009893425,14.84377
19.0397,0.009970877,15.28135
19.05782,0.009924173,16.29189
19.07319,0.009746276,17.03104
19.08786,0.00958309,17.17463
19.10338,0.009734638,18.64639
19.11783,0.009749342,18.74489
19.13336,0.009589173,19.63863
19.14832,0.009274814,20.50523
19.16411,0.009102967,20.8796
19.17801,0.008929271,21.17954
19.19225,0.008515727,21.92905
19.20736,0.008652188,22.31827
19.222,0.008234538,23.10297
19.23588,0.007736314,23.49423
19.25191,0.007296365,25.50586
19.2716,0.007026389,26.38386
19.28574,0.005423225,27.87639
19.30253,0.005841069,28.57729
19.31953,0.005452566,29.56792
19.33541,0.005457789,29.03476
19.34969,0.005277708,30.21533
19.36402,0.005318034,28.8663
19.37844,0.004487388,29.63089
19.39273,0.004321236,30.43592
19.40787,0.004115939,30.95239
19.42317,0.003454331,32.55569
19.43708,0.002833162,33.17766
19.45114,0.002920344,33.91315
19.46642,0.002731796,34.55187
19.48686,0.002374392,35.57294
19.50086,0.001585238,36.27886
19.51637,0.001209643,36.67264
19.53073,0.0007636175,37.53989
19.54552,0.0005551986,37.8156
19.55942,0.0004546084,38.24959
19.57427,1.348928E-05,38.36761
19.58831,0.0005698279,39.42265
19.60449,0.00132557,40.77779
19.6236,0.002305675,41.09096
19.6377,0.001657013,40.22266
19.6517,0.002584819,41.72949
19.66785,0.002498619,40.87083
19.68937,0.0023458,41.32993
19.70442,0.002320953,40.97995
19.71953,0.002588212,41.46918
19.73507,0.003284737,41.46013
19.75074,0.01037863,36.8492
19.76713,0.004207507,40.98535
19.78207,0.004260454,42.44965
19.7977,0.004814383,43.01344
19.81278,0.005133677,43.92654
19.82774,0.004530028,43.54698
19.84177,0.005517144,44.70198
19.85634,0.005875003,44.81038
19.87072,0.0119763,33.91507
19.89039,0.006241221,45.01717
19.90556,0.006141495,45.38818
19.92039,0.006617665,45.67458
19.93544,0.01261528,32.46733
19.95273,0.01286502,32.05249
19.97059,0.01315072,31.4504
19.99055,0.01340546,31.05878
20.00488,0.01354155,30.78559
20.01915,0.01408951,29.81847
20.03321,0.01379527,29.95363
20.04809,0.01386828,29.2826
20.06269,0.01279997,29.51861
20.07732,0.01297264,28.37335
20.09622,0.01128216,29.7326
20.11095,0.01167413,28.39691
20.12538,0.0115502,27.80018
20.14019,0.01185022,27.79578
20.15543,0.0120928,27.64525
20.1687,0.01160201,27.82023
20.18371,0.01234663,27.20372
20.19736,0.01236655,26.80374
20.21258,0.01271347,26.55798
20.2259,0.01309167,26.22754
20.24194,0.01278593,25.89652
20.25572,0.01314313,25.69325
20.27115,0.01369605,25.32317
20.28386,0.01393383,25.15891
20.3092,0.01389927,24.86821
20.32173,0.01409694,24.61933
20.33769,0.01412667,24.35032
20.35552,0.01522108,23.96951
20.36986,0.01447014,23.798
20.38569,0.01432145,23.68925
20.39981,0.01439137,23.48298
20.41491,0.01330792,22.84489
20.43212,0.0133598,23.08578
20.44617,0.01308824,22.94884
20.45975,0.01135307,22.44521
20.47367,0.01135398,22.67428
20.48787,0.0109985,22.47522
20.50743,0.01010529,22.44985
20.52294,0.01006741,22.39534
20.53668,0.00904696,22.24245
20.55164,0.008972676,22.10069
20.56603,0.008278623,22.06159
20.58042,0.008471399,22.07484
20.59414,0.008517063,22.14706
20.60864,0.008643982,22.16855
20.62237,0.009211456,22.12509
20.63597,0.008455612,22.13828
20.65028,0.008461663,22.06029
20.66476,0.00795457,22.02682
20.68376,0.007789085,21.96035
20.697,0.008022387,21.80576
20.71543,0.007561025,21.65567
20.7297,0.006731542,21.68889
20.74425,0.005127681,21.61956
20.75913,0.004720742,21.31687
20.77439,0.004143973,21.23457
20.78748,0.003293757,20.91645
20.80217,0.002310406,20.99504
20.81981,0.00178399,20.94298
20.83668,0.001896288,20.86837
20.85315,0.002005814,20.6792
20.86693,0.002715566,20.71741
20.88123,0.00315898,20.6139
20.89489,0.00403386,20.57092
20.90811,0.003799655,20.5814
20.92656,0.004169084,20.63208
20.94066,0.004603551,20.56606
20.95502,0.00469695,20.49734
20.97474,0.00523332,20.54625
20.98911,0.005037278,20.58955
21.00292,0.005510709,20.39629
21.01635,0.005839662,20.27257
21.03089,0.005769049,20.17561
21.04425,0.005733424,20.12709
21.05779,0.006065344,20.16787
21.07185,0.00573949,20.34424
21.08493,0.005803444,20.33746
21.09849,0.005418551,20.32176
21.11441,0.006894688,20.31723
21.1326,0.006674116,20.39767
21.14653,0.007322817,20.59993
21.16181,0.007512801,20.45867
21.17583,0.008139241,20.4835
21.19028,0.007913914,20.4744
21.2041,0.008497774,20.48276
21.21734,0.008240808,20.50738
21.23172,0.00836889,20.57514
21.24869,0.008987257,20.66156
21.26311,0.00923133,20.68383
21.27737,0.01015345,20.65758
21.29168,0.01027823,20.55687
21.30597,0.01055717,20.48319
21.32215,0.01025728,20.37807
21.33987,0.01040742,20.25941
21.35402,0.009902303,20.18007
21.37014,0.009986611,20.14835
21.38576,0.01030326,20.13158
21.40167,0.01016249,20.03665
21.41555,0.01001208,19.95212
21.42912,0.009934023,19.85221
21.44296,0.01025936,19.82278
21.45742,0.01084623,19.70538
21.47154,0.01150899,19.82302
21.48549,0.01180795,19.75986
21.49986,0.01289522,19.73016
21.51369,0.01374034,19.61554
21.52738,0.01405274,19.60718
21.54582,0.01390585,19.31411
21.55957,0.013755,19.27367
21.57331,0.01366597,19.29939
21.5875,0.0136497,19.20881
21.60236,0.01403567,19.13285
21.6175,0.01443013,19.02503
21.63139,0.01432731,18.88835
21.64558,0.0141975,18.7615
21.66007,0.01433254,18.7486
21.67393,0.01371129,18.59466
21.69295,0.01344867,18.6318
21.70616,0.01354463,18.54757
21.71985,0.01359145,18.44962
21.73306,0.01370865,18.24116
21.75193,0.01356095,18.03753
21.76467,0.01344772,17.99297
21.77944,0.01304913,17.89259
21.79562,0.01287446,17.77319
21.80921,0.01317934,17.5931
21.82377,0.0135212,17.15248
21.83929,0.01309961,17.29198
21.85293,0.01284493,17.10792
21.86581,0.01294105,17.03465
21.88052,0.01267495,16.86595
21.8947,0.01326045,16.49981
21.90797,0.0131897,16.46161
21.92224,0.01338378,16.07808
21.9361,0.013201,16.18262
21.95452,0.01291291,15.67213
21.97047,0.01222069,15.42961
21.9899,0.01205389,15.36837
22.00446,0.01186731,15.11012
22.01814,0.01190864,14.99004
22.03215,0.01202219,14.49273
22.04625,0.01188078,14.39163
22.0605,0.01119169,14.16694
22.07371,0.01114495,14.01017
22.08803,0.01104673,13.82258
22.10139,0.01115012,13.38589
22.11513,0.01140432,13.17071
22.12956,0.01137355,12.86614
22.14335,0.01152159,12.62161
22.16199,0.01046558,11.90392
22.17592,0.01093319,12.08256
22.18989,0.01003012,11.28182
22.20409,0.01094383,11.56587
22.21677,0.01131609,11.09729
22.23069,0.01101094,11.09427
22.24439,0.01119821,10.27148
22.25832,0.0109823,10.29352
22.27215,0.01034139,10.38745
22.28573,0.009945514,10.0151
22.30057,0.009764534,9.805099
22.31422,0.009716433,9.692336
22.32939,0.01008063,9.471664
22.34478,0.01008384,9.034419
22.36297,0.0102933,8.621495
22.37674,0.01012834,8.095072
22.39263,0.005451195,23.96678
22.40955,0.005104054,21.74629
22.42357,0.009980351,7.981902
22.43699,0.01000364,7.811982
22.45174,0.005092595,22.81664
22.46672,0.00513215,22.53835
22.48128,0.009782845,7.196965
22.49629,0.009577871,6.880539
22.51026,0.004827186,21.52045
22.52361,0.004815523,21.19121
22.53705,0.004834957,21.01845
22.55066,0.004404902,20.66351
22.57072,0.009244694,6.849941
22.58484,0.003726378,20.31904
22.59831,0.002942219,23.20518
22.61247,0.009239416,6.111831
22.627,0.00878609,6.19992
22.64081,0.009038307,6.165038
22.65504,0.009610878,5.968674
22.66789,0.009782129,5.717654
22.6823,0.01012317,5.515123
22.69674,0.01054754,5.558729
22.71088,0.01059145,5.883066
22.73035,0.01080798,6.119171
22.74369,0.01046327,6.404044
22.75734,0.01023341,6.64163
22.77524,0.01052837,6.451449
22.78985,0.01063175,6.45385
22.80566,0.01061449,6.622201
22.85494,0.01055854,6.74378
22.86811,0.01065747,6.844642
22.88214,0.01058685,7.081194
22.8954,0.01067597,7.259798
22.90974,0.01075369,7.387748
22.92363,0.0004459172,21.5107
22.93766,0.01068147,7.786211
22.95614,0.01062878,8.023603
22.97046,7.364526E-05,21.26924
22.99292,0.0002852306,21.7579
23.00634,6.131083E-05,21.57658
23.02138,0.0001802929,21.58158
23.0355,0.0001457222,21.44978
23.04952,0.0003453046,21.00683
23.06433,0.0005640797,20.44836
23.0788,0.001126532,19.30423
23.09247,0.001774013,19.62439
23.10796,0.001777139,19.45059
23.1219,0.001978189,19.48434
23.13755,0.002294794,19.57533
23.15293,0.002783217,19.41059
23.16751,0.002823219,19.51506
23.18194,0.002845712,19.60607
23.20133,0.002898607,19.40981
23.21411,0.002904162,19.25059
23.22937,0.003000703,19.02617
23.24309,0.002958849,18.8152
23.25768,0.003173124,18.69362
23.27174,0.003545169,18.49903
23.28548,0.003825098,18.34866
23.299,0.004480205,18.58628
23.31427,0.005035151,18.2401
23.32779,0.006112799,19.42516
23.3426,0.005871378,18.96428
23.35926,0.00606766,18.19389
23.37278,0.006458018,18.12449
23.38734,0.006621823,18.2802
23.40674,0.007153846,18.25913
23.42312,0.007075213,18.07623
23.43757,0.007338822,17.58087
23.45269,0.007163282,17.84241
23.46693,0.007284317,18.16148
23.48095,0.007390775,18.37743
23.4953,0.007306013,18.5396
23.51027,0.007480942,18.49345
23.52343,0.007790565,18.72253
23.53722,0.007883117,18.81937
23.55222,0.007942744,18.80634
23.56522,0.007860024,18.83026
23.57982,0.007626064,18.89473
23.59465,0.007564686,19.32123
23.61269,0.007468689,18.94698
23.62641,0.007459059,19.36295
23.64066,0.007529836,18.52802
23.65513,0.007638432,17.94349
23.67093,0.007617831,17.9259
23.68373,0.007745594,16.81586
23.69722,0.007903319,17.42471
23.71343,0.008022368,17.92178
23.72876,0.008532841,16.46101
23.74269,0.008708782,17.04433
23.75667,0.008621313,17.04217
23.77089,0.008692786,16.41396
23.78492,0.008580644,16.5014
23.79834,0.00886469,15.88562
23.82278,0.008972224,16.10569
23.83695,0.009079039,16.2934
23.85151,0.009506851,16.18416
23.86705,0.01044577,17.18942
23.88174,0.01077024,16.19675
23.89878,0.01064252,15.07428
23.91587,0.0106053,14.94315
23.93019,0.01050466,14.64688
23.94428,0.01061192,14.49838
23.95802,0.01054365,14.24083
23.97181,0.01046738,13.86282
23.98948,0.01054402,12.94199
24.00558,0.01026462,11.78239
24.02388,0.01051106,12.13605
24.03869,0.01091914,11.40296
24.05339,0.01147165,10.17746
24.06741,0.01196258,10.4224
24.0816,0.01188987,9.581779
24.09566,0.0122848,9.160667
24.11015,0.01223859,8.547676
24.12416,0.01233206,8.50322
24.13878,0.01241094,8.419922
24.15307,0.01240083,8.030014
24.16636,0.0125319,7.615959
24.17987,0.01257068,7.358177
24.19451,0.01238771,6.587868
24.20805,0.01264569,5.308464
24.22732,0.01225289,4.463814
24.24231,0.01234832,4.752541
24.25667,0.01246038,4.430962
24.2713,0.01255485,5.032745
24.2861,0.01265988,5.186615
24.30212,0.01236813,5.834007
24.31547,0.01208539,6.152367
24.33082,0.01166949,6.672722
24.34474,0.01150037,6.728401
24.36298,0.01108339,6.831993
24.37729,0.01091787,6.565765
24.39195,0.01063397,6.919922
24.40684,0.0105741,6.86039
24.42164,0.01023125,7.191917
24.44238,0.009884961,5.479637
24.45853,0.01036753,5.158318
24.47316,0.01042121,6.136223
24.48952,0.01051306,6.164024
24.50609,0.01104853,3.870094
24.52006,0.01126193,4.558197
24.5334,0.01124578,4.745857
24.54676,0.01120286,4.925529
24.56234,0.01143091,5.923592
24.57641,0.01140162,5.941147
24.59043,0.01148521,6.858719
24.60569,0.01225548,7.10228
24.62044,0.01202008,6.645088
24.63381,0.01221731,6.395935
24.65179,0.01236758,6.407242
24.66455,0.01230284,6.261673
24.67919,0.01242851,6.616264
24.69327,0.01266636,6.902184
24.70771,0.01280301,6.920029
24.72172,0.01260256,7.44339
24.73526,0.01228295,7.398636
24.74928,0.01223474,7.715157
24.76339,0.01222481,8.279724
24.77818,0.01252831,7.872192
24.79284,0.01309935,8.175179
24.80653,0.01345501,8.617142
24.82158,0.014354,9.176613
24.83541,0.01490435,8.865242
24.85785,0.01531267,8.989799
24.87437,0.01541442,8.308434
24.88814,0.01535276,8.251358
24.90219,0.01562103,8.57679
24.91606,0.01591783,8.849548
24.93089,0.01649277,9.064743
24.94466,0.01696464,9.95015
24.95787,0.01681663,9.346054
24.97184,0.01695669,9.932961
24.98571,0.01697467,8.96286
25.00405,0.01719342,9.69574
25.01749,0.01735607,9.49604
25.03173,0.01734849,10.14127
25.04597,0.01723681,10.44157
25.0652,0.01763878,11.38303
25.07879,0.01714389,11.09792
25.09546,0.01681545,10.75888
25.1098,0.01688341,11.17892
25.12386,0.01693197,11.29259
25.1379,0.01754104,10.35384
25.1523,0.01766586,10.38657
25.16566,0.01908378,9.860237
25.18052,0.01827104,8.419388
25.19496,0.01808727,7.514145
25.20868,0.01821618,8.363655
25.22231,0.01896516,6.418159
25.23616,0.01883299,6.054283
25.25169,0.01902482,5.45771
25.27007,0.01962562,5.554062
25.28456,0.01978027,5.124344
25.29902,0.01993956,2.541199
25.31311,0.02016705,1.075081
25.32958,0.01975445,0.1453171
25.34434,0.01972565,1.178413
25.35796,0.01963041,1.520134
25.37352,0.01962754,1.067368
25.38868,0.01946367,1.091164
25.40303,0.01927279,0.8300247
25.41683,0.01916368,1.486893
25.43147,0.01879158,1.171692
25.44554,0.01886209,1.596939
25.46333,0.01894703,2.790047
25.4842,0.01931532,2.235367
25.49882,0.01911739,2.938133
25.51311,0.01890195,4.040573
25.52777,0.01875244,4.635078
25.5433,0.01849134,5.390297
25.55745,0.01828089,6.231384
25.5712,0.01844694,6.140427
25.5851,0.01825831,6.533005
25.59961,0.01818372,7.351456
25.61242,0.01763806,6.755539
25.62681,0.01708233,6.830948
25.64154,0.01699771,5.901863
25.65511,0.0168872,5.67321
25.66911,0.01697399,5.491524
25.68726,0.0170933,5.323929
25.70199,0.01674225,4.893776
25.71708,0.01651908,4.465919
25.73171,0.01625333,3.400696
25.74586,0.01610164,2.984123
25.76038,0.01604875,2.353828
25.77437,0.01599267,2.559372
25.78825,0.01599848,2.560669
25.80236,0.0159969,2.590561
25.81586,0.01592886,2.408195
25.82946,0.01564852,2.799271
25.84424,0.01543614,2.59938
25.86178,0.01521071,2.266922
25.87758,0.01509545,2.917076
25.90079,0.01521305,2.179237
25.91287,0.01559677,1.767105
25.93227,0.01489574,1.546455
25.94685,0.01480198,0.7466888
25.96156,0.01537113,0.7558975
25.97584,0.01550287,1.406212
25.99009,0.01567823,2.093369
26.00661,0.01550834,1.711472
26.02385,0.01519452,2.028999
26.0402,0.01468398,0.8104858
26.05367,0.01301987,0.855751
26.06759,0.01326909,1.139084
26.08229,0.01316563,1.519234
26.10095,0.01333365,1.389137
26.11506,0.01306463,1.381035
26.12823,0.01335241,0.9939117
26.14277,0.01329985,0.8060989
26.15656,0.01335896,0.9055557
26.17097,0.01314924,0.9793701
26.18484,0.01295645,1.394478
26.19967,0.0128839,1.842651
26.2131,0.01279829,1.643547
26.22741,0.01254955,1.952713
26.24201,0.01293839,1.65979
26.25564,0.01432138,1.60955
26.26985,0.01272706,2.793381
26.28368,0.01316101,3.148003
26.30182,0.01318954,3.253654
26.3167,0.01311254,3.292244
26.33033,0.01304011,3.295837
26.34393,0.01304996,3.133095
26.35983,0.01322513,3.505508
26.373,0.01313379,3.304314
26.39093,0.01327421,3.390152
26.40574,0.01308085,3.743607
26.42019,0.013397,4.216949
26.43476,0.01336835,4.07383
26.44797,0.01340972,4.700043
26.46208,0.01322811,4.62104
26.47642,0.01306916,4.440331
26.49431,0.01340896,4.453941
26.51446,0.01339412,4.382454
26.53001,0.01321961,4.500153
26.54485,0.01328354,4.796562
26.55924,0.01323117,4.905884
26.57396,0.01375915,4.642418
26.58695,0.01385246,4.290909
26.60142,0.01415311,3.830849
26.61705,0.01338118,4.019485
26.63114,0.01345661,3.602272
26.64479,0.01334861,5.81852
26.65947,0.01352768,5.540588
26.67423,0.01380429,7.687851
26.68773,0.01398912,8.03067
26.70186,0.01386099,7.502975
26.72009,0.01477939,7.602562
26.73426,0.01385336,8.403473
26.74785,0.01483358,8.994316
26.76273,0.01497322,8.418037
26.77706,0.01536152,8.826508
26.79209,0.01499171,8.933769
26.8064,0.01440398,8.505928
26.82038,0.01427162,7.993286
26.83459,0.01447676,7.60556
26.84742,0.01464911,7.110123
26.86108,0.01507726,6.278015
26.87633,0.01477204,6.357513
26.89018,0.01492417,5.698517
26.90315,0.01487879,5.295052
26.92278,0.01567144,4.762192
26.93551,0.01599757,4.857704
26.95058,0.01590947,3.88588
26.96943,0.01510903,2.656792
26.98407,0.01463157,2.064819
26.99804,0.01492249,1.69136
27.01439,0.01449725,1.011703
27.03003,0.0150134,1.924866
27.04391,0.01430951,1.229668
27.05819,0.01459931,2.621643
27.07236,0.01529348,2.694878
27.08686,0.0144025,5.093613
27.10077,0.01367401,3.084167
27.1151,0.01418151,3.009949
27.13308,0.01436397,2.09317
27.14741,0.01503806,2.804146
27.16239,0.01509126,2.135391
27.17649,0.01447565,2.759048
27.19409,0.0142486,2.374519
27.20741,0.01374778,1.964874
27.22172,0.01283225,1.209114
27.23552,0.01244873,0.8918686
27.25011,0.01242824,0.9074936
27.26352,0.01222335,0.1586227
27.27714,0.01258133,0.4283829
27.29187,0.01330293,0.4585495
27.30625,0.01378827,0.6829147
27.32059,0.0137383,1.310043
27.33818,0.01471828,1.831146
27.35201,0.01567578,4.546051
27.36786,0.01618771,6.009544
27.38212,0.0165423,6.303848
27.39751,0.01609171,7.888268
27.41327,0.01609934,8.868698
27.42939,0.01591701,9.53672
27.44304,0.01543767,9.703636
27.45716,0.01496662,10.28726
27.47152,0.01484081,11.273
27.48512,0.0152748,11.89139
27.50083,0.01518523,12.31142
27.51783,0.01562183,12.78667
27.5325,0.01583788,12.89863
27.55142,0.01622485,13.22413
27.56577,0.0160142,13.94855
27.58002,0.01593715,14.22206
27.59408,0.01579938,13.77931
27.60802,0.01565788,13.59507
27.62274,0.01542742,13.3529
27.63819,0.01541006,13.63691
27.65207,0.01540536,13.1388
27.6662,0.01546581,12.89132
27.6799,0.01551431,12.67891
27.69393,0.01566699,12.54839
27.70731,0.01550663,14.08421
27.72173,0.01480308,13.85407
27.73565,0.01456817,14.37455
27.75405,0.01411032,15.35657
27.77002,0.01416317,16.97998
27.78423,0.0141528,16.17055
27.7982,0.01383553,16.44157
27.8122,0.01386906,17.54848
27.82495,0.01384788,17.73138
27.83851,0.01242578,18.21238
27.85215,0.01339722,17.91201
27.86568,0.01350711,17.68187
27.88105,0.01370628,17.33529
27.89401,0.01404176,17.01468
27.90756,0.01451559,16.50163
27.92251,0.01544189,14.56136
27.93662,0.0152944,14.10563
27.95426,0.01479575,13.53592
27.96668,0.01461008,13.30917
27.98577,0.01421095,12.78824
27.99977,0.01433212,12.50182
28.0134,0.0145617,11.85388
28.03187,0.01466366,11.32422
28.04479,0.01460785,10.73154
28.05816,0.01472945,10.25135
28.07171,0.0143485,10.22971
28.08509,0.01404054,10.04127
28.09932,0.01393545,8.758965
28.11283,0.01273056,10.42613
28.12753,0.01251448,10.2662
28.14132,0.01211957,10.08329
28.15978,0.01211424,9.298622
28.17248,0.01177032,8.668678
28.18649,0.0116923,8.394379
28.20079,0.01133538,7.88266
28.21487,0.01117928,7.449036
28.2281,0.01105534,7.49926
28.24198,0.01096847,7.149628
28.25559,0.01085901,6.975571
28.26894,0.01080344,6.728661
28.283,0.01063232,5.980087
28.29633,0.01080192,5.580772
28.30961,0.01071474,5.818573
28.32289,0.01007195,5.958778
28.33615,0.009858254,5.852043
28.35125,0.009540532,5.930229
28.37009,0.009554129,6.039597
28.38477,0.009751886,5.957993
28.39903,0.01004809,5.65976
28.41423,0.009734314,6.861481
28.42922,0.009426575,8.546906
28.44244,0.008976564,8.716568
28.45584,0.008182019,10.30515
28.46917,0.008743942,10.91605
28.48312,0.008495517,11.48881
28.496,0.008686375,11.62461
28.50979,0.009075977,11.8487
28.5241,0.0102609,11.8223
28.54214,0.01028841,12.14176
28.55767,0.01000087,13.18899
28.57719,0.008361544,15.22482
28.59156,0.007460367,15.36821
28.60665,0.007060237,15.79908
28.62196,0.006842226,16.46241
28.63642,0.006950341,16.97732
28.65101,0.007046402,17.53011
28.66495,0.008104771,17.60229
28.67906,0.007942513,17.72437
28.69308,0.007764712,17.45621
28.7073,0.007701773,17.29159
28.72262,0.007268824,17.01938
28.73715,0.007187914,16.82969
28.7509,0.007114388,16.67097
28.76566,0.006972969,16.9994
28.78396,0.006907884,17.5931
28.7986,0.006779708,17.82118
28.8134,0.007509831,17.53918
28.82739,0.007739693,17.60538
28.84249,0.007217143,18.34381
28.85693,0.005641948,19.34732
28.87182,0.00585591,18.99966
28.88674,0.005174585,19.45946
28.90186,0.005292404,19.30256
28.91608,0.005169064,19.30849
28.93427,0.005199101,18.63503
28.9483,0.003830746,19.47389
28.96229,0.002905607,19.80305
28.9764,0.00268228,19.66212
28.99655,0.003373802,19.14644
29.0108,0.003379088,18.43527
29.03606,0.004247196,18.00938
29.05129,0.004426956,17.55395
29.06608,0.004189465,17.35913
29.08021,0.004056361,17.13712
29.09461,0.003891144,16.71547
29.10869,0.004219245,16.51235
29.12373,0.004400745,16.33823
29.13804,0.004620437,16.23635
29.15219,0.004799061,15.74726
29.16691,0.004557002,15.14092
29.18158,0.003331412,14.99965
29.20151,0.003435608,13.59004
29.21655,0.003475811,12.93574
29.23136,0.0008488297,14.55655
29.24548,0.001549531,14.23215
29.25996,0.002851497,12.89181
29.27519,0.002526458,12.81294
29.2902,0.002566691,12.01864
29.30385,0.002403967,11.83192
29.31863,0.002916772,11.45557
29.33373,0.003069397,11.14536
29.348,0.003243681,11.12988
29.36185,0.004991703,10.29353
29.37964,0.005231701,10.20677
29.39331,0.004777271,10.08327
29.41358,0.004460596,9.65123
29.43327,0.004417434,9.413673
29.44714,0.004559867,9.474594
29.46117,0.005271919,9.442879
29.47531,0.005390141,9.426796
29.48961,0.005549144,9.411377
29.50522,0.005473725,8.999107
29.51907,0.005623508,8.792168
29.5333,0.005656354,8.522789
29.54637,0.00597769,8.458282
29.56248,0.00681714,8.574783
29.57793,0.008262645,7.743454
29.59153,0.007606991,8.690369
29.60536,0.005380057,9.286644
29.62385,0.006202005,9.517654
29.6373,0.006528903,10.45335
29.65202,0.008444346,10.38885
29.6664,0.008344967,10.06477
29.68039,0.01069606,10.32456
29.69427,0.009685356,11.50214
29.70659,0.009421326,11.94221
29.7205,0.009073369,12.11649
29.73387,0.008829176,12.31477
29.74679,0.008889783,12.69098
29.76074,0.008521236,13.19249
29.77395,0.009769574,13.42247
29.78703,0.01005818,13.66031
29.80064,0.009746011,13.77462
29.81424,0.009476613,13.69807
29.83142,0.00904043,13.54153
29.84504,0.008424819,13.51508
29.85824,0.00864416,13.56971
29.87254,0.009076163,13.51081
29.88819,0.009396505,13.98613
29.90137,0.009453706,14.22669
29.9145,0.008771598,15.91366
29.93072,0.008653969,15.8063
29.94388,0.00845414,15.91561
29.95699,0.007968247,17.20284
29.9705,0.007277269,17.41461
29.98396,0.00788625,17.75547
29.99825,0.008514497,18.54518
30.01119,0.008927993,18.90913
30.02435,0.008777935,19.07985
30.04737,0.008782234,19.0929
30.05989,0.008213099,19.0593
30.08282,0.007516798,19.07623
30.09736,0.007099517,18.67057
30.111,0.007422004,19.00352
30.12387,0.008182924,19.34367
30.13707,0.007615242,19.26651
30.15133,0.007041551,19.08075
30.16451,0.006779496,18.9437
30.17771,0.006439578,18.78356
30.19141,0.005742554,18.51217
30.2056,0.005272426,18.51306
30.2188,0.005112994,18.39236
30.23316,0.005139671,18.18021
30.25416,0.005274873,18.00722
30.26762,0.005189579,18.00033
30.28175,0.004641734,17.72314
30.29592,0.003725521,17.41622
30.30983,0.00288837,17.36617
30.32372,0.002564937,16.9288
30.33686,0.002693146,16.79074
30.35102,0.002365671,16.71934
30.36455,0.00169706,17.02973
30.37765,0.0008309297,16.6563
30.39259,0.0002598129,16.77393
30.40612,0.0007373281,16.01939
30.4214,0.001025923,15.43038
30.43624,0.001371276,15.01314
30.45517,0.0004541464,14.68214
30.46848,0.001035437,14.88532
30.48287,0.0005497076,15.12008
30.49659,0.0006705523,15.10567
30.51014,0.00118614,15.25594
30.52353,0.00201292,15.32314
30.53733,0.002263419,15.30022
30.5509,0.002383325,15.24302
30.56413,0.002373327,15.17893
30.58019,0.00247791,15.22044
30.59645,0.003223982,15.4639
30.60942,0.004795484,15.53967
30.62301,0.005044539,15.27093
30.63767,0.007109556,15.44598
30.65546,0.007499181,15.08949
30.67072,0.00963258,14.36842
30.68502,0.01008403,13.68359
30.70015,0.01214377,13.37247
30.71412,0.01063131,12.73992
30.72706,0.01214578,13.01207
30.74094,0.01000753,12.44298
30.75492,0.009357598,12.03533
30.76811,0.008506455,11.68526
30.78188,0.008138388,11.21333
30.79511,0.00814271,11.08196
30.8077,0.008152578,10.60513
30.82213,0.008493297,10.59626
30.83502,0.007830281,10.33446
30.84851,0.007322054,9.60582
30.86642,0.0062856,10.01028
30.88289,0.005170196,10.30818
30.89817,0.005640604,10.32066
30.91209,0.00587558,10.00592
30.92708,0.005922761,9.941803
30.94102,0.004561372,9.794739
30.95429,0.003832325,9.910378
30.96833,0.002708688,10.23009
30.98241,0.001300406,10.42182
30.99637,0.0007751808,10.64843
31.01043,0.001063179,10.55809
31.02395,0.0008316673,10.47578
31.03736,0.0007234588,10.64776
31.05571,0.0001402572,10.66802
31.07332,0.0006199777,11.35266
31.08648,0.002786372,10.97026
31.10152,0.001337856,11.92759
31.1157,0.001386818,12.12803
31.13454,0.001470964,12.12583
31.14733,0.003178764,11.59939
31.1616,0.003384646,12.36055
31.17449,0.003335416,12.26173
31.18843,0.003105156,12.43278
31.2042,0.004237998,12.84366
31.21786,0.004741926,12.81203
31.23223,0.005272094,13.03447
31.24737,0.005674358,12.89124
31.26401,0.00620205,12.92387
31.28412,0.007176347,13.31132
31.29791,0.0074105,13.12002
31.31201,0.007895507,13.36366
31.32604,0.007923152,13.61086
31.34067,0.008430235,14.10622
31.35526,0.008910067,14.64808
31.37,0.01019474,15.17295
31.38518,0.01046156,15.25368
31.39911,0.01016506,15.4543
31.41356,0.008806333,15.39569
31.43015,0.009027958,15.42259
31.44367,0.008727107,14.97044
31.45892,0.007616099,14.85531
31.47332,0.009644736,15.63039
31.49325,0.01006975,16.14953
31.50741,0.009385273,16.60658
31.52324,0.01007358,16.6828
31.53851,0.009794597,16.93392
31.55379,0.009261392,16.7136
31.5673,0.008776069,16.82304
31.58249,0.009850904,17.7772
31.59656,0.01031404,18.3718
31.61425,0.01087534,18.63647
31.62919,0.01094139,18.80664
31.64451,0.01089364,18.60703
31.65809,0.01084675,18.53708
31.67189,0.01075097,18.2002
31.68576,0.01075648,18.12333
31.70418,0.01120685,18.19051
31.71749,0.01058882,17.95844
31.73301,0.01009529,17.40067
31.74668,0.007496983,16.41946
31.7604,0.009064309,17.34277
31.77379,0.008958239,17.28565
31.7871,0.009301297,17.0248
31.80123,0.009930968,16.7371
31.81578,0.008771662,16.61778
31.83003,0.009293802,16.72733
31.84343,0.008058514,15.66254
31.85611,0.008119155,14.64384
31.86987,0.007346559,14.80119
31.88424,0.006952118,14.50907
31.89798,0.006064206,14.32413
31.91574,0.005763605,14.09132
31.93093,0.006056163,14.38033
31.94485,0.005639892,14.0479
31.95791,0.005529325,13.17097
31.97198,0.004510976,12.49486
31.98585,0.004258264,12.21643
31.99938,0.003870886,12.00734
32.01305,0.004320268,11.8728
32.02607,0.004306529,11.79136
32.03997,0.004542045,11.87677
32.05526,0.003797073,11.44505
32.07161,0.002833549,10.577
32.08513,0.002237853,10.26894
32.09929,0.002075601,10.12274
32.11698,0.002205499,10.65352
32.13067,0.001674332,10.4101
32.14429,0.002195634,10.33382
32.15797,0.0001988485,10.12222
32.17215,0.001600046,8.836334
32.19233,0.0004664101,10.219
32.2057,0.0006200559,10.39686
32.21976,0.001067925,9.955406
32.23336,0.0002398789,10.62289
32.24734,0.0007261634,10.59731
32.26148,0.0004430413,10.50161
32.27536,0.0008389577,10.26607
32.28915,0.001169831,10.03011
32.30367,0.001555167,10.02106
32.32168,0.001350991,10.10476
32.33454,0.0008960292,10.32109
32.34922,0.0004007742,10.59738
32.3632,0.0001304895,10.38116
32.37663,0.0003693514,10.16398
32.39146,0.001045551,9.570381
32.40626,0.001266748,9.592262
32.42079,0.001099177,9.547913
32.43577,0.0007638223,9.737427
32.44855,0.0002716184,9.984779
32.46616,0.000619702,9.633537
32.47853,0.001587633,8.756401
32.492,0.0007892922,9.117584
32.506,0.001172073,9.548645
32.52432,0.0002367198,9.900909
32.53679,0.001341727,9.962036
32.55109,0.000254564,10.28895
32.56524,0.0005833656,10.20684
32.57986,0.0005280003,9.997429
32.59378,0.0006042644,10.09777
32.60775,0.0003968738,10.64235
32.62533,0.001403056,11.31695
32.6424,0.001893919,11.98027
32.65554,0.002223101,12.1697
32.66913,0.002368212,12.55012
32.68243,0.002606172,13.40861
32.69613,0.002797913,13.5529
32.70967,0.003117796,13.9483
32.72802,0.00359292,14.74223
32.74082,0.003962588,14.9528
32.75478,0.003749467,14.91617
32.76876,0.003397211,14.57307
32.78305,0.002629463,13.74913
32.79688,0.002633415,13.57674
32.81112,0.002837647,14.13819
32.82429,0.00425696,14.9542
32.83728,0.005104728,15.58369
32.85109,0.006027784,16.98164
32.86516,0.005916677,17.78119
32.87824,0.003983375,16.80123
32.89191,0.00583151,18.59262
32.90763,0.005252864,19.62841
32.92288,0.005252663,21.69731
32.94474,0.005883854,20.65924
32.9594,0.006328661,21.18374
32.97644,0.006089997,22.63785
32.99202,0.005337089,21.03614
33.00727,0.004547607,20.47321
33.02233,0.004155539,19.98042
33.03769,0.004488952,20.55269
33.05297,0.004586417,20.36115
33.07109,0.005460192,21.75676
33.0849,0.005460307,21.88438
33.09874,0.00534007,21.87791
33.11304,0.004989956,21.0098
33.12762,0.004640032,20.18533
33.14603,0.004875913,20.12545
33.16106,0.005305711,20.60036
33.17517,0.005617119,20.72754
33.18821,0.00522691,20.81052
33.20221,0.004214104,20.35291
33.21651,0.002448514,20.3037
33.23548,0.002768971,19.61029
33.24831,0.002313927,19.70884
33.2629,0.002475504,20.88778
33.27602,0.001891632,21.7846
33.28931,0.001807649,21.967
33.30333,0.0009856336,21.06296
33.31673,0.0005463026,20.51675
33.33044,0.001063861,20.672
33.34814,0.0005524717,21.08266
33.36185,0.001377542,20.97814
33.37553,0.001595803,21.1825
33.38858,0.001359634,20.52614
33.40367,0.001318231,20.57152
33.41778,0.0008143559,20.1946
33.43165,8.651987E-05,19.30426
33.44722,6.303191E-06,19.3662
33.46066,0.0001188442,19.61948
33.4749,0.0007581897,20.70054
33.48777,0.001074687,21.1374
33.50143,0.00115259,21.66432
33.51522,0.001027573,21.47233
33.52813,0.0001987666,20.66512
33.54187,4.157424E-06,19.8875
33.56189,1.813844E-05,19.71675
33.57538,0.0001754723,19.43022
33.58937,0.0003678948,21.29436
33.60517,0.00037219,21.01398
33.61967,0.0004185997,21.77975
33.63316,0.0008784421,22.41728
33.64757,0.001155339,22.93488
33.66301,0.001487114,22.42645
33.67745,0.001526274,22.63056
33.69112,0.002426479,23.44944
33.70651,0.002335116,24.08976
33.72119,0.001644563,24.49416
33.73553,0.001526568,24.83349
33.74936,0.001722094,24.94565
33.76903,0.001980931,24.28101
33.78152,0.002506327,24.84193
33.79572,0.002158623,24.79543
33.80985,0.001923289,24.68694
33.82308,0.001763601,24.67255
33.83702,0.001578998,24.69243
33.85122,0.001474779,24.65369
33.86445,0.0013749,24.76689
33.87783,0.001155674,24.98154
33.89114,0.0007750653,25.56989
33.90523,0.001275338,25.47517
33.9202,0.001211114,25.5278
33.93336,0.00168496,25.15504
33.94726,0.002249811,23.8931
33.9627,0.002005357,24.87092
33.9804,0.001566578,25.88251
33.99448,0.001031727,26.64392
34.0094,0.000906948,26.46167
34.02296,0.001112256,26.29651
34.03697,0.001331124,26.43448
34.05124,0.001597658,25.9856
34.06467,0.0009821169,26.48865
34.08312,0.0006546862,26.02666
34.09699,0.0005949959,26.40767
34.111,2.493709E-05,27.02632
34.12436,2.02395E-05,27.35094
34.14079,0.0001844428,27.02249
34.15404,0.000428997,25.56317
34.1675,0.0005253814,25.115
34.18594,0.000480663,24.64187
34.19972,0.0004472286,25.00011
34.21339,0.0003147796,25.8842
34.22736,0.0005998909,26.22776
34.24136,0.0007388629,26.58603
34.26074,0.0007528178,26.3214
34.27345,0.0005559139,25.69268
34.2868,0.0003163405,24.61565
34.30135,0.001049474,25.92065
34.31534,0.001194332,25.37035
34.32969,0.002288803,27.28761
34.34349,0.00126579,27.47318
34.35719,0.001278117,27.20855
34.37203,0.001165837,26.16279
34.39245,0.001707308,25.63315
34.40456,0.001966421,25.69976
34.42039,0.002240464,26.33582
34.43537,0.002306052,26.67992
34.44916,0.002078529,25.24559
34.46371,0.002618171,25.78643
34.47941,0.0027734,25.48541
34.49411,0.002959829,25.12099
34.50751,0.002783079,25.09321
34.52233,0.003085785,25.31397
34.53614,0.002858978,24.32484
34.55054,0.002925538,24.11509
34.56454,0.003137674,22.73931
34.5784,0.003536943,23.41299
34.59675,0.003851198,22.88375
34.61051,0.004026946,22.27168
34.62444,0.003958695,21.67793
34.64026,0.003951699,21.01814
34.65669,0.004046585,20.54169
34.67169,0.004365098,19.16876
34.68859,0.004462041,18.58962
34.70392,0.004935917,17.88191
34.7199,0.004986536,17.00433
34.73405,0.005563993,18.37619
34.74717,0.004505716,19.51719
34.76151,0.004593324,18.32478
34.77552,0.002808154,18.25339
34.7892,0.001747191,17.40098
34.8079,0.0006290451,16.47321
34.82138,0.0002459884,16.33714
34.83632,0.0004105344,15.09799
34.85071,0.0008977018,15.91726
34.8657,0.00169006,15.78771
34.88004,0.002071775,14.30715
34.89395,0.003083318,14.14687
34.90827,0.00383402,13.20474
34.92181,0.003060624,12.39668
34.93679,0.002935011,11.87408
34.95075,0.003033582,11.36141
34.96577,0.002827313,11.35696
34.97954,0.002625022,11.38524
34.99358,0.002315052,11.39625
35.01198,0.002839386,11.04984
35.02688,0.003661569,11.4019
35.04041,0.00467474,10.07721
35.05468,0.004889753,9.77494
35.06902,0.00612504,9.290405
35.08772,0.006766256,8.21579
35.10171,0.006391488,8.98307
35.11526,0.006869324,8.830383
35.13009,0.007107902,8.764862
35.14356,0.007832464,8.663414
35.15677,0.007854082,8.442062
35.17148,0.008355901,7.958145
35.18604,0.008776419,8.12841
35.20039,0.008235052,8.37645
35.21936,0.008396111,8.9692
35.23333,0.007870577,10.73458
35.24778,0.007948916,11.16168
35.26253,0.008253425,10.85889
35.28214,0.008335609,10.44834
35.29723,0.008358587,10.33111
35.3112,0.008257065,10.4905
35.32463,0.008165501,10.77822
35.33858,0.008104421,11.26557
35.35242,0.008359592,11.82539
35.36616,0.008256011,12.02808
35.37946,0.008299462,12.07387
35.3941,0.008461282,12.66836
35.40669,0.008422527,13.21657
35.42574,0.008122966,14.41282
35.44027,0.008077614,14.50026
35.45343,0.008409642,15.8362
35.46822,0.008206893,16.04731
35.48337,0.00754454,17.76749
35.49865,0.007208839,17.84103
35.51289,0.006639883,18.43285
35.52663,0.006528065,18.60071
35.54053,0.006136321,18.85033
35.55394,0.006595131,18.75255
35.56716,0.006662633,18.98809
35.58081,0.006515656,19.08672
35.59483,0.006398536,19.27406
35.60756,0.006406736,19.30947
35.62615,0.006133188,21.13068
35.64034,0.006179087,21.05646
35.65452,0.00546987,20.75172
35.66802,0.006518004,16.10524
35.68382,0.005674489,21.67002
35.70007,0.005670797,21.91346
35.71439,0.005703498,22.25739
35.72763,0.005986881,22.50134
35.74194,0.006120615,22.2756
35.75476,0.00683276,16.29792
35.76806,0.00605192,23.00827
35.78191,0.00658536,16.53073
35.79613,0.006816394,16.60505
35.81038,0.006807301,16.65899
35.82803,0.006971938,16.55764
35.84316,0.007009374,16.51687
35.85785,0.007055326,16.53058
35.87387,0.007113041,16.64831
35.88803,0.007186758,16.74517
35.90489,0.006833542,17.00082
35.9214,0.006753532,17.04389
35.93534,0.006809577,16.97995
35.95109,0.007182832,16.97572
35.96802,0.006978276,17.07108
35.98363,0.006622529,17.16717
35.99819,0.006585537,17.14705
36.01263,0.006454086,17.27334
36.03151,0.006543177,17.18431
36.04553,0.006591935,17.15054
36.05948,0.006578187,17.19988
36.07452,0.006508795,17.20053
36.08976,0.006297253,17.37498
36.10755,0.006248287,17.45176
36.12192,0.005868068,17.51717
36.13684,0.005795849,17.51576
36.15159,0.005656098,17.43476
36.16574,0.005049145,17.41939
36.17905,0.004968374,17.28547
36.19635,0.004102104,17.09844
36.2109,0.004681591,17.49413
36.22538,0.004152768,17.56643
36.24293,0.003911654,17.43753
36.25717,0.00361073,17.46099
36.27309,0.003815864,17.41818
36.28703,0.003225858,17.44163
36.30308,0.003078703,17.65573
36.32315,0.002799079,17.58998
36.33608,0.002921635,17.6587
36.35145,0.003314933,17.64505
36.36494,0.003537741,17.66608
36.37904,0.003434382,17.62096
36.39408,0.003399173,17.75584
36.40686,0.003383537,17.68078
36.42386,0.003373596,17.6644
36.43777,0.003535187,17.57288
36.45834,0.003632628,17.60547
36.47403,0.003621923,17.71712
36.48833,0.003740509,17.80959
36.50409,0.004526827,17.96145
36.52365,0.00482464,17.78468
36.53624,0.006542564,17.7507
36.55155,0.00521233,17.69659
36.56615,0.005124234,17.73126
36.5813,0.005156573,17.9214
36.59586,0.005207723,18.01195
36.61052,0.005708134,18.01874
36.62492,0.006621017,18.25961
36.64801,0.006710402,18.05472
36.66631,0.007219993,18.14779
36.68254,0.007248014,18.33468
36.69827,0.007309104,18.45362
36.71198,0.007450524,18.49146
36.72955,0.007739811,18.51756
36.74341,0.007887469,18.51361
36.75731,0.008007267,18.55453
36.77192,0.007874763,18.60141
36.78823,0.0077866,18.6088
36.8014,0.008113572,18.6724
36.81591,0.00821447,18.72703
36.82899,0.007955767,18.71064
36.8433,0.008045964,18.91306
36.85695,0.007652774,18.87836
36.87549,0.00731733,18.92135
36.89067,0.007472483,19.01748
36.90491,0.00775684,19.04411
36.9193,0.008240165,19.32456
36.93471,0.007765179,19.26019
36.95017,0.00721602,19.13542
36.9653,0.007308909,19.20362
36.98041,0.006420518,19.30146
36.99474,0.006265568,19.39342
37.00878,0.006198728,19.46791
37.02479,0.006209421,19.45222
37.03946,0.006332756,19.55815
37.05359,0.006513074,19.72754
37.06973,0.006271475,19.81397
37.08814,0.006025367,19.97477
37.10604,0.005427171,19.82567
37.12144,0.005288772,19.84031
37.13594,0.005261802,19.90058
37.15216,0.005279838,20.06504
37.16794,0.005028111,20.20575
37.18373,0.005048357,20.23065
37.19827,0.005063765,20.2261
37.21231,0.005089619,20.13533
37.229,0.00524663,20.16434
37.24199,0.005024604,20.1391
37.2564,0.004699961,20.23439
37.27099,0.00386903,20.57795
37.29153,0.003975242,20.48392
37.3062,0.00392983,20.49926
37.32153,0.003465863,20.40462
37.33601,0.00324494,20.41454
37.35211,0.00287598,20.58614
37.36678,0.002839162,20.70108
37.38229,0.002371732,20.73298
37.4017,0.002643258,20.62361
37.41592,0.002573572,20.72033
37.43095,0.002512195,20.85423
37.44535,0.002533662,20.96057
37.45984,0.002152425,21.15722
37.47559,0.001937346,21.19816
37.49384,0.001943051,21.21823
37.50799,0.002009639,21.29062
37.5231,0.001737999,21.44865
37.54175,0.002008819,21.56931
37.55518,0.001969089,21.66049
37.56824,0.002019347,21.72288
37.58299,0.002030332,21.74024
37.59858,0.00197432,21.73727
37.61309,0.002350606,21.84276
37.62761,0.002020236,21.92267
37.64156,0.001657015,22.07069
37.65453,0.001551744,22.13898
37.66924,0.00151918,22.23477
37.68439,0.001146868,22.28997
37.70393,0.001271673,22.06491
37.71644,0.001587888,22.08197
37.7314,0.00224863,22.65526
37.78083,0.002591647,22.55376
37.79416,0.002796485,22.55963
37.80737,0.003312989,22.58758
37.82328,0.003517968,22.71973
37.83821,0.003395583,22.8063
37.85191,0.003353063,23.03746
37.8672,0.003451326,23.14622
37.88192,0.003922226,23.1691
37.89673,0.004187415,23.13815
37.91466,0.004675257,23.2356
37.93126,0.004430906,23.40888
37.94521,0.004389553,23.52144
37.95963,0.004582179,23.70758
37.97619,0.004916056,23.71901
37.99064,0.006138777,23.92347
38.00415,0.005915458,23.56948
38.01812,0.006834449,23.67945
38.03529,0.009711447,24.061
38.04988,0.01050217,24.15426
38.0636,0.008876968,24.33563
38.07784,0.009948462,24.61448
38.09184,0.01057373,24.56366
38.10824,0.0122602,24.6607
38.13071,0.01287379,24.86635
38.14396,0.01355976,24.98416
38.15875,0.01442327,25.31737