4.413546,0.002886838,13.07076
4.421613,0.00298587,13.07482
4.438031,0.003010732,13.10036
4.457332,0.002997751,13.11714
4.472229,0.003031578,13.13194
4.492744,0.003153329,13.17341
4.505949,0.003119659,13.13442
4.521338,0.003241128,13.13621
4.536116,0.003326015,13.0732
4.55103,0.003378695,13.0637
4.565975,0.003531133,13.0718
4.616494,0.00348832,13.12332
4.632228,0.003547624,13.16863
4.646729,0.003684865,13.17887
4.660956,0.003685571,13.18254
4.676374,0.003737373,13.19141
4.698938,0.003622169,13.22078
4.712593,0.003788119,13.21017
4.731005,0.003840351,13.20267
4.748032,0.004213652,13.24219
4.767101,0.00439829,13.22024
4.784578,0.004367128,13.26274
4.800616,0.004608705,13.33721
4.816235,0.004382725,13.28738
4.832986,0.004439986,13.37141
4.84723,0.004613363,13.37439
4.863178,0.004896358,13.41354
4.877906,0.004937749,13.45625
4.900033,0.004914228,13.53284
4.911447,0.004904286,13.59802
4.927448,0.004908032,13.63093
4.943015,0.004945744,13.71298
4.959225,0.005000973,13.73605
4.976306,0.004919894,13.80715
4.992118,0.004889235,13.88983
5.007104,0.004906497,13.9367
5.02304,0.004935918,14.03135
5.039088,0.005025071,14.07632
5.054497,0.004790514,14.17545
5.068174,0.004950499,14.23461
5.083671,0.004863605,14.20576
5.105054,0.004658542,14.20617
5.118729,0.004823436,14.23611
5.133746,0.004603294,14.33941
5.149376,0.005027218,14.49187
5.16435,0.004917349,14.28252
5.179325,0.004860154,14.26049
5.19437,0.004845406,14.27259
5.208369,0.004878128,14.25772
5.225036,0.004961788,14.36062
5.241122,0.00478351,14.38898
5.260733,0.004921478,14.42546
5.278607,0.005037135,14.4688
5.293658,0.0050201,14.45933
5.31641,0.005210914,14.52069
5.33012,0.005118026,14.50256
5.346391,0.005120699,14.50096
5.367811,0.005170381,14.50569
5.385258,0.005248442,14.53952
5.399398,0.005279762,14.57332
5.414832,0.00540962,14.66947
5.434343,0.005515883,14.77984
5.452473,0.005487922,14.81368
5.51921,0.005607248,14.84009
5.539148,0.005395709,14.90781
5.552558,0.005461912,14.88483
5.567885,0.005508494,14.90752
5.590065,0.005455297,15.01023
5.641974,0.005380403,14.98874
5.655514,0.005397418,15.12614
5.669053,0.005327502,15.09227
5.685851,0.005305276,15.07815
5.701234,0.005071836,15.10866
5.718213,0.005079733,15.12489
5.73435,0.005075295,15.12181
5.756348,0.005083229,15.0894
5.770539,0.00507785,15.08254
5.785734,0.00508365,15.10181
5.800457,0.004971629,15.16857
5.818216,0.004587993,15.07968
5.833514,0.004613525,15.16626
5.849278,0.004387438,15.14839
5.865241,0.004345174,15.13292
5.880472,0.004140692,15.00079
5.896297,0.003805067,14.9335
5.913404,0.003576887,14.8246
5.92883,0.003484951,14.7234
5.946124,0.0032596,14.6635
5.96793,0.003058365,14.55176
5.982395,0.002875323,14.41811
5.99843,0.002681442,14.33897
6.014383,0.002508217,14.17638
6.028089,0.00222967,14.11586
6.045924,0.002076206,13.95691
6.061028,0.001949636,13.87267
6.075231,0.001886595,13.96683
6.092028,0.001846958,13.93182
6.107563,0.001780719,13.87217
6.124192,0.001786881,13.92071
6.140654,0.001769299,13.8874
6.156365,0.001692195,13.80353
6.178467,0.001570619,13.7582
6.191556,0.001537392,13.826
6.207291,0.001770579,14.00693
6.223034,0.001660303,13.66972
6.239259,0.001321292,13.84364
6.25489,0.0009580969,13.84839
6.270123,0.0008658044,13.95715
6.290054,0.0009190631,13.96728
6.305971,0.000917621,14.02997
6.321946,0.001160082,14.09825
6.352874,0.00124565,14.08268
6.372238,0.001536702,14.04299
6.400115,0.001691439,14.00344
6.415689,0.001641918,13.9349
6.431303,0.001421351,13.93192
6.446831,0.001294191,13.77087
6.465634,0.001325859,13.71537
6.480584,0.001669604,13.68357
6.495329,0.001604229,13.80251
6.512374,0.001699344,13.8131
6.529018,0.001709651,13.81244
6.546124,0.00156094,13.75479
6.560042,0.001424401,13.90141
6.57444,0.001213251,13.84658
6.616815,0.001516424,13.83046
6.629739,0.00191027,13.68671
6.643376,0.002113978,13.86966
6.671706,0.002111924,13.81186
6.690067,0.001976214,13.79915
6.704397,0.001995163,13.67016
6.720973,0.001980067,13.40802
6.737538,0.001769047,13.22481
6.755805,0.002092819,13.04755
6.771517,0.002295135,12.93337
6.786989,0.002591968,12.58125
6.813082,0.002842749,12.32575
6.826415,0.002999581,12.31531
6.845432,0.003192445,12.20011
6.859372,0.003236381,12.16343
6.875356,0.003401873,12.1445
6.889959,0.003604011,11.90996
6.90489,0.003685789,12.05223
6.921664,0.004029368,12.17936
6.936664,0.00419246,12.05607
6.951108,0.004177086,11.78325
6.96628,0.004210688,11.813
6.985154,0.003872752,11.79635
7.000355,0.00401237,11.7581
7.022684,0.004539081,11.50141
7.035781,0.004642472,11.47473
7.050425,0.004530747,11.3295
7.065901,0.004608619,11.38218
7.081278,0.00459855,11.42288
7.096529,0.004577645,11.39563
7.112106,0.004259216,11.43359
7.126604,0.004269537,11.42734
7.142232,0.004113021,11.46032
7.15668,0.003820792,11.50855
7.171482,0.003904418,11.4973
7.188138,0.003861657,11.48492
7.20341,0.00371816,11.47416
7.223371,0.003619351,11.47003
7.236095,0.00354671,11.52795
7.251006,0.003527427,11.58145
7.26598,0.00332029,11.59507
7.28174,0.00349327,11.66023
7.298318,0.003926013,11.46877
7.315862,0.003495622,11.81853
7.331179,0.003506254,11.88319
7.346258,0.003345953,11.9765
7.362073,0.003377327,11.97324
7.377181,0.00335339,12.01227
7.393964,0.003452958,11.99631
7.407939,0.003525489,12.04372
7.428397,0.003615565,12.15808
7.441617,0.003556805,12.25657
7.456336,0.003824934,12.30011
7.472462,0.003994895,12.28381
7.488187,0.004051043,12.28867
7.505717,0.004328513,12.32778
7.521201,0.004197928,12.38474
7.537724,0.00418531,12.46283
7.554646,0.004182406,12.47448
7.570158,0.004036321,12.50297
7.586867,0.003940692,12.54509
7.601664,0.003945749,12.53325
7.617029,0.004112415,12.50822
7.638793,0.004042168,12.61901
7.653503,0.004125156,12.64467
7.666914,0.004505353,12.81584
7.68309,0.004037897,12.74164
7.713864,0.00399051,12.89884
7.731947,0.004142068,12.83619
7.755632,0.004153367,12.8282
7.768903,0.004079737,12.87727
7.783588,0.004005714,12.90985
7.811802,0.003899804,12.91723
7.826518,0.003973509,12.85761
7.848875,0.003848316,12.97455
7.862888,0.003781169,13.04019
7.881149,0.003735165,13.08217
7.896656,0.003658486,13.06847
7.909973,0.003665097,13.07414
7.924047,0.003521453,13.07352
7.939037,0.003473381,13.08656
7.953861,0.003433418,13.0785
7.96777,0.003472602,13.0871
7.983193,0.003514118,13.11848
7.998785,0.003534171,13.12696
8.014402,0.003563175,13.13234
8.03126,0.0034988,13.1738
8.051682,0.003492114,13.20327
8.065444,0.003398312,13.23053
8.081243,0.003330613,13.25879
8.096292,0.003295588,13.30011
8.110146,0.00326679,13.36816
8.13435,0.003250828,13.36905
8.148965,0.003158828,13.41279
8.164037,0.003387532,13.40868
8.17825,0.003258069,13.51633
8.192843,0.003226991,13.51221
8.208164,0.00310675,13.54639
8.225163,0.003023516,13.62223
8.242457,0.003101428,13.66187
8.269922,0.003148077,13.69104
8.28618,0.003019763,13.77083
8.304614,0.002787949,13.98569
8.341605,0.00273257,14.02643
8.3562,0.002623569,14.07409
8.369214,0.002476139,14.26271
8.382434,0.002624673,14.20049
8.400967,0.002433775,14.32136
8.415436,0.002523969,14.29916
8.429849,0.002948455,14.36501
8.444614,0.003041811,14.39983
8.465191,0.002957929,14.49997
8.478216,0.002887235,14.55598
8.496965,0.002900362,14.62922
8.513638,0.002641703,14.63702
8.526865,0.002656182,14.65671
8.541357,0.002568492,14.6846
8.561877,0.00256013,14.75229
8.599192,0.002599531,14.82901
8.61386,0.002770222,14.81315
8.627207,0.002745832,14.84111
8.639947,0.002743699,14.87117
8.653672,0.002648816,14.92174
8.673227,0.00269543,14.92652
8.68547,0.002698298,14.90948
8.701895,0.002845244,14.89725
8.716403,0.00287206,14.92615
8.730567,0.002903953,14.98762
8.747356,0.002870675,15.00304
8.763809,0.00267597,15.02273
8.779323,0.002578689,15.02503
8.794578,0.003131373,15.05134
8.808784,0.003036987,15.09035
8.8252,0.003157369,15.25486
8.849297,0.003397802,15.28088
8.86435,0.0032215,15.30077
8.883636,0.003129483,15.31211
8.897009,0.003023559,15.36239
8.912044,0.003105405,15.46523
8.926395,0.002827912,15.4864
8.941483,0.002926572,15.5
8.95748,0.002799995,15.52742
8.973876,0.002678134,15.52882
8.988473,0.002654395,15.55534
9.002802,0.00257055,15.63575
9.017544,0.002535499,15.67084
9.032824,0.002467168,15.71041
9.048389,0.002479871,15.67735
9.06319,0.002467235,15.74073
9.0776,0.002396136,15.78828
9.097836,0.002452207,15.83069
9.111432,0.002306436,15.94111
9.125741,0.002310781,15.97318
9.139032,0.002084091,16.03736
9.153643,0.001990902,16.08886
9.166521,0.001768789,16.13258
9.181726,0.001597172,16.21622
9.196306,0.001681097,16.25924
9.208944,0.001724924,16.34865
9.222787,0.00164145,16.40209
9.23728,0.001570572,16.48437
9.251484,0.001441135,16.53848
9.265693,0.001299391,16.63272
9.280962,0.001269841,16.69989
9.300342,0.001001112,16.86179
9.314619,0.0009907157,16.80427
9.32897,0.0009198239,16.8548
9.343828,0.0008584753,16.90918
9.360844,0.0007789336,16.93738
9.375929,0.0006638675,17.03677
9.391077,0.0005715826,17.10718
9.410736,0.0004810285,17.15479
9.431902,0.0004471376,17.17393
9.445392,0.0004154011,17.21844
9.458611,0.0003942965,17.27327
9.475468,0.0003819443,17.31269
9.490943,0.0003524039,17.29231
9.510054,0.0004926187,17.20778
9.525848,0.0004425482,17.43636
9.542289,0.0005472776,17.42134
9.556146,0.0006986035,17.45526
9.572052,0.000914794,17.47517
9.586719,0.0009516916,17.47108
9.601264,0.0008170091,17.55203
9.615087,0.000691829,17.62298
9.628889,0.0006491258,17.6312
9.643332,0.0007196785,17.70883
9.656773,0.0008608158,17.76569
9.672335,0.0009417942,17.77187
9.686314,0.001032614,17.8026
9.700516,0.001272122,17.89365
9.720103,0.001550486,17.93003
9.734289,0.00164466,17.99185
9.750916,0.001661128,18.01755
9.765825,0.001684322,18.04633
9.781179,0.001712914,18.08012
9.801957,0.001681526,18.14331
9.818036,0.001545637,18.18311
9.833921,0.001630845,18.32582
9.851375,0.001914965,18.38548
9.867123,0.002039138,18.39561
9.883581,0.002037403,18.47244
9.905952,0.001888496,18.5358
9.927455,0.001514998,18.63426
9.943526,0.001670295,18.72563
9.961402,0.001754656,18.8373
9.975389,0.00155505,18.75281
9.988776,0.001526287,18.83127
10.00437,0.001448845,18.8021
10.02018,0.001223542,18.86213
10.03454,0.001436025,18.86696
10.04955,0.001678838,18.95411
10.06304,0.001383844,19.01548
10.07951,0.001391217,19.11798
10.09431,0.00130456,19.23304
10.10861,0.001212575,19.29037
10.12802,0.0009488685,19.38309
10.14211,0.0009260557,19.35271
10.15759,0.0008694951,19.39589
10.17278,0.0009963923,19.4377
10.18711,0.001089884,19.51574
10.20256,0.0007590274,19.56494
10.21704,0.0007338992,19.5918
10.23085,0.0007176567,19.64164
10.24572,0.0007967305,19.71213
10.25966,0.000751616,19.69258
10.27354,0.000737626,19.82521
10.2886,0.0004588342,19.76764
10.30309,0.0006594247,19.88648
10.31736,0.0006423154,19.89499
10.33525,0.000796337,19.9479
10.34835,0.0009162537,20.02245
10.36446,0.001074261,20.16903
10.38149,0.001100216,25.68928
10.39942,0.0007357895,25.48469
10.41317,0.0004668683,25.20423
10.42807,0.0001690052,25.00139
10.44588,0.00157717,20.48838
10.45997,0.001594104,20.52381
10.47401,0.0002623647,24.47491
10.48812,0.0006659739,23.55257
10.54573,0.000574436,23.26085
10.56357,0.0007028282,22.82265
10.5786,0.0007000305,22.58741
10.59452,0.0008600093,21.91295
10.6097,0.0008837059,21.73744
10.62447,0.0009111278,21.54732
10.63798,0.0009949096,21.5774
10.653,0.001087561,21.5867
10.66804,0.001231175,21.35472
10.68167,0.001006607,21.23158
10.69608,0.0009788387,20.90939
10.70997,0.001065362,20.65134
10.72433,0.000955943,20.13617
10.73848,0.0009325743,19.44242
10.75523,0.0009736493,19.29899
10.7763,0.001031157,19.03967
10.78955,0.001027394,18.68442
10.80587,0.001210295,18.83052
10.82108,0.001243822,18.85425
10.83794,0.001329932,18.85936
10.85504,0.001662709,17.45282
10.94277,0.001507454,16.96903
10.95545,0.00145204,16.9762
10.97357,0.001544204,16.22123
10.99124,0.001621913,15.78487
11.00617,0.001411337,15.03954
11.02439,0.001588605,14.90225
11.0405,0.001692351,14.62362
11.0551,0.001894422,14.34704
11.07107,0.001821287,14.19386
11.08917,0.002014786,13.93445
11.11011,0.002114672,13.69978
11.12525,0.00231687,13.71516
11.14103,0.002536952,13.61598
11.15908,0.002943818,13.50671
11.18137,0.003249425,13.46015
11.1958,0.003508355,13.16001
11.21063,0.003560603,13.28854
11.22477,0.003912244,12.97156
11.23817,0.004080925,12.86962
11.25283,0.004262552,12.37169
11.26735,0.004396435,12.47805
11.28126,0.00421996,11.92294
11.29672,0.004416779,12.10163
11.31056,0.004227661,11.33395
11.32557,0.004301701,11.22744
11.33856,0.004588671,11.45477
11.35488,0.005137589,11.16014
11.36939,0.005793039,10.81017
11.39105,0.0058522,9.722794
11.40763,0.006277673,9.980392
11.42275,0.006387141,8.897522
11.43966,0.006115548,9.358208
11.45467,0.00635865,7.627304
11.46966,0.006202005,8.578308
11.48468,0.005959805,8.200752
11.49959,0.006134767,7.746048
11.51545,0.006269407,7.474174
11.52831,0.006340738,7.504486
11.54298,0.006570119,7.537979
11.55741,0.006757706,7.714478
11.57064,0.006823275,7.731018
11.59466,0.006999888,7.773834
11.60945,0.006956492,7.821976
11.62427,0.006723013,7.776085
11.63909,0.006740987,7.113396
11.65538,0.006368306,7.11554
11.6699,0.006137297,6.960472
11.68464,0.006248873,6.631111
11.69937,0.0055255,5.693489
11.72815,0.005506903,5.568184
11.74206,0.005751953,5.61512
11.7557,0.006225616,5.933327
11.77278,0.006494168,6.35186
11.79432,0.006163023,6.393646
11.81001,0.006090555,6.497612
11.82478,0.00583829,6.770653
11.84159,0.005558141,6.690262
11.85623,0.005390178,6.2332
11.87453,0.004922632,5.65567
11.89015,0.004888233,5.285133
11.90679,0.004805829,5.085724
11.92065,0.004705042,4.991753
11.93401,0.004651688,4.741096
11.94864,0.004661746,4.594864
11.96238,0.004631706,4.142563
11.97593,0.004800912,4.277412
11.99441,0.004679065,4.220047
12.00929,0.004674826,4.184853
12.02343,0.004503381,3.95726
12.04011,0.004606813,3.795052
12.05497,0.005350564,3.645866
12.07495,0.005271934,4.086212
12.08876,0.005407598,3.65197
12.10569,0.005677525,4.144226
12.12156,0.006070677,4.066902
12.14689,0.006118305,3.979324
12.16057,0.006118089,3.589386
12.17672,0.006253146,3.192215
12.19432,0.006051179,2.677567
12.21012,0.006999947,2.581245
12.25669,0.00692682,2.454346
12.26868,0.007154785,2.143456
12.28221,0.007177979,1.938362
12.31466,0.00725808,1.777557
12.3282,0.007292494,1.656075
12.34204,0.007349223,1.430588
12.35592,0.007279608,1.210526
12.3693,0.007234849,1.069427
12.38392,0.007217925,0.8274231
12.40347,0.007749669,0.8308258
12.42011,0.007845543,0.7914505
12.43641,0.007666059,0.7362366
12.45337,0.007365223,0.7680283
12.46797,0.007688656,0.8752365
12.4819,0.007762529,0.7265167
12.49648,0.007657569,0.6292648
12.5101,0.007510178,0.8528442
12.52642,0.007581506,0.8960342
12.54107,0.007620644,0.9406128
12.55462,0.007572044,1.024094
12.56834,0.007532049,0.9377136
12.5846,0.007609401,0.8722916
12.60543,0.00710535,0.6747131
12.61953,0.006620038,1.027061
12.63805,0.006534442,1.240608
12.65326,0.006514478,1.19841
12.66906,0.006531846,1.10553
12.68319,0.006410055,0.9990845
12.69722,0.00636987,0.9134216
12.71091,0.006287899,0.8106766
12.72566,0.00593251,0.5045319
12.74387,0.005724866,0.3579559
12.75948,0.005744375,0.2310791
12.77906,0.005895678,0.1092987
12.79643,0.005770266,0.03425598
12.81893,0.004920807,0.2143021
12.83566,0.004823949,0.5297699
12.85296,0.005242325,0.3529587
12.8713,0.005286008,0.5303726
12.88913,0.004846405,0.964798
12.90561,0.004612416,1.251587
12.95466,0.004890382,1.235184
12.96771,0.004795827,1.310234
12.9811,0.004949313,1.388039
12.99599,0.004793692,1.735435
13.01004,0.004791088,1.982948
13.02859,0.004702143,2.077148
13.04254,0.004902087,2.137062
13.05758,0.005031344,2.018471
13.0708,0.005140442,1.903725
13.08545,0.00522735,1.799164
13.10207,0.005052611,1.819199
13.11555,0.004994955,2.025452
13.13045,0.005394444,2.003265
13.15117,0.006180849,1.328163
13.16527,0.006732855,0.4146347
13.20614,0.006657172,0.4766235
13.22005,0.006852902,0.4489746
13.23943,0.006565493,0.7717667
13.25406,0.006139699,0.5605316
13.27273,0.006188881,0.2109375
13.29812,0.006881777,0.5755005
13.31676,0.006294984,1.039925
13.33127,0.005505886,0.9243088
13.34777,0.005316976,1.284225
13.3631,0.005582042,1.03466
13.37756,0.005644202,0.9042664
13.39208,0.005878795,0.7726898
13.41223,0.006056096,0.881813
13.42574,0.006114807,0.9440231
13.44552,0.006248139,1.23027
13.46042,0.006004974,1.229004
13.47503,0.005929124,0.9834442
13.48885,0.005795095,1.084541
13.50387,0.00591566,1.187668
13.51922,0.006039117,1.324936
13.53585,0.006266154,2.063286
13.54918,0.005558722,2.146248
13.56302,0.006156646,1.936066
13.57754,0.006446853,1.434784
13.59217,0.006021995,1.729149
13.60606,0.006300747,1.297493
13.62092,0.006324422,1.34552
13.63525,0.007018913,1.296684
13.66053,0.006537687,0.7591476
13.67514,0.006459046,0.5244217
13.69056,0.006183863,0.3196869
13.705,0.006346501,0.3090286
13.72047,0.006818112,0.4432144
13.73361,0.007016767,0.4382935
13.74772,0.007004056,0.3922958
13.76187,0.007512018,0.07208252
13.77649,0.007615604,0.2748108
13.79198,0.007674854,0.4861984
13.80694,0.007690873,0.5026245
13.82009,0.00769233,0.6628494
13.83544,0.007580057,0.9715195
13.85397,0.007392682,1.194328
13.86683,0.00727937,1.483574
13.88198,0.007397778,1.547981
13.89678,0.007425696,1.5541
13.91383,0.007891972,1.744095
13.9285,0.008148097,1.689598
13.94477,0.007605165,1.065353
13.96304,0.007885028,1.135437
13.97919,0.008151159,1.727615
13.99486,0.007593274,1.648354
14.00916,0.007176381,1.235367
14.02343,0.007369168,0.9596176
14.0364,0.007178098,0.8589172
14.0559,0.007120114,0.8309097
14.06982,0.006813563,0.7655716
14.08567,0.006726231,0.9025726
14.10146,0.006365899,0.7713165
14.1174,0.006149486,0.4466171
14.13274,0.006302599,0.5273209
14.14639,0.006015643,0.6341248
14.16028,0.00600712,0.4203796
14.17544,0.005941052,0.4869385
14.18946,0.005497411,0.7594833
14.20953,0.005589716,0.9462204
14.22425,0.005286697,1.175224
14.2373,0.00521794,1.371902
14.25627,0.004733261,2.004616
14.27161,0.004945338,1.717667
14.28648,0.00457729,1.835854
14.30089,0.004929092,1.918358
14.31685,0.005042601,1.965927
14.33017,0.005047172,1.938271
14.34442,0.004914686,2.260086
14.35909,0.004478846,3.431656
14.40785,0.00469368,3.375252
14.42042,0.004737258,3.364845
14.43293,0.004780129,3.157829
14.44846,0.004920483,2.984802
14.47226,0.004705049,3.202156
14.48807,0.004850976,3.529144
14.5026,0.004618932,3.963905
14.51708,0.004593052,4.123642
14.53085,0.004543018,4.322067
14.54475,0.004698314,4.336945
14.55935,0.004743204,4.474724
14.57371,0.004565988,4.523323
14.58791,0.004331395,4.771065
14.6029,0.004491843,5.090561
14.61736,0.004625827,5.505569
14.64236,0.004355505,5.451141
14.65958,0.004313748,5.617653
14.68377,0.004364625,5.797691
14.70017,0.00467876,5.951546
14.71734,0.004207246,6.065491
14.74153,0.00390264,6.530006
14.7574,0.003360722,6.768669
14.77358,0.002918914,7.047348
14.79252,0.002863251,7.067986
14.80785,0.002744969,6.971359
14.82488,0.002647828,7.171394
14.84086,0.002920598,7.1287
14.85506,0.002460498,7.023567
14.87094,0.00255888,7.139854
14.89097,0.002081625,7.963417
14.90787,0.001893077,8.218842
14.9246,0.001935277,8.220924
14.93935,0.002066702,8.186501
14.95409,0.002224874,8.098206
14.96969,0.00214345,7.699654
14.98533,0.001908634,7.531082
15.00077,0.00251377,6.702431
15.01578,0.002362989,6.422096
15.02991,0.002335966,6.278885
15.04503,0.002384178,5.857834
15.06147,0.003124006,5.150711
15.0759,0.003494836,4.840782
15.09592,0.003700227,4.82193
15.10986,0.00374778,4.696999
15.12412,0.00386392,4.706078
15.13916,0.003817063,4.623993
15.1552,0.004199669,4.324028
15.16791,0.004257392,4.035454
15.18336,0.004609484,3.581764
15.19982,0.004582673,3.350189
15.21488,0.00489489,3.307533
15.22937,0.004913591,3.367409
15.24313,0.004781429,3.758347
15.25665,0.004600763,4.03199
15.27774,0.004564509,4.211159
15.29453,0.00465028,4.484207
15.30811,0.004566848,4.498978
15.34364,0.005049206,4.680733
15.35641,0.005123235,4.63636
15.36868,0.004896268,3.982155
15.40243,0.005200017,3.825058
15.41859,0.004360132,3.124924
15.43293,0.004581887,3.140236
15.44914,0.004555561,3.209999
15.46699,0.004711322,3.110802
15.49008,0.004375808,2.885994
15.5122,0.004212145,2.754112
15.52919,0.003960852,2.991974
15.54652,0.003675375,2.804512
15.56233,0.004144877,2.879181
15.57748,0.00448589,2.890999
15.5937,0.004973378,2.688568
15.61014,0.005054921,2.664108
15.62457,0.005109876,2.760002
15.63922,0.004972804,2.980293
15.65378,0.004604921,3.444992
15.66717,0.004534539,3.635063
15.68194,0.004362166,3.748505
15.69764,0.00423805,3.456169
15.71962,0.004122481,3.347893
15.73353,0.004551575,3.184364
15.74891,0.004573148,3.255417
15.76387,0.00452831,3.385963
15.77801,0.00377949,3.490967
15.79612,0.003541101,3.953728
15.83874,0.002469234,3.900322
15.85271,0.00335164,3.922043
15.86948,0.002981484,3.789955
15.88395,0.003350183,3.880966
15.89849,0.003250711,3.915482
15.91815,0.00294885,4.054947
15.93177,0.002690833,3.833611
15.9471,0.002067015,3.258278
15.96079,0.002107214,3.352585
15.97542,0.002384417,3.345024
15.98908,0.002665315,3.448479
16.00284,0.002718657,3.305824
16.01631,0.002728686,3.346405
16.03088,0.002745122,3.44249
16.04549,0.002918776,3.447075
16.0596,0.002833892,3.877777
16.07608,0.003007427,3.340088
16.0945,0.003262993,3.198929
16.11122,0.00318446,3.298317
16.13396,0.003001694,2.975128
16.14833,0.002324514,2.476479
16.16685,0.002653722,2.801804
16.18297,0.00340664,2.52742
16.20489,0.003916655,1.902908
16.22296,0.004173983,1.909592
16.23989,0.00427451,1.734283
16.25424,0.004561145,1.746384
16.26917,0.004643667,1.696724
16.28375,0.004932828,1.7146
16.29998,0.004942454,1.806236
16.3175,0.00500267,1.240768
16.34368,0.005156651,1.277023
16.35701,0.005215272,1.152359
16.37284,0.005350951,1.327362
16.38856,0.005512487,1.588577
16.40648,0.005546499,1.671623
16.42235,0.005738456,2.105827
16.43559,0.005821534,2.279396
16.45231,0.0060861,2.502541
16.46864,0.006252885,2.502502
16.48271,0.006893922,2.727432
16.5072,0.007330269,2.714828
16.52519,0.007085953,2.131851
16.54344,0.007482175,1.043144
16.57831,0.007584207,0.9702301
16.59148,0.007906672,0.8745728
16.60698,0.008066569,0.7310791
16.62107,0.008269433,0.6865692
16.65004,0.008372165,0.7578964
16.66369,0.008311164,0.4595566
16.67789,0.008274946,0.4211426
16.69267,0.008038357,0.3078232
16.70866,0.008302391,0.4189148
16.72319,0.008468922,0.6522522
16.73688,0.008604754,0.7589188
16.75563,0.008723844,0.6952133
16.76947,0.008788455,0.2099075
16.78433,0.008823752,0.7619781
16.80763,0.008518767,0.8723755
16.82644,0.008457564,1.019638
16.84396,0.007917292,0.792984
16.86396,0.007882882,0.6990356
16.88095,0.007684804,0.745697
16.91321,0.008093957,0.9147415
16.92867,0.007690966,1.140007
16.94615,0.007118475,1.625809
16.97008,0.006833736,1.913757
16.98603,0.006991986,1.97052
17.00067,0.006968681,2.355515
17.01497,0.007099461,2.803795
17.03002,0.007135727,3.069801
17.04325,0.007246267,3.464523
17.0588,0.007024843,3.577278
17.07424,0.007021774,3.826279
17.08837,0.006952148,3.877403
17.10206,0.006836519,4.264015
17.11705,0.006815314,4.467354
17.13095,0.006828483,4.698677
17.14591,0.006866284,5.153152
17.16014,0.006807312,5.387718
17.17938,0.006533522,5.022202
17.19519,0.00479069,6.735115
17.24666,0.004974216,7.479118
17.25883,0.005070604,8.172424
17.27293,0.004999287,8.727318
17.28637,0.005035032,9.185669
17.29889,0.00425585,8.866432
17.31399,0.004869562,10.06551
17.32853,0.004767463,10.67917
17.34282,0.004602849,10.61403
17.35739,0.004173201,10.5448
17.37192,0.004403982,10.57184
17.39283,0.004322261,10.65467
17.40625,0.004375678,10.66573
17.42484,0.004079398,11.05628
17.43903,0.003958862,11.10054
17.45342,0.003913853,11.25617
17.46801,0.00400991,11.3166
17.48194,0.004335191,11.50806
17.49864,0.004484173,11.36245
17.51897,0.004541852,11.54337
17.53682,0.004457805,11.59801
17.55311,0.00423561,11.99419
17.56856,0.004410978,11.97309
17.58463,0.00398238,10.5782
17.61141,0.004265182,9.94915
17.62687,0.00423459,9.527916
17.64372,0.004283417,9.49337
17.65768,0.003921241,9.615395
17.67331,0.003905054,9.831436
17.68941,0.003842704,10.01888
17.70372,0.003773455,10.22554
17.71881,0.00370967,10.41607
17.73527,0.003943011,9.974121
17.74948,0.003265351,10.03137
17.76354,0.004252486,10.13867
17.81262,0.004279774,10.15359
17.83126,0.003900964,9.597649
17.84482,0.003822438,10.22384
17.85866,0.003700208,10.39866
17.87388,0.003342763,10.58607
17.88787,0.003301501,10.8309
17.903,0.003125634,10.88386
17.91696,0.003001016,11.12484
17.93053,0.002757419,10.55301
17.94464,0.002694361,10.775
17.95926,0.002262678,10.27257
17.97523,0.0009550229,9.704941
17.9895,0.001151063,10.14401
18.00328,0.001268607,10.31967
18.01777,0.001188107,10.66706
18.03733,0.001426965,10.85783
18.05373,0.001524951,10.9092
18.06839,0.001425453,11.14137
18.08316,0.001292083,11.17526
18.09811,0.001169749,11.22633
18.11257,0.0008551106,11.15746
18.1263,0.0007200874,11.02567
18.13966,0.0007623769,10.89972
18.15419,0.001041107,10.69217
18.17042,0.0009038635,10.85941
18.18459,0.0008675419,11.06787
18.20144,0.0007720739,11.36359
18.21712,0.0005392842,11.5074
18.232,0.0006436668,11.8708
18.25421,0.0006252714,12.28033
18.26832,0.0006284416,12.69827
18.30597,8.362532E-05,13.16071
18.3227,0.0006248653,13.60525
18.33689,0.0008950084,13.89973
18.35384,0.0008110031,13.99621
18.36765,0.001161903,13.6369
18.38202,0.001044616,13.10973
18.39613,0.0009955317,13.00323
18.40939,0.001402982,12.1184
18.42398,0.001292322,12.58793
18.43786,0.001181107,12.7199
18.45713,0.001887295,12.88156
18.47191,0.001374032,13.12045
18.48858,0.001404759,12.99841
18.50498,0.001135029,13.48756
18.52545,0.001500461,13.22488
18.54275,0.001150887,13.50114
18.55749,0.001217619,13.45386
18.5757,0.001072261,13.6122
18.58948,0.001110159,13.69683
18.60395,0.001245197,14.01125
18.61913,0.001354933,14.22228
18.6336,0.001334902,14.6036
18.64707,0.001314711,14.66505
18.66751,0.0007288866,14.99267
18.68199,0.0004786029,14.95714
18.6984,0.0005989335,15.5253
18.7139,0.001421887,14.88047
18.72869,0.001315486,15.03753
18.74367,0.001294948,15.52864
18.77262,0.001592115,15.80507
18.78651,0.001509596,15.6042
18.80074,0.002207171,15.36442
18.81926,0.002875358,15.56119
18.83826,0.003113225,15.69366
18.85232,0.003418069,15.83764
18.87119,0.00384545,15.13876
18.88461,0.003497615,15.27677
18.89912,0.004099909,14.90561
18.91708,0.004194357,14.89146
18.93212,0.004376046,14.90437
18.94643,0.004290447,14.9836
18.96136,0.004667934,15.11254
18.9783,0.004761573,15.06925
18.99451,0.005011979,14.90456
19.00775,0.005235232,14.47312
19.02217,0.00515141,14.45714
19.03701,0.005196095,14.13367
19.05401,0.005245157,13.57657
19.07638,0.005658526,12.52673
19.11391,0.006425109,10.82854
19.13045,0.006364502,11.17107
19.14685,0.006721921,10.60194
19.16516,0.006811824,10.4208
19.18091,0.006724436,9.48851
19.20042,0.006765045,9.464081
19.21557,0.006878249,8.630898
19.23292,0.006356314,9.163536
19.24744,0.006102782,9.153542
19.26307,0.006083604,8.823143
19.28412,0.005776584,8.717415
19.31132,0.005771469,8.72805
19.32444,0.005596261,8.996529
19.33911,0.005589075,8.987343
19.35376,0.00516405,9.741562
19.37672,0.004895687,9.323051
19.39076,0.004491992,9.177452
19.40484,0.004722107,9.205193
19.41875,0.004617829,10.04295
19.43386,0.004038848,9.457581
19.44848,0.003751986,9.504997
19.4627,0.003759954,9.342812
19.47729,0.003510807,9.585609
19.49606,0.003554642,9.254776
19.50967,0.003430251,9.237045
19.52428,0.003210381,8.623795
19.54288,0.002812121,8.785942
19.55868,0.002660066,8.642494
19.57381,0.002659671,8.840103
19.59499,0.002262894,8.434509
19.60862,0.001933381,8.822098
19.62263,0.002115324,8.898346
19.6361,0.002103072,8.852547
19.65352,0.002095796,8.988441
19.67329,0.002060428,9.10775
19.68899,0.001885612,9.190376
19.71,0.001329299,9.338043
19.72854,0.001347166,9.367172
19.74372,0.001494911,9.084572
19.75831,0.001580156,8.643784
19.773,0.002133366,8.738045
19.78651,0.001745444,7.992981
19.81789,0.001511671,8.440887
19.83731,0.001392357,8.412231
19.85163,0.001381669,8.264305
19.86731,0.001202732,8.505829
19.88369,0.001382723,8.302063
19.92631,0.0007136464,7.739891
19.94326,0.001475785,7.707787
19.95518,0.0008161627,7.314705
19.96935,0.0008642897,7.76403
19.98409,0.0006819107,8.178978
20.01807,0.0006561168,8.206177
20.03162,0.0005577579,8.645653
20.04502,0.0006654151,8.603569
20.05897,0.0006979704,8.855774
20.07351,0.0008026212,9.131966
20.08783,0.0009910539,9.098228
20.10215,0.001034059,9.24942
20.1172,0.001220431,9.509071
20.13092,0.001441762,9.420647
20.15074,0.001237214,9.766327
20.20111,0.001407884,10.67262
20.21312,0.001523498,11.31263
20.22674,0.001458392,11.52767
20.24197,0.001659557,12.13725
20.25571,0.001850728,12.43504
20.27094,0.001759768,13.09338
20.28559,0.001919311,13.64436
20.29947,0.002378125,14.93172
20.31506,0.002187878,15.7635
20.32972,0.002221819,16.106
20.34377,0.002890032,18.59853
20.36415,0.002548356,17.43187
20.38093,0.002848949,18.41103
20.39567,0.002796039,18.74664
20.40955,0.002855305,18.88155
20.42435,0.002751656,19.10709
20.4379,0.002669256,19.21599
20.45228,0.002525285,20.02878
20.467,0.002397567,20.19635
20.48027,0.002220977,20.55956
20.49585,0.002094377,20.38841
20.50989,0.002337009,20.73635
20.52434,0.002214674,20.89719
20.54019,0.001460291,19.82021
20.55945,0.002001081,20.30253
20.5817,0.002136707,20.47777
20.60132,0.002037656,20.26039
20.61804,0.001715999,20.15738
20.63334,0.001891982,20.55102
20.6473,0.001858559,20.76153
20.66284,0.00208357,21.02408
20.68209,0.002046708,21.33932
20.69892,0.001942504,21.28863
20.7129,0.001809459,21.54555
20.72697,0.001608659,21.66699
20.74135,0.001727238,22.00005
20.7553,0.001598183,22.32463
20.76938,0.001455486,22.48942
20.78785,0.001318652,22.69075
20.80371,0.001243919,22.90833
20.81744,0.001108117,23.38198
20.83904,0.0008791089,23.68329
20.85589,0.0008115582,23.89366
20.87057,0.0005860887,24.15343
20.88402,0.0004859343,24.50562
20.89867,0.0003935248,24.66684
20.91382,0.000180997,25.10974
20.92862,0.0001116917,25.39114
20.9437,0.0001209788,25.29161
20.95708,5.826727E-05,25.82764
20.97161,0.0001410805,26.55721
20.99349,0.0005040057,26.67743
21.00814,0.0002176017,26.1429
21.02263,0.000219956,26.61292
21.03688,0.0001951233,27.91304
21.05154,0.0002949797,28.76514
21.06505,0.0005712695,28.69462
21.07902,0.0003170595,28.46642
21.09382,0.0001998618,28.98989
21.11091,0.0002190247,29.02589
21.12675,0.0002343506,29.00736
21.14452,0.0002779886,29.1974
21.16208,0.0003598221,29.65061
21.17846,0.0004266426,29.77608
21.20673,0.0001679659,29.70322
21.22349,0.000454355,29.84372
21.24134,0.0008084215,29.8784
21.25922,0.001266193,30.228
21.27786,0.001907401,29.73608
21.29417,0.002162099,30.14558
21.31173,0.00261312,30.10753
21.32665,0.002299219,29.14492
21.34156,0.002271384,29.29335
21.35641,0.002200522,29.94159
21.36994,0.002168119,31.00351
21.38448,0.002262697,32.92918
21.40349,0.002544139,34.44207
21.4173,0.002601493,34.2375
21.43394,0.002714217,34.57188
21.44792,0.003560744,35.20325
21.46327,0.003364652,33.20108
21.4765,0.003231447,33.29646
21.49023,0.003441654,33.61805
21.5052,0.003358252,33.99285
21.51879,0.003192846,34.26432
21.53413,0.003011037,34.99042
21.54873,0.003114913,35.14767
21.56461,0.002804607,35.46568
21.57817,0.002809744,35.49663
21.59321,0.002829559,35.7729
21.61213,0.003905203,36.45663
21.63123,0.004564274,37.06008
21.64827,0.003471494,35.68228
21.66425,0.004292548,36.77802
21.68099,0.002411798,37.9278
21.69558,0.002066236,39.27988
21.71169,0.002278373,39.16583
21.73615,0.001959052,39.2401
21.75027,0.002157949,39.59435
21.76431,0.00205756,40.09023
21.77775,0.0019654,39.78697
21.79231,0.00209729,40.38556
21.80639,0.002124991,40.53162
21.82586,0.001872085,40.96324
21.84568,0.001617566,41.38223
21.87202,0.00157417,41.55658
21.88521,0.001126658,42.03496
21.89931,0.001179922,42.39397
21.91234,0.0007085167,42.5537
21.93111,0.0006217659,42.64905
21.94433,0.0001882166,43.0831
21.95828,4.577637E-05,43.49446
21.97361,0.0004777089,43.49393
21.98836,0.0001100004,44.10371
22.00426,0.0009863451,42.61107
22.01758,0.00130941,44.09535
22.03701,0.0007574074,44.36179
22.05232,0.001566015,43.84593
22.06728,0.002738307,35.0144
22.08156,0.001862213,43.83372
22.09823,0.002078984,43.9528
22.12147,0.002277162,43.87357
22.13984,0.002529491,44.02927
22.15613,0.002748456,44.036
22.1727,0.002894618,44.33455
22.18722,0.003247425,44.43779
22.20181,0.002874296,45.07271
22.21772,0.002845604,45.38452
22.23568,0.003057949,46.00192
22.25018,0.003293667,46.22746
22.2643,0.004324426,33.33236
22.30529,0.004142081,33.20494
22.31782,0.004422491,33.17844
22.33035,0.004284386,33.15355
22.34751,0.005073752,32.94255
22.37722,0.005568969,32.94729
22.38985,0.005656703,32.85856
22.40355,0.005930708,32.68434
22.41763,0.006010345,32.70603
22.43248,0.006266356,32.54673
22.45123,0.00653114,32.52055
22.46655,0.006732609,32.41469
22.47939,0.00650392,32.20456
22.49564,0.006472896,31.96198
22.56547,0.006382817,31.91891
22.581,0.006399735,31.88097
22.5967,0.006354238,31.7311
22.61313,0.006360058,31.70184
22.62834,0.006228325,31.62853
22.64577,0.006303362,31.59649
22.67164,0.006706531,31.51123
22.68569,0.006761181,31.41375
22.70139,0.007097304,31.33086
22.71805,0.007058122,31.38683
22.73283,0.007020322,31.2764
22.7469,0.007393328,31.19038
22.78064,0.007446948,31.03302
22.82588,0.007539348,30.99229
22.83865,0.007600452,30.90524
22.86133,0.007461484,30.81748
22.88133,0.007735314,30.72052
22.89457,0.007811199,30.65108
22.91006,0.007891313,30.62747
22.9245,0.007766027,30.64752
22.93955,0.007692204,30.62508
22.95361,0.007514781,30.62189
22.96803,0.007378434,30.57579
22.98348,0.007136836,30.51575
22.99697,0.006981994,30.46857
23.01153,0.006769953,30.39798
23.02731,0.006793827,30.29497
23.04875,0.006729912,30.20675
23.06197,0.006767255,30.06832
23.08122,0.006562973,29.96244
23.09514,0.006180409,29.81943
23.11073,0.005681465,29.71495
23.12569,0.006036222,29.9441
23.14181,0.005290035,29.44232
23.16939,0.005263634,29.36823
23.18321,0.00520118,29.28053
23.19692,0.005231717,29.14805
23.21244,0.005178271,29.07075
23.22704,0.00512982,28.46528
23.28622,0.005070349,28.09524
23.30578,0.005141477,28.03953
23.31853,0.004991489,27.97577
23.33501,0.00521668,27.6579
23.35475,0.005392723,27.31462
23.36847,0.005533199,27.10775
23.38267,0.005561909,26.83784
23.39535,0.005769663,26.45485
23.40966,0.006031108,26.0287
23.43282,0.006207623,25.65431
23.44724,0.006235325,25.50287
23.46046,0.00626653,25.3663
23.47378,0.006348291,25.10224
23.48752,0.006266475,24.96903
23.50658,0.006233262,24.62189
23.5216,0.007172696,24.37236
23.53591,0.007509072,24.07796
23.54968,0.008042238,23.72547
23.56666,0.007989269,23.24992
23.58079,0.008784937,23.26466
23.59648,0.008718215,23.10702
23.61089,0.009298578,23.03092
23.62573,0.008723189,22.77432
23.6436,0.0094146,22.68579
23.6573,0.009177484,22.23149
23.67315,0.009885807,21.75019
23.68822,0.01016473,21.49034
23.70612,0.01057909,20.97515
23.72124,0.01077136,20.53982
23.7373,0.0108445,18.90771
23.78961,0.01117912,18.63002
23.80206,0.01139132,17.9835
23.81606,0.01204107,17.38965
23.83056,0.01164781,17.20499
23.84542,0.01114354,16.4757
23.86252,0.01201572,16.16378
23.87728,0.01324431,14.41805
23.89201,0.01242004,15.3378
23.91004,0.01414216,13.84092
23.92406,0.01350121,14.05276
23.94689,0.01360402,13.58754
23.96128,0.01404611,13.0502
23.97673,0.01434455,12.10141
23.99303,0.0143072,12.04465
24.0071,0.01422227,11.5281
24.02158,0.01445589,11.0806
24.03857,0.01471358,10.98813
24.05199,0.01433744,10.61311
24.06647,0.014449,10.1572
24.08258,0.0141842,9.488708
24.09972,0.01384582,8.86818
24.12473,0.01326993,8.569764
24.1405,0.01287803,8.457121
24.15625,0.01214896,8.053788
24.17209,0.01155965,7.518465
24.18785,0.01113785,7.227594
24.20364,0.01069678,6.669916
24.21794,0.0105141,6.515657
24.23388,0.01005896,6.07409
24.24811,0.01016306,5.863776
24.26267,0.01105738,5.480226
24.27767,0.01125256,5.338985
24.29242,0.01354313,4.421155
24.30906,0.01361377,4.559563
24.32835,0.01334267,4.444309
24.34353,0.01332628,4.250819
24.36075,0.01331722,3.994932
24.37507,0.01370621,4.086195
24.40293,0.01329614,4.077943
24.41743,0.01333593,3.938008
24.43046,0.01358893,3.765096
24.44395,0.01355354,3.598966
24.45928,0.01361489,3.589433
24.47458,0.01336587,3.739055
24.48826,0.01315624,3.787445
24.50241,0.01259238,3.767592
24.51703,0.01271386,3.71051
24.53631,0.01288482,3.690243
24.54906,0.01310236,3.65527
24.56404,0.01401966,3.472318
24.57759,0.01386158,3.914616
24.59121,0.0134007,3.754263
24.60922,0.01367742,3.995716
24.62361,0.01400707,4.478378
24.63679,0.01356359,4.011955
24.65206,0.01328288,4.067653
24.66748,0.01291391,4.088351
24.68106,0.01286164,4.068568
24.70137,0.01246008,4.10198
24.71992,0.01228082,4.160525
24.73998,0.01200545,4.330155
24.75431,0.01167232,4.467737
24.77024,0.01141618,4.510931
24.78798,0.01118924,4.555953
24.80754,0.01096425,4.751101
24.82254,0.01085877,5.014619
24.83816,0.01079059,5.039445
24.85854,0.01077773,4.958
24.87731,0.0103764,4.99226
24.89412,0.01012359,5.021373
24.91198,0.009776317,5.264624
24.92782,0.01003138,5.455856
24.94776,0.009901908,5.302969
24.96267,0.01006386,5.313011
24.97696,0.01017115,5.314559
24.99375,0.009966016,5.424445
25.01481,0.009852582,5.601682
25.02957,0.01033727,5.637394
25.0428,0.01042478,5.592227
25.06129,0.01044339,5.627616
25.07714,0.01040267,5.690372
25.09078,0.01045349,5.819788
25.1062,0.01034287,5.957365
25.12035,0.01039317,5.883599
25.13477,0.0101912,5.903687
25.1548,0.01027904,5.806031
25.16825,0.01022681,5.803769
25.18257,0.01026116,5.931016
25.19695,0.01017176,5.945277
25.21178,0.01015372,6.047437
25.22534,0.01007351,6.289804
25.24074,0.01014955,6.363439
25.25619,0.01020695,6.413926
25.27004,0.01029338,6.436783
25.28336,0.01030868,6.449504
25.29839,0.01015775,6.527174
25.31325,0.009756841,6.707943
25.32819,0.009651147,6.77251
25.34313,0.009570726,7.103212
25.3637,0.009749423,7.020432
25.37652,0.009911107,6.9548
25.39145,0.01008058,6.774189
25.41795,0.01003451,6.717321
25.43467,0.009937554,6.880568
25.45108,0.009997547,7.084435
25.47367,0.01021772,7.055161
25.48767,0.0106167,7.064053
25.52265,0.01012719,7.002947
25.53664,0.0099693,7.172855
25.55233,0.009767924,7.287823
25.57064,0.00978386,7.211589
25.58379,0.01011099,7.471968
25.64554,0.01018027,7.472047
25.65778,0.01008894,7.525795
25.67126,0.01011369,7.692049
25.68532,0.01007333,7.517655
25.70042,0.009932444,7.643726
25.71581,0.009545672,7.899533
25.73392,0.009772807,7.864045
25.74895,0.01001123,7.918793
25.76352,0.0103501,7.798276
25.78266,0.0101851,7.829124
25.79786,0.01012708,7.946829
25.81267,0.01006357,8.098443
25.82634,0.01030528,8.147387
25.84369,0.01026455,8.126563
25.85702,0.01028695,8.102829
25.87246,0.009859456,8.152758
25.89317,0.009654052,8.247741
25.91079,0.009554197,8.395735
25.92582,0.009523219,8.564996
25.93992,0.009570559,8.599346
25.95376,0.009709342,8.617166
25.9674,0.009681487,8.545873
25.98531,0.009754357,8.587278
26.00015,0.009701745,8.621473
26.01492,0.00974826,8.764458
26.02988,0.009698202,8.899185
26.04583,0.009696092,9.067266
26.05931,0.009698899,9.382362
26.07434,0.009725355,9.356287
26.08798,0.009707193,9.451138
26.10319,0.009823014,9.627248
26.12379,0.002711274,19.93996
26.13887,0.002857301,19.54583
26.15574,0.002938535,19.25009
26.17381,0.002979066,18.86327
26.19502,0.003033008,18.50671
26.21403,0.002893589,18.08601
26.26199,0.002884842,18.03822
26.27467,0.002948768,17.83711
26.28897,0.003179278,17.72394
26.32841,0.003183801,17.67679
26.34104,0.003220152,17.4384
26.36394,0.003305804,17.24184
26.37728,0.003377244,17.05272
26.39725,0.003376588,16.09205
26.4138,0.003660582,16.33938
26.4275,0.004112601,15.52591
26.44122,0.004276242,15.26417
26.45568,0.004655648,14.39394
26.47152,0.004766736,12.41605
26.48622,0.004674517,13.10191
26.49999,0.004658654,12.00406
26.51829,0.004680283,11.53838
26.53216,0.004716899,11.56109
26.55092,0.004820943,11.66174
26.56463,0.005557273,12.13435
26.57777,0.005817451,11.58016
26.59703,0.006327391,10.79884
26.61112,0.006338574,11.00012
26.62672,0.00644733,10.45151
26.64684,0.006459851,10.75086
26.6627,0.006586015,11.07134
26.67647,0.006708223,11.38523
26.69187,0.006969545,11.82288
26.70733,0.0071196,11.61848
26.72527,0.007237077,11.71667
26.74398,0.007288642,12.14182
26.75962,0.007571068,12.22963
26.77618,0.007928979,12.92738
26.78997,0.008339461,12.85134
26.81077,0.008838233,12.82676
26.82345,0.009299554,12.46426
26.83815,0.009249005,12.64053
26.85357,0.00910157,13.02209
26.86769,0.009014405,12.71411
26.88452,0.009031061,12.44229
26.90115,0.009220827,12.33464
26.91527,0.008972473,12.25916
26.92906,0.008861855,11.99102
26.94546,0.008537862,12.17488
26.95981,0.008350253,12.4706
26.97385,0.007978927,13.13957
26.98843,0.007825151,13.10502
27.00299,0.007738575,13.35674
27.02183,0.007610772,13.60145
27.03592,0.007586159,13.39693
27.05175,0.007313021,13.77322
27.06936,0.007119402,14.02769
27.0871,0.007166494,14.23271
27.10696,0.007139303,14.90149
27.12721,0.007261451,15.34226
27.14357,0.00733611,15.03327
27.16274,0.007141549,15.20797
27.1853,0.006894108,16.3438
27.202,0.0063686,16.73974
27.2169,0.00611984,16.30706
27.23659,0.00580411,16.27902
27.25069,0.00563499,16.13299
27.26818,0.005610634,16.1351
27.28297,0.005752325,16.17968
27.29749,0.005869195,16.41685
27.31132,0.005993411,16.09462
27.32492,0.006180994,16.7048
27.33926,0.00759349,15.41572
27.35341,0.006297216,16.49947
27.36636,0.00615273,16.59208
27.3801,0.006362069,16.22839
27.39313,0.006382842,16.47394
27.40755,0.006461911,16.58698
27.4215,0.006599084,16.66863
27.44185,0.006668109,16.71512
27.45456,0.007171523,16.58327
27.46898,0.007463533,15.96906
27.48449,0.007665262,16.24612
27.49962,0.008174054,14.53112
27.51489,0.009060238,15.97596
27.52868,0.009086452,15.4949
27.54294,0.009071264,15.8063
27.55746,0.009759687,15.26654
27.57361,0.009613592,15.16104
27.58858,0.01015256,15.14082
27.60471,0.01009862,14.73504
27.61945,0.01066945,14.38463
27.64195,0.01088046,14.14773
27.66408,0.01105605,14.26283
27.67842,0.01120643,13.79751
27.69733,0.01123422,13.8205
27.71722,0.01112959,13.17852
27.73388,0.01094377,13.42435
27.76762,0.0109277,13.66909
27.78519,0.01090906,13.72587
27.80146,0.01080783,13.04724
27.81674,0.01090611,12.55389
27.83436,0.01033879,12.08039
27.90294,0.01035926,12.32958
27.92093,0.01023802,11.72755
27.93402,0.01037159,11.70576
27.94986,0.0106074,10.68538
27.98332,0.01098078,12.10531
27.99944,0.01088651,10.27318
28.01451,0.01104595,10.4765
28.03114,0.01102237,10.29308
28.04575,0.01108241,9.878548
28.09839,0.01094845,10.15057
28.11523,0.01079477,10.43368
28.13299,0.01078729,10.85825
28.1472,0.01064125,11.05144
28.16341,0.0108087,11.72745
28.17738,0.01086724,11.93317
28.18969,0.01081365,11.64575
28.2065,0.01162732,11.7746
28.22265,0.0116316,11.08492
28.23636,0.01156165,11.26855
28.25225,0.01148485,11.33292
28.26563,0.0120188,11.0381
28.27919,0.01287145,11.16469
28.29766,0.01307034,10.97652
28.31466,0.01324418,10.97821
28.32879,0.01348969,10.98891
28.34817,0.01376397,11.46428
28.36644,0.0138304,11.48621
28.37996,0.01410675,11.6553
28.39458,0.01397056,12.29456
28.41055,0.0142736,12.29825
28.42467,0.01429616,12.00198
28.43854,0.01462241,11.81337
28.45399,0.01437789,11.97518
28.46856,0.01428317,12.27251
28.48212,0.01412521,12.66669
28.49719,0.01405177,13.09801
28.51024,0.01404607,13.77988
28.52522,0.01399492,13.97005
28.54681,0.01382937,13.97662
28.5721,0.01393151,14.03681
28.58798,0.01393844,14.87125
28.60694,0.01408996,14.82204
28.62601,0.01458375,13.48621
28.67338,0.01452566,14.61791
28.68665,0.01461057,14.48412
28.70278,0.01450115,14.75858
28.71614,0.01460707,15.19485
28.73038,0.01460947,14.90749
28.74618,0.01484804,15.6853
28.76009,0.01499256,15.86388
28.77984,0.01515415,17.09991
28.80229,0.01512881,17.35516
28.81478,0.0149409,16.92288
28.82996,0.01482656,17.10469
28.84642,0.01479835,16.9923
28.85971,0.01493993,17.67809
28.90981,0.01492994,17.5192
28.92217,0.01457312,16.83346
28.93653,0.01444787,16.88828
28.95186,0.01367453,17.22961
28.96998,0.01384587,18.14826
28.98831,0.01349908,19.29177
29.00349,0.01351709,18.43253
29.01895,0.0134369,18.30704
29.03363,0.01280225,19.89386
29.13363,0.01254829,19.72279
29.15048,0.01234178,19.87075
29.16527,0.01228539,19.96209
29.18414,0.01230451,20.3307
29.2002,0.01225992,20.87025
29.22388,0.01224837,21.83774
29.23811,0.01229825,21.68537
29.25221,0.01227647,22.30036
29.26625,0.01228466,22.42777
29.28321,0.01226675,22.46875
29.29809,0.01219102,21.73225
29.31264,0.01231362,22.43195
29.32638,0.01231931,21.90165
29.34272,0.01228961,22.73626
29.37681,0.011996,22.12924
29.40451,0.0122834,22.27162
29.42152,0.01175272,22.20248
29.44155,0.0125789,22.07845
29.50462,0.01257523,22.28629
29.51835,0.01249269,21.86692
29.53269,0.01230654,21.70005
29.5486,0.0121428,21.24005
29.56716,0.01213967,21.18241
29.58481,0.0122233,21.42764
29.60635,0.01236125,21.90919
29.6226,0.01244919,22.41536
29.63822,0.01244145,22.501
29.65253,0.01240439,22.25121
29.66864,0.01267041,22.10472
29.68226,0.01303183,21.34542
29.70051,0.01339088,21.97959
29.71573,0.01360193,22.35979
29.73049,0.01400428,21.53333
29.74518,0.01392115,22.37893
29.76096,0.01433367,22.11465
29.776,0.01437495,21.88661
29.81454,0.01449688,22.18432
29.83937,0.01473967,22.74094
29.85312,0.01494609,23.04016
29.86937,0.01509664,22.92516
29.88673,0.01523203,23.11783
29.90663,0.01549822,23.62972
29.93081,0.0153184,23.95679
29.94325,0.01520709,24.14981
29.95792,0.01548666,23.25702
29.9752,0.01553408,22.95141
29.99172,0.01550344,23.15579
30.00725,0.01629017,22.00306
30.06207,0.01622602,22.54426
30.0803,0.01639263,22.54613
30.09465,0.0168952,21.21844
30.11104,0.01654465,20.92724
30.12577,0.01640549,21.53784
30.14081,0.01637305,21.87849
30.15559,0.01610434,22.06274
30.171,0.01630368,22.32368
30.18448,0.01614767,22.78391
30.19784,0.0161357,22.75372
30.21445,0.01633649,22.9362
30.22883,0.01610526,22.941
30.24945,0.01612954,22.98664
30.26258,0.01588741,23.37751
30.28141,0.01529522,23.44515
30.33158,0.01558599,23.21823
30.34412,0.0155081,23.11656
30.36157,0.01550336,23.48183
30.38212,0.01555856,23.56248
30.40041,0.01601365,23.03773
30.43022,0.01570335,22.19016
30.44875,0.01563358,22.30274
30.46315,0.01584957,22.49993
30.48154,0.01584502,22.31776
30.49626,0.0156925,22.45081
30.54985,0.01507618,23.21999
30.56484,0.01489294,23.26585
30.57933,0.01473568,22.4392
30.59832,0.01475798,21.79613
30.6137,0.0150313,22.00995
30.63386,0.01510218,21.27514
30.65111,0.01472292,21.62516
30.6763,0.0141074,22.40306
30.69788,0.01341777,22.80244
30.7163,0.01343448,22.26414
30.73301,0.01367611,22.14896
30.75096,0.01401693,21.92129
30.76792,0.01396109,21.94467
30.78536,0.01394464,22.09876
30.80024,0.01406636,22.22635
30.81463,0.01472851,22.38182
30.83252,0.01447101,21.27918
30.84597,0.01438816,20.17669
30.85989,0.01469632,20.98798
30.87434,0.01475958,21.30118
30.88795,0.01445609,20.23778
30.91331,0.01438903,20.15191
30.92652,0.01443041,20.1935
30.94344,0.01458256,20.33201
30.95858,0.01463566,20.38081
30.97382,0.01477534,20.0321
30.98831,0.01493542,20.11741
31.00249,0.01504206,20.06135
31.0164,0.01510876,20.01491
31.03198,0.01492341,20.0319
31.04522,0.01486969,19.99845
31.06013,0.01474556,19.81409
31.07446,0.01451677,19.98106
31.08907,0.0146911,19.26617
31.10814,0.01479935,19.54454
31.12298,0.01483823,19.58089
31.13713,0.01494746,19.68063
31.15223,0.01486191,19.62012
31.1711,0.01472443,19.36777
31.1855,0.01438524,18.76235
31.20194,0.01443837,19.18306
31.21804,0.01438441,18.91903
31.23496,0.01497491,18.32767
31.2782,0.01491823,18.30342
31.29294,0.01533373,17.62109
31.31367,0.01596759,17.6031
31.33353,0.01588999,17.40968
31.34821,0.01605843,17.24258
31.36246,0.01618283,17.75864
31.37583,0.01644014,17.93188
31.39104,0.01637515,18.56014
31.40583,0.01654286,18.88065
31.41855,0.01654297,19.34456
31.43319,0.01637688,20.05934
31.44741,0.01620154,20.29616
31.46086,0.0159401,20.367
31.47396,0.01593415,20.11755
31.48756,0.01616714,19.6573
31.50096,0.0162373,19.33448
31.52064,0.01663198,19.3278
31.53341,0.01689671,20.16551
31.54732,0.01695553,19.06058
31.56302,0.01673899,18.96336
31.58258,0.01641154,19.73943
31.59655,0.01622552,20.01414
31.6138,0.01617154,19.66111
31.63303,0.01642372,19.61898
31.64836,0.01654034,19.8707
31.66588,0.0165256,19.88931
31.68434,0.01605223,19.01789
31.70436,0.0160201,19.33457
31.72699,0.01566559,18.35677
31.74162,0.01551224,18.60645
31.76298,0.01538834,18.8635
31.77914,0.01532366,19.19033
31.79544,0.0152583,19.33813
31.81285,0.01512051,19.44679
31.82745,0.01502966,19.47717
31.846,0.01479935,19.46667
31.86611,0.01477644,19.13489
31.8803,0.0147386,19.04013
31.89366,0.01482087,19.42535
31.91205,0.01465414,19.30206
31.93258,0.0144018,18.67926
31.94672,0.01390361,17.60021
31.97519,0.01384455,17.28011
31.98928,0.01384455,17.64977
32.00374,0.01380836,17.48338
32.01873,0.01368907,16.77837
32.03338,0.01376428,16.58118
32.04701,0.01391613,16.28244
32.06118,0.0139586,16.05804
32.07446,0.01402004,15.85869
32.09036,0.0139786,15.56892
32.10406,0.01379178,14.10109
32.11902,0.01393515,14.61086
32.13736,0.01401005,14.57201
32.15075,0.01420982,14.35079
32.16539,0.01422734,14.33132
32.18359,0.01419817,14.25612
32.20071,0.01418044,13.85863
32.21493,0.01411019,13.64469
32.23083,0.01432209,13.80901
32.2444,0.01439613,13.77084
32.25998,0.01455856,13.81499
32.27566,0.01469674,13.45377
32.29275,0.01466858,12.29518
32.31168,0.014877,12.13831
32.32693,0.01497974,10.80757
32.34625,0.01504368,7.751328
32.36119,0.01499484,7.884033
32.38431,0.01504148,7.583076
32.39742,0.0148419,8.133522
32.41201,0.01486346,7.431641
32.42638,0.01487466,7.076363
32.44025,0.01490748,6.73967
32.4547,0.0148725,5.598793
32.47094,0.0152754,4.724159
32.48493,0.01510794,3.559914
32.49842,0.01517928,3.519989
32.51339,0.01529837,3.258766
32.52794,0.0153575,3.310738
32.54631,0.01534071,3.496422
32.56121,0.01528369,3.25592
32.57913,0.01531058,3.243362
32.59359,0.01541669,2.957573
32.60637,0.01574093,2.609795
32.62187,0.01655788,2.874229
32.63675,0.01722686,3.105598
32.6497,0.01755622,2.933876
32.66959,0.01772342,2.30896
32.68631,0.0185055,2.32711
32.70239,0.01788456,1.68148
32.71722,0.01805705,2.25515
32.73872,0.01847359,0.8838654
32.76027,0.01909239,0.8522873
32.78072,0.01929889,0.4394226
32.80245,0.01950339,0.6882782
32.82169,0.01941639,0.5895996
32.84124,0.01970245,0.8820877
32.85563,0.0197041,1.052513
32.87248,0.01981116,0.7696152
32.90515,0.01977797,0.6209259
32.92297,0.02006967,0.3457642
32.93533,0.02008728,0.5714264
32.94955,0.02012646,0.9079437
32.96919,0.02017383,0.9373245
32.98315,0.01974188,0.9654541
32.99984,0.01983225,1.429306
33.01475,0.01975446,1.485092
33.02978,0.01916183,0.2612686
33.04661,0.0193148,0.3537216
33.0613,0.01939614,0.1449356
33.07603,0.01989933,1.983994
33.09053,0.01896579,0.5842209
33.10521,0.01809115,0.7893829
33.12274,0.01830541,0.9671936
33.13671,0.01828106,0.7430954
33.15092,0.01854734,0.4798355
33.16907,0.01818671,0.3367844
33.18409,0.01806828,0.2999268
33.20022,0.01764333,0.3457947
33.21506,0.01712048,0.5103531
33.23037,0.0169563,0.2514954
33.24443,0.0168694,0.1682587
33.25786,0.01687234,0.1603088
33.27538,0.01684768,0.366394
33.28948,0.01684618,0.4932175
33.30428,0.0167196,0.6716766
33.31856,0.0161163,1.052727
33.33452,0.01534327,1.302917
33.35093,0.01481397,1.89975
33.3742,0.01389875,2.141624
33.38974,0.01424561,2.092758
33.4096,0.01418105,2.359894
33.42696,0.01359724,3.441719
33.44248,0.01289912,4.642517
33.45936,0.01243215,4.705917
33.47538,0.01157236,7.290016
33.56511,0.01097746,7.647141
33.61629,0.01088906,7.81044
33.63321,0.0110979,7.588753
33.64929,0.0110761,7.797722
33.66442,0.01093133,7.705132
33.6781,0.01060107,7.659592
33.69204,0.01041869,7.748215
33.70614,0.01032598,7.432991
33.72202,0.01061127,7.674492
33.74184,0.01271748,9.386909
33.75713,0.01276236,11.49177
33.77335,0.01053129,11.01504
33.7989,0.01103322,11.59435
33.81198,0.01207245,15.10342
33.82748,0.0115169,14.52493
33.84105,0.01278607,14.90527
33.85747,0.01169951,14.99082
33.87319,0.01193075,14.6801
33.88897,0.01184551,15.41763
33.90486,0.01177659,15.73766
33.92266,0.01133535,15.82005
33.94033,0.01111105,16.26568
33.9537,0.009652801,16.64203
33.97281,0.01084964,15.95698
33.98806,0.009899039,15.97632
34.01154,0.009507239,15.73326
34.02565,0.009597503,15.6378
34.04093,0.009531546,15.90195
34.05603,0.009645596,15.9231
34.07114,0.009722661,15.88994
34.08553,0.009593923,15.90596
34.10024,0.009159371,15.7253
34.11642,0.008941334,15.61385
34.13122,0.008321971,15.63111
34.14716,0.008709803,15.49026
34.16311,0.008959416,15.52989
34.17966,0.009747937,15.65682
34.19844,0.009440947,16.33569
34.21972,0.00947788,15.82423
34.24143,0.009457193,15.65616
34.2572,0.009581897,15.69932
34.27319,0.009611789,15.46732
34.29206,0.009449959,15.176
34.30623,0.009457484,15.2619
34.32167,0.009428862,15.26768
34.33718,0.009377219,15.15282
34.3523,0.008945007,14.87896
34.36605,0.008696008,14.48469
34.38127,0.008305635,14.03211
34.41407,0.008313388,13.98615
34.43212,0.008453786,13.90258
34.44515,0.008550886,13.51897
34.46035,0.008436583,13.59884
34.47392,0.007571235,13.70702
34.488,0.007347714,13.36664
34.50307,0.007161349,13.3373
34.51933,0.006056137,13.319
34.53431,0.005924914,12.26183
34.55105,0.006284386,13.18799
34.5653,0.006455388,13.29451
34.57954,0.00491561,13.3049
34.59322,0.007050987,13.73133
34.60922,0.006815333,13.91181
34.6234,0.007355172,13.84248
34.64422,0.006781507,13.88209
34.65628,0.006496336,14.15321
34.67231,0.006154515,14.49129
34.6872,0.006070215,14.27762
34.70347,0.006123222,14.13937
34.7174,0.006494731,14.99037
34.73298,0.005949635,14.80368
34.74988,0.005613226,14.7284
34.7651,0.005393963,14.84053
34.78306,0.005736761,14.94024
34.79809,0.005153555,15.08187
34.81206,0.005416103,15.47076
34.82583,0.005247273,16.11166
34.84755,0.006329697,17.0164
34.86799,0.006648529,17.35163
34.88403,0.007353593,17.6384
34.89922,0.00720958,17.84018
34.91576,0.007154614,17.86526
34.93253,0.006806348,17.61095
34.95137,0.006957348,17.77344
34.96574,0.007732019,18.15266
34.97947,0.007528745,18.21252
34.99568,0.007812783,18.38967
35.02718,0.007250082,18.17265
35.0471,0.006723303,18.68913
35.07126,0.006881285,18.32456
35.08516,0.006805133,18.56782
35.0999,0.006819569,18.37769
35.11461,0.006693874,18.51693
35.13245,0.006507687,18.11014
35.18211,0.006656028,18.25175
35.19495,0.006112929,18.06276
35.20776,0.006040201,18.10709
35.22559,0.004938055,18.3087
35.24097,0.005133081,17.75746
35.26039,0.004921228,17.06467
35.27721,0.004255302,16.96394
35.29322,0.003702469,15.25553
35.32955,0.002965126,14.94913
35.34271,0.002456341,14.0141
35.35595,0.002192788,13.62719
35.37013,0.001411293,12.9201
35.38512,0.001455553,12.45793
35.39833,0.0008238927,11.87953
35.41267,0.0001887865,11.087
35.42942,0.0001674704,10.63712
35.44292,0.0005042553,9.603073
35.46177,0.0009619519,8.255806
35.47868,0.00106211,7.641861
35.49425,0.001365673,6.4282
35.51097,0.001829967,5.360275
35.5246,0.002866145,4.698395
35.54042,0.003994286,3.65551
35.56004,0.005206,2.36972
35.57497,0.006090835,1.582306
35.59117,0.006805774,0.5623398
35.60581,0.007850856,0.4141464
35.62229,0.009211551,1.551483
35.64211,0.01357738,3.941002
35.65788,0.01120459,3.738281
35.67977,0.01682057,6.550446
35.69682,0.02169502,7.351906
35.71435,0.02334858,7.978622
35.7308,0.02491527,9.76786
35.74535,0.02550128,10.24181
35.75923,0.02621313,10.77534
35.77652,0.02640677,11.54607
35.79096,0.02627184,12.58681
35.80544,0.02657253,12.773
35.82064,0.02734764,13.48208
35.83467,0.02753802,13.61733
35.84992,0.02771258,14.37852
35.88599,0.0274401,14.39702
35.90399,0.02619844,14.77274
35.92286,0.02615271,14.89728
35.94384,0.02641801,15.21182
35.9609,0.02664656,15.59944
35.97846,0.02605227,15.83639
35.99252,0.02571007,15.97594
36.00807,0.02474164,16.63641
36.02703,0.02432424,16.71046
36.04132,0.0244563,16.7281
36.05553,0.02385448,17.69838
36.06983,0.0239656,17.38653
36.08338,0.02417862,17.4317
36.09967,0.02396103,17.63736
36.11821,0.0239567,17.68456
36.13111,0.02343554,17.79129
36.14701,0.02373407,18.06822
36.19179,0.0236329,17.93024
36.20536,0.02345809,18.08656
36.21922,0.02336494,18.08018
36.23358,0.02288224,18.20877
36.24639,0.02237792,18.07866
36.2753,0.02196282,18.19501
36.32141,0.02184681,18.36021
36.34201,0.02161596,18.77494
36.35955,0.02042982,19.47997
36.37425,0.02003087,19.3091
36.39312,0.02005306,19.31828
36.40699,0.0178305,20.01327
36.42364,0.01811987,19.91721
36.44062,0.01858139,18.71802
36.45911,0.01674492,19.88773
36.47467,0.01572398,19.86243
36.49223,0.01562617,19.73299
36.50877,0.01417338,19.32648
36.52619,0.01295162,18.86632
36.54847,0.01263125,18.52071
36.56648,0.01228501,18.40884
36.58482,0.01145831,18.44228
36.60079,0.01111094,18.51116
36.61671,0.0104655,18.50315
36.63156,0.00968048,18.06535
36.64899,0.008370098,17.64044
36.66282,0.007287666,17.50277
36.68146,0.006028343,16.84216
36.69566,0.003880784,16.48392
36.7113,0.004400786,16.25258
36.72725,0.002675306,15.85582
36.74826,0.002700508,15.20373
36.76487,0.001745798,14.99456
36.7819,0.0014227,14.40391
36.79802,0.000234805,12.84596
36.81721,0.0004376695,12.24255
36.83335,0.0009141788,11.48037
36.84983,0.00111828,11.17529
36.86681,0.00130875,10.89834
36.88242,0.001435153,10.05469
36.90448,0.001360223,9.001564
36.9239,0.00172995,8.662582
36.93987,0.001758918,8.625549
36.96729,0.001904018,7.770493
36.98731,0.002145231,7.580475
37.00557,0.002540924,6.686752
37.02404,0.005630746,3.859482
37.07404,0.005230661,1.135712
37.09164,0.005812019,1.471031
37.10833,0.005690072,0.1157227
37.12713,0.004946802,0.6075745
37.14471,0.005377267,0.8309555
37.19043,0.005511519,1.357971
37.20678,0.005282495,1.427048
37.22552,0.005330775,1.900497
37.24986,0.005939301,2.178307
37.26463,0.006265465,2.400139
37.28272,0.006230459,2.634308
37.29728,0.006228756,2.950966
37.31544,0.006287891,3.041588
37.33111,0.006417416,2.939201
37.34594,0.006576121,2.879738
37.36587,0.007220004,3.074623
37.3811,0.007260803,3.348343
37.39595,0.007744294,4.230568
37.41122,0.007362369,4.267502
37.42595,0.008058902,4.559105
37.43908,0.007525846,4.906044
37.45407,0.008347265,5.509644
37.46934,0.00843722,5.974243
37.49051,0.008672178,6.825569
37.54612,0.008596677,7.143387
37.56652,0.008072194,7.367714
37.58361,0.007838499,8.628128
37.59793,0.009147633,9.327614
37.63152,0.008407254,9.524567
37.64397,0.008482732,9.89299
37.65828,0.008373655,9.950447
37.67097,0.008216467,10.61741
37.7235,0.008457016,10.95246
37.74028,0.008684337,11.56802
37.75652,0.008452415,12.44756
37.78329,0.00875137,14.77073
37.79806,0.008691411,16.83734
37.81459,0.007597242,14.0584
37.84559,0.008112576,16.80713
37.85872,0.00780556,18.55579
37.87274,0.007452209,18.73846
37.88589,0.006359152,18.49397
37.90275,0.005728722,19.61099
37.91676,0.005755603,19.56313
37.93053,0.005547158,19.69686
37.94502,0.005052306,19.68483
37.96285,0.005824018,20.62421
37.98462,0.005900014,21.15685
38.00259,0.006005693,21.48564
38.01739,0.00575627,21.66367
38.0327,0.005389649,21.21854
38.04928,0.004842073,20.96559
38.06683,0.004719552,20.81461
38.08193,0.004691143,20.68608
38.09704,0.004011791,20.8393
38.11435,0.003977094,20.70582
38.12772,0.003812864,20.50833
38.1436,0.003167976,20.22864
38.15687,0.002709713,19.83432
38.17149,0.002163406,19.48568
38.19637,0.00388705,21.22833
38.21463,0.004217535,21.62536
38.22834,0.005220395,22.49397
38.2424,0.005083017,22.9687
38.25729,0.005568177,23.23597
38.27339,0.005445078,23.38509
38.28684,0.005787913,23.76489
38.30256,0.00623659,24.31957
38.3205,0.006708764,24.95237
38.33526,0.006160099,24.88953
38.34853,0.006639715,25.511
38.40067,0.006956656,25.73106
38.41797,0.007468499,26.69203
38.43016,0.008035291,27.32077
38.44508,0.007408958,26.45194
38.45956,0.0075236,26.66859
38.47345,0.007858507,27.52959
38.48893,0.009221546,31.39626
38.5455,0.009015616,31.53297
38.56231,0.009029135,32.89388
38.5791,0.008919533,33.04462
38.59517,0.00855606,33.39241
38.60912,0.008742835,33.97199
38.63296,0.008848883,35.0382
38.64964,0.009586163,36.89449
38.66641,0.009485945,37.11182
38.68484,0.01020823,38.77859
38.70013,0.01077656,40.26103
38.71605,0.01069221,41.93578
38.73213,0.01005984,40.52618
38.74592,0.00993735,40.2673
38.76204,0.009540502,39.72566
38.77666,0.009252325,39.56558
38.79146,0.009536117,40.16887
38.8107,0.009895068,41.20061
38.83011,0.009856094,41.48318
38.84315,0.009900339,41.71074
38.85815,0.009724032,41.59749
38.87357,0.009648524,41.07489
38.88895,0.008904256,40.56604
38.90419,0.009001918,40.77875
38.91835,0.009480774,42.35561
38.93317,0.009374026,42.91295
38.94669,0.007139299,41.0271
39.00166,0.007945471,42.27626
39.01505,0.007762004,42.24759
39.03354,0.00740334,42.4097
39.04755,0.007306088,42.83032
39.06302,0.006886974,42.35928
39.07755,0.007088967,43.04158
39.09334,0.005950999,42.31459
39.10727,0.006985374,44.11687
39.12117,0.006975204,44.03537
39.13594,0.006952766,43.97504
39.15099,0.006734792,43.86246
39.16577,0.006744888,43.90419
39.18039,0.006834049,44.15062
39.19385,0.006762136,44.23131
39.20827,0.006535944,44.17592
39.22499,0.005336698,42.07877
39.2471,0.005777851,43.48415
39.27244,0.006234393,45.31979
39.29012,0.006321102,45.86453
39.30571,0.004370861,43.85577
39.33146,0.005383141,46.71609
39.34739,0.004615642,46.43877
39.36457,0.00513529,47.41061
39.3809,0.005303994,48.6046
39.39577,0.005335439,48.86629
39.41178,0.005175252,48.4904
39.42746,0.005543098,48.67052
39.4901,0.005816359,49.1039
39.50442,0.005286872,46.73799
39.54316,0.005105585,45.42267
39.5569,0.004158691,44.91023
39.57248,0.004063979,43.48906
39.58657,0.004219338,43.526
39.60253,0.004432835,44.42216
39.62123,0.002441265,43.68301
39.64224,0.004423425,48.0665
39.66333,0.004633509,48.40773
39.67976,0.004085306,46.08104
39.69841,0.003781661,45.74313
39.71345,0.003907628,44.68999
39.72983,0.004163835,44.19118
39.74592,0.004265171,44.21678
39.76062,0.004455239,44.46425
39.77414,0.004397783,44.37823
39.79027,0.003968563,43.35594
39.80342,0.003860839,44.1368
39.82794,0.004090492,44.45087
39.84158,0.003649991,43.43359
39.85588,0.003676943,43.36714
39.87418,0.003800422,43.33533
39.88737,0.003732089,42.95236
39.91171,0.003588662,43.05533
39.92616,0.003402531,42.81615
39.94056,0.003470656,42.66972
39.95369,0.003138188,42.05533
39.97261,0.003044166,42.25935
39.99274,0.003339048,42.25433
40.01357,0.003021743,41.88345
40.08151,0.003107108,41.78313
40.10359,0.002739977,41.66685
40.11814,0.002547812,41.58057
40.13472,0.002789248,43.3519
40.15779,0.001979291,41.25987
40.17262,0.001663923,40.76584
40.18956,0.001731966,41.21201
40.20649,0.001702271,41.33911
40.22186,0.00182984,41.6566
40.23635,0.001925431,41.72821
40.25282,0.00197133,42.06093
40.26675,0.002005391,42.59743
40.28201,0.002029885,42.74944
40.30315,0.002148479,42.90886
40.31583,0.002494272,45.90417
40.33232,0.002040986,47.40131
40.34955,0.002091531,48.55843
40.3726,0.0007342398,48.88933
40.39271,0.0003328361,46.76068
40.40666,0.0004484355,47.04669
40.42011,0.0003788359,46.41016
40.43478,0.0005183183,45.44214
40.44837,0.0007207096,45.4415
40.46437,0.0008593835,45.08389
40.47787,0.001480903,44.87492
40.49547,0.001620058,44.01173
40.51331,0.001680836,44.675
40.52583,0.001857992,44.6541
40.54186,0.001524303,44.38861
40.55605,0.001723174,44.9451
40.57056,0.00152358,44.76196
40.58818,0.001493178,44.67273
40.60568,0.001440745,44.73021
40.62012,0.001397703,45.42142
40.64044,0.001004849,45.74115
40.65591,0.001103539,45.71062
40.66985,0.0009162761,45.8371
40.68873,0.00104529,45.58609
40.70549,0.001134843,44.534
40.72881,0.000513602,44.82451
40.7445,0.000689134,44.63753
40.7595,0.001353905,43.55548
40.80994,0.001718149,42.30386
40.82545,0.001720503,45.35034
40.88313,0.001796287,44.18927
40.94182,0.001941264,44.22456
40.96373,0.001857392,44.20174
40.97683,0.001841974,44.15884
40.99504,0.002049416,43.68469
41.01012,0.002040487,43.51318
41.02428,0.01518801,30.49981
41.03814,0.01508092,30.07809
41.05614,0.01504836,29.44902
41.07212,0.01516856,29.42254
41.08607,0.003699005,40.83299
41.1296,0.003559954,41.84575
41.14156,0.003873941,42.04585
41.15629,0.004033275,41.78024
41.17468,0.01512134,27.35897
41.18915,0.01495414,26.92076
41.20752,0.01492481,26.68568
41.22301,0.01505904,26.10162
41.23663,0.01505547,25.6082
41.25248,0.01518882,25.17255
41.26669,0.015059,25.42066
41.28231,0.01531802,25.01148
41.29691,0.0152743,25.0959
41.31342,0.01544405,24.62346
41.3283,0.01572973,23.89526
41.35891,0.01570205,23.47726
41.3857,0.01572451,23.00045
41.39962,0.0156314,22.7847
41.41779,0.01580465,22.35176
41.43607,0.01593862,22.04789
41.45285,0.0163062,21.80189
41.46937,0.01639339,21.52575
41.48695,0.01687464,21.40748
41.50241,0.01718299,20.63668
41.52327,0.01785078,20.83949
41.54072,0.01753786,20.27307
41.56583,0.01691916,20.04454
41.58438,0.01697651,20.10719
41.60132,0.01662506,19.76899
41.61578,0.01643935,20.14664
41.63095,0.01651666,19.95245
41.64689,0.0164836,19.76051
41.66309,0.01680049,19.47359
41.67753,0.01672312,19.37543
41.75147,0.01667708,19.36269
41.76347,0.01675988,19.33872
41.777,0.01666097,19.31256
41.79641,0.01641144,19.12639
41.81152,0.01651178,19.23365
41.84237,0.01592405,18.87801
41.85777,0.01558219,19.24527
41.87172,0.01527055,19.20824
41.88527,0.01465279,19.11331
41.89988,0.01398057,19.09409
41.91503,0.01366393,19.08856
41.92971,0.01320705,19.07112
41.94367,0.01299526,19.13333
41.96091,0.01278691,19.13232
41.97516,0.01276723,19.10415
41.99195,0.01266296,19.02535
42.01436,0.01270632,19.00886
42.02753,0.01240337,19.23651
42.08211,0.01239549,19.1763
42.09731,0.01239118,19.07156
42.11679,0.01225317,19.06087
42.1317,0.01223553,19.01218
42.1456,0.01224895,18.98853
42.16127,0.01205632,18.97932
42.17535,0.0119837,18.98337
42.19301,0.01206947,19.02523
42.21843,0.01167668,19.02896
42.23698,0.01173023,19.02334
42.25469,0.0114333,18.98428
42.27089,0.01146953,19.20692
42.28445,0.01116456,19.21362
42.29821,0.01117562,19.19476
42.31256,0.0111262,19.20109
42.32757,0.01113219,19.20819
42.34172,0.01110482,19.2889
42.35696,0.01122656,19.32393
42.37233,0.01115562,19.50813
42.38774,0.01066917,19.4514
42.43718,0.01067829,19.47195
42.45683,0.01062223,19.56059
42.47407,0.01063369,19.60527
42.49101,0.01060257,19.58963
42.50982,0.01043934,19.49226
42.54279,0.01050679,19.65515
42.55716,0.009869421,19.60416
42.571,0.01001259,19.70405
42.58447,0.01007129,19.70325
42.60538,0.01011774,19.83725
42.66464,0.01013834,19.83528
42.68142,0.01023355,19.85548
42.6936,0.01018493,19.90161
42.72243,0.01011137,20.01422
42.7377,0.01024587,19.98426
42.75281,0.01027243,20.04381
42.76744,0.01039992,20.10508
42.7811,0.01044163,20.05819
42.79441,0.01063135,20.10058
42.84533,0.01066385,20.10148
42.86028,0.0106392,20.13109
42.87457,0.0104803,20.14117
42.89342,0.01045271,20.14359
42.91222,0.01067454,20.18386
42.92884,0.0107314,20.25382
42.94555,0.01080982,20.32882
42.96269,0.01094017,20.41429
42.97958,0.01093209,20.42567
42.99862,0.01121904,20.48739
43.02417,0.01148368,20.5406
43.03967,0.01151609,20.78576
43.07938,0.01147555,20.80199
43.10531,0.01151119,20.91547
43.12025,0.01169546,20.97515
43.13445,0.01170946,21.05594
43.14748,0.01173008,21.17512
43.16615,0.01177299,21.2523
43.17982,0.01181775,21.29358
43.19325,0.01192752,21.34361
43.20891,0.01192316,21.36125
43.22275,0.01190543,21.40955
43.23713,0.01192754,21.43286
43.25227,0.01203218,21.53355
43.26595,0.01211332,21.62039
43.28106,0.01217282,21.72427
43.30077,0.01222191,21.77877
43.31367,0.01227858,21.77167
43.32924,0.01246286,21.87893
43.36462,0.01256363,21.97878
43.37835,0.01253095,22.08217
43.39513,0.01286965,22.24243
43.41248,0.01284303,22.19507
43.42717,0.01257349,22.27355
43.46235,0.01281055,22.46605
43.47498,0.01293917,22.63568
43.49154,0.01289086,22.73012
43.50971,0.01313373,22.8739
43.52279,0.01310728,22.78905
43.53644,0.01296488,22.81499
43.55368,0.01307305,22.94789
43.57215,0.01312258,23.09737
43.59055,0.01309933,23.23199
43.60789,0.01288584,23.27951
43.62306,0.01228635,23.4932
43.665,0.01157261,23.22243
43.67949,0.01150494,23.57851
43.71494,0.01163757,23.6505
43.73665,0.01174318,23.69971
43.7522,0.01198596,23.74673
43.76931,0.01216514,23.88628
43.78611,0.01242232,24.05273
43.80328,0.01260029,24.18152
43.82229,0.01305898,24.22651
43.84034,0.01340341,24.35661
43.85732,0.01382866,24.51192
43.87507,0.0139992,24.62116
43.89659,0.01414383,24.72069
43.91838,0.01358299,24.65517
43.93939,0.01399809,24.8951
43.95544,0.01414834,25.06599
43.97372,0.01413739,25.12628
43.98755,0.01417677,25.18155
44.00459,0.01414792,25.30651
44.02127,0.01449064,25.42148
44.03831,0.01424945,25.50778
44.05435,0.01433606,25.61479
44.07108,0.01425247,25.67598
44.08659,0.01355327,25.62257
44.10355,0.0139096,25.90883
44.12396,0.01448003,26.13392
44.14559,0.01461289,26.43067
44.16404,0.01457578,26.50909
44.1806,0.01476528,26.52331
44.20036,0.01469683,26.60707
44.21436,0.01470533,26.72547
44.23114,0.01473687,26.906
44.2471,0.01491635,27.13499
44.26761,0.01491567,27.22089
44.30073,0.01475112,27.29398
44.31593,0.01479388,27.34966
44.33094,0.01481376,27.45432
44.35522,0.01492735,27.53909
44.36908,0.0144075,27.63745
44.3827,0.0146375,27.702
44.39865,0.01390189,27.93584
44.41777,0.0139388,28.0731
44.43513,0.01360331,28.30961
44.44933,0.01397446,28.34906
44.4652,0.01418899,28.55068
44.49168,0.01420887,28.54369
44.50552,0.01485853,29.14491
44.55896,0.01503493,29.39322
44.58243,0.0149331,29.54732
44.59621,0.01486336,29.69275
44.61385,0.01532673,29.90344
44.63361,0.01602149,30.16366
44.65106,0.01704433,30.41611
44.66593,0.01698217,30.5639
44.68037,0.01724522,30.81014
44.69547,0.01759566,30.91248
44.71328,0.01865216,31.32474
44.74062,0.0199688,31.45939