1.315658,0.005556757,1.702149
1.32305,0.00560418,1.718967
1.338428,0.005671116,1.75903
1.354469,0.005713121,1.796023
1.369627,0.005754381,1.8165
1.386299,0.005855124,1.866659
1.402256,0.005924831,1.900325
1.418005,0.006053678,1.953945
1.433831,0.006123045,1.980112
1.449047,0.006246446,2.020811
1.465259,0.006329805,2.050614
1.481579,0.006512687,2.091625
1.502179,0.006722963,2.132491
1.520553,0.006941426,2.164827
1.538873,0.007126341,2.168079
1.565232,0.007375613,2.141009
1.582825,0.007456409,2.122924
1.600905,0.007602036,2.073959
1.619917,0.007736293,2.011686
1.637835,0.007793995,1.92996
1.655945,0.007808378,1.846844
1.674905,0.00782411,1.76824
1.692686,0.007844125,1.743384
1.710895,0.007948487,1.696621
1.728769,0.008110116,1.682374
1.74622,0.008269984,1.655403
1.772386,0.008396974,1.607421
1.785736,0.008503867,1.558465
1.801638,0.008559617,1.527262
1.816902,0.008607419,1.495409
1.833088,0.008666523,1.415545
1.849072,0.008692174,1.330898
1.864319,0.008681486,1.27993
1.878786,0.008648147,1.180515
1.893408,0.008612914,1.136428
1.90865,0.008529224,1.04324
1.924524,0.008489114,1.006194
1.939151,0.008394378,0.9333511
1.953,0.008349426,0.9041728
1.976155,0.008245284,0.8485757
1.989158,0.008148614,0.8086666
2.0049,0.008105745,0.7952467
2.022467,0.008024374,0.7699938
2.039218,0.007995054,0.7532945
2.057951,0.008000473,0.8740209
2.074014,0.007993155,0.8661495
2.088877,0.007951592,0.7225344
2.105073,0.007900671,0.7154584
2.119183,0.007780963,0.5831623
2.133664,0.007724764,0.5753932
2.148301,0.007663451,0.8572935
2.16399,0.007574738,0.8402332
2.192785,0.007501601,0.8221055
2.205175,0.007478831,0.7375443
2.220073,0.007397693,0.6772422
2.235553,0.007329564,1.010269
2.250391,0.007186752,1.014136
2.265391,0.007107908,1.013943
2.280777,0.006963022,1.024884
2.294922,0.006891688,1.034954
2.309798,0.006761694,1.058509
2.325839,0.00667299,1.072649
2.343123,0.006496051,1.111708
2.357658,0.006387698,1.130039
2.373278,0.006155108,1.172197
2.396294,0.005922118,1.199099
2.407861,0.005830106,1.205934
2.423931,0.005683333,1.19763
2.439532,0.005535045,1.190912
2.454963,0.005460201,1.203172
2.469897,0.005304785,1.218686
2.488213,0.005255642,1.222533
2.506307,0.005175445,1.227645
2.523445,0.005138956,1.223173
2.541262,0.005128447,1.223014
2.559244,0.005142624,1.191897
2.57677,0.005144043,1.167346
2.60509,0.005121492,1.115398
2.619848,0.005096138,1.153179
2.636998,0.004986356,1.162643
2.653988,0.004871973,1.233687
2.67279,0.004801617,1.213698
2.691199,0.004753884,1.189761
2.712383,0.004724626,1.114345
2.731388,0.004663548,1.127959
2.75191,0.004586973,1.227964
2.768853,0.004543432,1.237014
2.786077,0.004456508,1.241908
2.809217,0.00438473,1.291498
2.822713,0.004297375,1.344357
2.837913,0.004256482,1.368307
2.852055,0.004226442,1.375582
2.866697,0.004170769,1.278401
2.881549,0.004170009,1.272878
2.897639,0.004187295,1.171028
2.912059,0.004211718,1.169356
2.92748,0.004211718,1.169356
2.942015,0.004211718,1.169356
2.957546,0.004211718,1.169356
2.972704,0.004211718,1.169356
2.987935,0.004377256,1.159947
3.008468,0.004415404,1.147906
3.021673,0.004411902,1.153009
3.037231,0.004381175,1.155891
3.052101,0.004358698,1.153857
3.067559,0.004297637,1.15267
3.082304,0.004258089,1.158596
3.097205,0.004178928,1.206096
3.111897,0.004132926,1.244584
3.133285,0.004056449,1.296488
3.147763,0.004013868,1.297997
3.162331,0.004009706,1.286031
3.177938,0.004022522,1.233211
3.193449,0.00409192,1.165836
3.219243,0.004233717,1.082455
3.232548,0.004327279,1.031545
3.248057,0.0045379,1.071919
3.263265,0.004644752,1.034954
3.278232,0.004874378,1.127612
3.293658,0.004990257,1.276102
3.309725,0.005238612,1.26764
3.325718,0.005463575,1.293012
3.34292,0.005559523,1.316261
3.357453,0.005736055,1.399137
3.372905,0.005816284,1.451583
3.388201,0.005989426,1.553308
3.404026,0.006069397,1.61289
3.425535,0.006199853,1.696852
3.438251,0.006287983,1.775309
3.453031,0.006318566,1.812293
3.468398,0.006365878,1.852663
3.485672,0.006371025,2.028737
3.502245,0.006401144,2.046984
3.520631,0.006432478,2.109885
3.540603,0.006426337,2.225983
3.559934,0.006400889,2.365957
3.576564,0.006329293,2.359247
3.597124,0.006286404,2.42083
3.615229,0.006194936,2.524527
3.638071,0.006135297,2.611195
3.653708,0.006109393,2.706097
3.673574,0.006052257,2.814873
3.690212,0.005976696,2.940647
3.710398,0.005916527,3.054668
3.730268,0.005893218,3.140556
3.747331,0.005887447,3.007912
3.762907,0.00588378,3.047225
3.781139,0.005887137,3.046068
3.796726,0.00589596,3.06899
3.810891,0.005901453,3.07638
3.826838,0.005898464,3.097435
3.850341,0.005887248,3.112818
3.863842,0.005886767,3.126123
3.882593,0.005889602,3.152439
3.900076,0.005892847,3.171694
3.916937,0.005855826,3.234464
3.935124,0.005783953,3.288727
3.950284,0.005736079,3.31263
3.966359,0.005641947,3.338944
3.981341,0.005600283,3.342695
3.996914,0.005541479,3.316352
4.012618,0.005508564,3.299543
4.028655,0.005415373,3.248778
4.050558,0.005307979,3.20882
4.064049,0.005242563,3.043111
4.08443,0.005062067,3.072815
4.101212,0.00500162,3.085847
4.116951,0.004878868,3.098509
4.131875,0.004834685,3.101288
4.146915,0.004784288,3.103812
4.162204,0.004778278,3.103749
4.179053,0.004780209,3.116527
4.193975,0.004793599,3.125246
4.209124,0.004833147,3.149643
4.225344,0.004882606,3.170089
4.244102,0.004925947,3.226586
4.26835,0.004905913,3.317355
4.281948,0.004876441,3.388996
4.3001,0.004872568,3.419707
4.317285,0.004876841,3.450144
4.333996,0.004884219,3.462437
4.348934,0.004902209,3.497096
4.364288,0.004911322,3.511846
4.379303,0.004930173,3.567602
4.394976,0.004929824,3.587796
4.410101,0.004962122,3.63572
4.426868,0.005002818,3.664526
4.442771,0.005027169,3.682116
4.458663,0.005066376,3.733814
4.480889,0.005112893,3.786204
4.49399,0.005135212,3.805446
4.510554,0.005188734,3.818237
4.527057,0.005233853,3.808841
4.545011,0.005253208,3.809869
4.56063,0.005294615,4.00355
4.577403,0.005331068,4.04951
4.593909,0.00533639,4.063944
4.610514,0.005330587,4.090984
4.625196,0.005346107,4.081255
4.640124,0.005411468,4.072417
4.655117,0.005454806,4.063896
4.669635,0.00556312,4.058496
4.690499,0.005689277,4.05304
4.70468,0.005746067,4.054247
4.720844,0.005827252,4.082551
4.735663,0.005851628,4.114184
4.750286,0.005899804,4.153033
4.765033,0.005922846,4.161607
4.780338,0.006023927,4.14567
4.794577,0.006094818,4.134317
4.809587,0.006246499,4.119226
4.824107,0.00631878,4.12108
4.840392,0.006502924,4.112327
4.855183,0.00661601,4.094717
4.871488,0.006865612,4.063704
4.895858,0.00713312,4.248053
4.908173,0.007352495,4.320284
4.924556,0.007450764,4.347309
4.939874,0.00760812,4.407979
4.955877,0.007678716,4.445851
4.971279,0.0078004,4.506413
4.990093,0.007903178,4.564844
5.005034,0.007971882,4.645617
5.024782,0.00801064,4.676213
5.040471,0.008107097,4.709565
5.056413,0.00816699,4.874716
5.071886,0.008357129,4.859381
5.093214,0.008579063,4.699571
5.106037,0.008698741,4.708317
5.122627,0.008926825,4.804444
5.137331,0.009146807,4.806972
5.155876,0.009251441,4.812389
5.174508,0.009429151,4.840558
5.194645,0.009569032,4.917929
5.212649,0.009651497,5.017275
5.230573,0.009742236,5.098083
5.248906,0.009824301,5.151683
5.268455,0.009858806,5.217142
5.286829,0.009863059,5.253334
5.313759,0.009931309,5.275481
5.329761,0.01004542,5.294686
5.348213,0.01011618,5.253372
5.366663,0.01022602,5.211956
5.383053,0.01030056,5.386998
5.40177,0.01036779,5.42018
5.420455,0.01038713,5.434875
5.437235,0.01044902,5.443269
5.454235,0.01052092,5.463716
5.46832,0.01054727,5.47622
5.481657,0.01057993,5.59072
5.496396,0.01064251,5.65631
5.514725,0.01067025,5.685272
5.52809,0.01072361,5.71762
5.541243,0.01076188,5.734358
5.556218,0.01085169,5.737673
5.575036,0.01096678,5.749173
5.593185,0.01111627,5.761263
5.608016,0.01119766,5.756907
5.623184,0.01138697,5.746138
5.638621,0.01150241,5.731555
5.65316,0.01161935,5.732239
5.667575,0.01187671,5.926123
5.68374,0.01200022,5.944551
5.697632,0.01220791,6.029256
5.717609,0.01233842,6.144971
5.732609,0.01239573,6.189919
5.749192,0.01245614,6.312767
5.764968,0.0124756,6.359617
5.781889,0.01254632,6.446615
5.796114,0.01260601,6.468781
5.812295,0.01269608,6.529277
5.826195,0.01271779,6.571816
5.842347,0.01272845,6.767788
5.855546,0.01272027,6.820701
5.869085,0.01272151,6.864014
5.882534,0.01273531,6.919796
5.896739,0.01276294,6.93053
5.911372,0.01277137,6.943254
5.930952,0.01277118,6.985418
5.949864,0.01271184,7.040911
5.964062,0.01263518,7.102991
5.979951,0.01261219,7.125519
5.995413,0.01257592,7.151928
6.010141,0.01257222,7.160071
6.025781,0.01255975,7.184524
6.040305,0.01254078,7.203423
6.056097,0.01248093,7.25715
6.070956,0.0124352,7.291161
6.085896,0.01237573,7.330853
6.099244,0.01234832,7.356474
6.113098,0.01230409,7.385171
6.132138,0.01218745,7.456589
6.146717,0.01204191,7.527203
6.161851,0.01195783,7.555255
6.179356,0.01179415,7.605297
6.196771,0.01158904,7.668975
6.21374,0.01138837,7.717547
6.230186,0.01130104,7.728271
6.24878,0.01117316,7.734237
6.265447,0.01102913,7.727941
6.283838,0.01084122,7.821975
6.304476,0.01068556,7.811429
6.323286,0.01055846,7.799812
6.349717,0.01044482,7.965826
6.365197,0.01038559,7.97991
6.382813,0.01026097,8.008542
6.400793,0.01017784,8.008125
6.416804,0.0101623,8.010895
6.431838,0.01015032,8.027737
6.446147,0.01014608,8.04469
6.460936,0.01012958,8.107189
6.474916,0.01012582,8.13487
6.489819,0.01011899,8.190192
6.505653,0.01010061,8.221273
6.519899,0.01005855,8.284986
6.534341,0.01004551,8.315148
6.553689,0.01001596,8.371634
6.567574,0.009999235,8.391993
6.583118,0.009937622,8.42576
6.599133,0.009888434,8.437733
6.614288,0.009767878,8.45705
6.628426,0.009703341,8.462251
6.641714,0.009606054,8.478457
6.655845,0.009550926,8.478318
6.670452,0.009507624,8.479291
6.685404,0.009431206,8.572216
6.699118,0.009397815,8.573591
6.713151,0.009324253,8.568389
6.726825,0.009279537,8.572858
6.740962,0.009226586,8.586935
6.75933,0.009120462,8.632673
6.774474,0.009022057,8.674347
6.788833,0.008985949,8.693416
6.803688,0.008913893,8.696149
6.817754,0.00889157,8.702991
6.832938,0.008828468,8.728683
6.851628,0.008796162,8.738039
6.864921,0.008718796,8.767147
6.877779,0.008688233,8.777537
6.892009,0.00862712,8.791268
6.905624,0.008598116,8.814231
6.920709,0.008563367,8.837046
6.935246,0.008483954,8.910348
6.949033,0.00844297,8.928762
6.967919,0.008336614,8.969224
6.981041,0.008288007,8.980454
6.995404,0.008194748,8.996454
7.010396,0.008145897,9.013255
7.024434,0.008084118,9.046286
7.046836,0.008046286,9.077142
7.060627,0.008021439,9.099087
7.075377,0.007939919,9.132994
7.089962,0.007888866,9.160857
7.10411,0.007771928,9.212943
7.118331,0.007732324,9.23627
7.132013,0.00766543,9.281375
7.148217,0.007632242,9.303012
7.162476,0.007605318,9.32483
7.183084,0.007529672,9.368799
7.196264,0.007492522,9.390319
7.209781,0.007389191,9.420955
7.224237,0.007290439,9.433548
7.238741,0.007255777,9.429963
7.253613,0.007234113,9.420684
7.267462,0.007202127,9.559584
7.281269,0.007198827,9.563737
7.295225,0.007190524,9.567744
7.309045,0.007122844,9.581809
7.326423,0.007031929,9.602611
7.343455,0.006990216,9.615868
7.357327,0.006965302,9.62396
7.371153,0.006961613,9.615234
7.389355,0.006970813,9.610326
7.402462,0.006991182,9.614334
7.419114,0.00698236,9.790468
7.43348,0.006938715,9.815241
7.447341,0.006926627,9.828713
7.461874,0.006883038,9.847142
7.475625,0.006866842,9.861091
7.490109,0.006876426,9.870578
7.505225,0.006918566,9.883618
7.520191,0.006949389,9.891255
7.535053,0.006946865,10.09475
7.549756,0.006939942,10.12512
7.565983,0.006904754,10.18563
7.582777,0.006909433,10.20188
7.605609,0.006929586,10.26081
7.619869,0.006928902,10.36675
7.636544,0.006888735,10.48817
7.650628,0.006841199,10.54637
7.665118,0.006809932,10.6081
7.679326,0.006761495,10.86506
7.693402,0.006755956,10.89193
7.70757,0.006739276,10.94242
7.726949,0.006714106,10.98254
7.741732,0.006619092,11.08921
7.756351,0.006555416,11.13655
7.770545,0.006443843,11.19843
7.785992,0.006406015,11.2105
7.803894,0.00636773,11.21519
7.819715,0.006327718,11.23629
7.838565,0.006292081,11.26754
7.856308,0.006223532,11.32636
7.873928,0.006133568,11.37889
7.892828,0.006093116,11.382
7.912163,0.006070815,11.39729