2.449212,0.006147748,5.306664
2.456819,0.006097461,5.17487
2.472976,0.006041137,5.029599
2.48895,0.005997807,4.949498
2.504685,0.0059631,4.807257
2.519365,0.005945828,4.740617
2.534775,0.005958312,4.672567
2.548699,0.005990894,4.53125
2.563454,0.00599587,4.449154
2.578383,0.006018469,4.286331
2.598785,0.006081998,4.141559
2.620457,0.006141435,4.009171
2.633302,0.006136116,3.934923
2.651298,0.00611733,3.772941
2.667424,0.006083789,3.688333
2.682617,0.006024791,3.513462
2.697927,0.006005136,3.423197
2.713265,0.006009409,3.253414
2.727475,0.006033293,3.167926
2.743192,0.006075063,3.081149
2.757731,0.006144525,3.074343
2.772579,0.006182224,2.993494
2.78788,0.006355393,2.834968
2.802915,0.006498967,2.758751
2.826092,0.006847718,2.593746
2.837727,0.007191649,2.427935
2.853394,0.007339058,2.357006
2.870583,0.007658515,2.218585
2.886604,0.007838466,2.148401
2.902183,0.008177557,2.00935
2.917422,0.00834013,1.929453
2.934601,0.008565824,1.778943
2.951775,0.008629098,1.709148
2.969254,0.008766728,1.510643
2.987065,0.008790819,1.447398
3.005774,0.00879143,1.331486
3.034715,0.008724057,1.175864
3.049907,0.008691631,1.130039
3.067142,0.008622863,1.048852
3.084527,0.008586883,1.011237
3.099151,0.008537456,1.05053
3.11465,0.008506609,1.014136
3.129893,0.008448374,0.9416999
3.144591,0.008394421,0.9110718
3.160367,0.00827852,0.8609378
3.17477,0.008228407,0.8393012
3.190289,0.008188038,0.7974581
3.206259,0.008163715,0.7780834
3.228774,0.008074272,0.7380747
3.240967,0.007880577,0.7074825
3.256386,0.007750296,0.6968932
3.271963,0.0074339,0.6838553
3.288485,0.007291338,0.6815624
3.303947,0.006998864,0.6887025
3.319782,0.006838187,0.6991359
3.335402,0.006438724,0.7340872
3.350299,0.006230876,0.7589878
3.365652,0.005836078,0.8137322
3.380575,0.005659204,0.8446465
3.395692,0.005495313,0.6835691
3.411072,0.005166174,0.7833468
3.433827,0.004789161,0.7273927
3.446528,0.004576763,0.6205508
3.462672,0.004151048,0.7102429
3.480543,0.003783575,0.8221055
3.504251,0.003475994,0.8860281
3.519776,0.003314812,0.9240804
3.535089,0.003008247,0.8681804
3.54989,0.002877187,1.136428
3.564751,0.002642419,1.086605
3.579847,0.002534962,1.021058
3.594908,0.002301467,0.917919
3.609486,0.002166637,0.8844808
3.624126,0.001905822,0.8672784
3.649266,0.001730297,1.188609
3.662395,0.001691518,1.190254
3.680712,0.00166049,1.511808
3.696616,0.001679046,1.501938
3.711478,0.001744037,1.499591
3.726412,0.001780801,1.507401
3.742108,0.001848044,1.504802
3.756477,0.001886138,1.522643
3.771825,0.001939593,1.521485
3.787172,0.001967017,1.545983
3.803224,0.002001405,1.546869
3.817899,0.002014223,1.579915
3.835909,0.002020737,1.906289
3.860904,0.002091339,1.857516
3.87475,0.002157528,1.812401
3.890984,0.002172328,1.791659
3.90922,0.002200121,1.79144
3.92475,0.002203711,2.146487
3.942226,0.002206312,2.48207
3.960178,0.00223189,2.481123
3.976407,0.002273911,2.800721
3.992976,0.002286937,2.812508
4.008989,0.002297653,2.80107
4.025544,0.002298445,2.776221
4.040823,0.002267119,3.094084
4.063945,0.00216808,3.050756
4.076581,0.002094576,3.053899
4.093648,0.001964878,3.022455
4.112173,0.001953722,3.00244
4.126754,0.001972682,2.997546
4.140874,0.002022054,3.332664
4.155939,0.002142972,3.670452
4.17089,0.002191791,3.672799
4.186575,0.002282619,3.667623
4.201674,0.002318706,3.658964
4.217515,0.002357502,4.338379
4.232606,0.002369788,4.327983
4.24693,0.002371544,4.320012
4.268322,0.002342119,4.303296
4.281073,0.002312967,4.301474
4.296184,0.002279636,4.301566
4.311708,0.002213533,4.307253
4.32678,0.002181174,4.312207
4.341426,0.002117632,4.288752
4.355996,0.002097236,4.290761
4.370975,0.002062211,4.282765
4.386417,0.002044586,4.286788
4.401735,0.0020301,4.265628
4.416567,0.0020228,4.595337
4.432686,0.00207521,4.583685
4.452003,0.002242127,4.585779
4.475312,0.002358103,4.587444
4.48648,0.002579707,4.605726
4.504332,0.002690897,4.623384
4.520186,0.002716498,4.631935
4.536759,0.002736564,4.652021
4.551644,0.002736515,4.661066
4.566638,0.002760953,4.655599
4.58208,0.002773279,4.639879
4.597065,0.002785804,4.627492
4.611359,0.002696624,4.626603
4.625962,0.002625275,4.667869
4.640642,0.002524066,4.739872
4.6561,0.002511593,4.764112
4.678971,0.002544396,5.140337
4.693596,0.002564006,5.468556
4.710088,0.002541234,5.761705
4.726813,0.002506079,5.744535
4.741794,0.002472692,5.74317
4.758992,0.002470257,5.73176
4.774896,0.002483599,6.081024
4.790527,0.002477775,6.41744
4.806098,0.002396901,6.785356
4.820793,0.002344451,7.132206
4.836,0.002232868,18.42233
4.85134,0.002009306,18.46878
4.867561,0.001835085,17.75649
4.889891,0.001578487,17.06669
4.904217,0.001416825,17.07334
4.923054,0.001035705,16.4791
4.94057,0.0008254796,16.23467
4.960239,0.0002768897,15.26907
4.977259,5.044043E-05,14.88247
4.995595,0.0002146699,14.87888
5.013832,0.0005682297,14.48415
5.028953,0.0007398464,14.14191
5.044311,0.0009923913,14.11311
5.061923,0.001104984,13.61655
5.077352,0.001183957,12.99395
5.102017,0.001320269,12.9996
5.1152,0.001432557,12.78808
5.130626,0.0016522,11.73843
5.145402,0.001758568,11.22487
5.160061,0.001873162,10.6574
5.174817,0.002111901,9.524277
5.189997,0.002216693,8.954376
5.204799,0.002346709,8.489616
5.219441,0.002388526,8.261627
5.234923,0.002405353,7.988098
5.25193,0.002375279,6.23304
5.267868,0.002345983,5.658813
5.283208,0.002278376,5.066429
5.304231,0.002191093,4.195473
5.316708,0.002132572,3.959106
5.333015,0.002132572,3.959106
5.348596,0.002132572,3.959106
5.364264,0.002132572,3.959106
5.379591,0.002132572,3.959106
5.399243,0.001410384,1.788963
5.413963,0.001267552,1.175011
5.429957,0.001221351,0.7778702
5.44549,0.00115459,0.6458817
5.460896,0.001119807,0.6125183
5.478109,0.001075238,0.4944763
5.493376,0.001094166,0.6974411
5.516186,0.001163926,0.4944305
5.532159,0.001197975,0.4273529
5.547317,0.001276467,0.04471588
5.562539,0.001327097,0.01747131
5.57739,0.001440331,0.1436234
5.592605,0.001504388,0.6134949
5.60738,0.001642052,1.231026
5.622202,0.001708094,1.393929
5.636684,0.001823343,1.340706
5.652176,0.001875449,1.466599
5.667454,0.002015941,1.157272
5.682682,0.002096314,1.688805
5.697535,0.00226377,2.036194
5.718803,0.002423339,3.079819
5.734923,0.002573386,3.546829
5.749836,0.002651591,3.463783
5.764815,0.002835453,3.919342
5.779395,0.00291732,4.494408
5.794291,0.002997413,4.425888
5.809428,0.003138613,5.362473
5.825253,0.003224108,6.251648
5.840724,0.003251139,6.509918
5.855571,0.003289886,6.895485
5.871501,0.003289547,7.038826
5.88708,0.003235977,6.895561
5.902787,0.003194418,6.969582
5.924803,0.003085762,7.110207
5.936816,0.003012605,7.561394
5.952688,0.002995208,7.574707
5.969172,0.002932742,7.879532
5.985295,0.002849683,7.874573
6.002635,0.002807483,7.548599
6.019629,0.002767481,7.566757
6.03597,0.00273516,7.214897
6.052046,0.002705187,7.130882
6.071254,0.002606809,7.292442
6.089293,0.002538241,7.117493
6.107171,0.002513722,6.973328
6.131436,0.002566051,6.869789
6.147089,0.00261211,7.067429
6.16431,0.002610106,7.321266
6.18149,0.002624005,7.827568
6.19801,0.002705015,7.769859
6.214412,0.00276272,7.771233
6.229475,0.002891291,8.122078
6.244183,0.002954658,8.466507
6.259115,0.003040064,8.430328
6.274279,0.003068127,8.431038
6.2879,0.003119458,9.142906
6.303039,0.003163449,9.517998
6.318232,0.003268294,9.647583
6.346076,0.003311757,9.395195
6.360179,0.003340427,9.800911
6.375451,0.00336127,9.859604
6.389908,0.003411144,10.58128
6.40657,0.00344339,10.58828
6.421544,0.00347672,10.93877
6.436831,0.003476355,10.96605
6.452597,0.003440157,10.96865
6.47093,0.003397688,11.60625
6.489233,0.003404289,12.18208
6.505735,0.003421456,12.46167
6.524222,0.003428921,12.38128
6.547978,0.003389094,12.23936
6.56245,0.003319483,12.07707
6.5796,0.0032866,12.22822
6.5972,0.003280528,12.13143
6.614286,0.003239311,11.95939
6.630023,0.003188334,11.82878
6.644599,0.003160682,12.10257
6.658579,0.003128596,12.02862
6.672473,0.003036309,11.82624
6.687937,0.002984583,11.73199
6.703138,0.002861112,11.57267
6.717239,0.002785265,11.17819
6.731863,0.002657205,11.10647
6.756064,0.002539933,11.00259
6.770535,0.002434157,11.19908
6.786391,0.002373263,11.10416
6.801118,0.002212368,10.58978
6.817034,0.002100114,10.19208
6.832872,0.001872957,9.72168
6.848177,0.001759265,9.63459
6.86252,0.001575388,9.717667
6.877664,0.001485351,9.564148
6.89226,0.001321536,9.594879
6.907399,0.00123572,9.117134
6.922877,0.001082234,8.554314
6.936841,0.001015298,8.424675
6.958385,0.0008672215,7.827591
6.972521,0.0007266439,7.196312
6.98897,0.0006758012,6.714172
7.004219,0.0005892925,6.495483
7.02158,0.0005685128,6.383331
7.035194,0.0005461201,6.498932
7.053255,0.0005134046,6.255951
7.071479,0.0004629381,6.06144
7.089484,0.0004452467,6.00312
7.107862,0.0004124977,5.634865
7.125113,0.0003616028,5.698387
7.142569,0.0002482124,5.431267
7.166562,0.0001056418,5.523628
7.182849,4.75198E-05,5.573082
7.197783,5.572662E-05,6.052803
7.213626,0.0001356862,6.260544
7.229647,0.0001814105,6.040207
7.245444,0.0002823882,5.375824
7.259829,0.0003440566,5.225128
7.274055,0.000401143,5.080978
7.293101,0.000508409,5.461197
7.307549,0.0006120689,5.466637
7.321714,0.0006919876,5.329933
7.335249,0.0008948073,5.030647
7.349498,0.001001392,4.875969
7.370421,0.001217417,4.558151
7.38282,0.001326919,4.398621
7.397354,0.00156793,4.42453
7.411582,0.001676347,4.583939
7.426654,0.001873195,3.894943
7.442801,0.002060272,3.572128
7.460289,0.002162531,3.422997
7.476722,0.002393536,3.493843
7.492643,0.002505206,3.667061
7.510043,0.00271726,3.271591
7.525377,0.002824891,2.711617
7.540253,0.003071558,1.917366
7.555107,0.003337201,1.791115
7.577517,0.003586296,1.61277
7.591197,0.003687374,1.34449
7.607104,0.003795665,1.019669
7.621037,0.003838863,0.9998093
7.636369,0.003897537,0.6747055
7.650109,0.003918692,0.3442688
7.664592,0.00394373,0.02124786
7.678604,0.003982723,0.6437149
7.692828,0.003994964,0.6507034
7.706948,0.003991719,1.008278
7.721321,0.004011299,1.35807
7.734695,0.004017275,1.391228
7.748922,0.004051961,1.789696
7.763927,0.004065987,2.181564
7.788188,0.004086941,2.979858
7.803376,0.004121982,3.0924
7.822548,0.004162587,2.863876
7.840187,0.004214782,3.051193
7.854842,0.004246727,3.514221
7.87137,0.004356973,4.442299
7.88835,0.004486129,4.961655
7.903818,0.004559245,5.041
7.921548,0.004673034,4.560127
7.936987,0.004719172,4.687798
7.950908,0.004786838,5.323761
7.965635,0.004813366,5.811333
7.983734,0.004948128,6.387695
7.99775,0.005120452,6.907822
8.014321,0.00521351,6.998398
8.028718,0.005385049,7.54792
8.0437,0.005445696,7.674576
8.057541,0.00550817,8.111717
8.072284,0.005614363,8.636665
8.085621,0.005681604,8.710701
8.102192,0.005833734,8.84861
8.123102,0.006009586,8.985497
8.141402,0.006171849,9.151421
8.156358,0.006236251,9.57592
8.169526,0.006367616,9.75351
8.189035,0.006430864,9.820091
8.203245,0.00653201,9.980209
8.223672,0.006630421,9.804932
8.237917,0.006678089,9.907104
8.252853,0.006770939,9.773987
8.266539,0.006798279,9.890312
8.282164,0.006848507,10.7453
8.296628,0.006871223,11.16212
8.310653,0.006908458,11.23196
8.324648,0.006908458,11.23196
8.33884,0.006908458,11.23196
8.352433,0.007015385,11.27698
8.367551,0.007011902,11.65995
8.382668,0.007005908,12.10773
8.401871,0.006970979,12.51932
8.415421,0.006954741,12.53818
8.42953,0.006932888,12.5825
8.443951,0.006861102,12.28485
8.459156,0.006820563,12.67319
8.473497,0.006722633,12.76897
8.487504,0.006666515,13.15883
8.50388,0.006572947,13.5797
8.517899,0.006526206,13.60249
8.532609,0.006440658,13.71707
8.550366,0.006353661,13.58241
8.566787,0.006311703,13.70933
8.581286,0.006275274,13.47981
8.595217,0.006205451,14.39622
8.613889,0.006132957,14.93619
8.627159,0.006105751,15.0225
8.641179,0.006076109,15.15681
8.655491,0.005998503,15.10777
8.669453,0.005943388,15.26745
8.686454,0.005835988,15.52419
8.704484,0.005769603,16.35236
8.723356,0.005757641,16.46378
8.738903,0.005747788,16.51388
8.755657,0.005723063,16.86839
8.772706,0.005713634,16.83932
8.790653,0.005721245,16.81852
8.80905,0.005771939,16.7792
8.83207,0.00581776,16.76122
8.846731,0.005852081,16.4257
8.861199,0.005863901,16.44853
8.875793,0.005881924,16.45463
8.890095,0.005891584,16.43154
8.903799,0.005912792,16.46047
8.917319,0.005993143,16.82797
8.932262,0.006027382,16.88892
8.948558,0.006070625,16.66649
8.96382,0.00607954,16.68742
8.978691,0.006089769,16.41827
8.992445,0.006091371,16.08997
9.009619,0.006114759,15.82417
9.02952,0.006117374,16.52849
9.04264,0.006111924,16.54387
9.056713,0.006088339,16.48743
9.07303,0.006065004,16.47823
9.087996,0.005976621,16.44331
9.103122,0.005904183,16.10841
9.118744,0.005672269,16.10684
9.140978,0.005391683,16.1185
9.154872,0.005248453,16.05237
9.168662,0.004994277,15.96517
9.18389,0.004873272,15.90267
9.19857,0.004612163,15.51713
9.213023,0.00446634,15.13769
9.231699,0.004147742,14.78437
9.245164,0.003973436,14.73431
9.259955,0.003608905,14.38299
9.274223,0.003421966,14.06606
9.288738,0.00322096,13.77488
9.303741,0.00277425,13.22007
9.31848,0.002309244,13.01756
9.333472,0.002090637,13.02905
9.347977,0.001647558,12.83022
9.36157,0.00141912,12.67061
9.375988,0.001153979,12.77096
9.390405,0.0006679632,12.33701
9.403769,0.0004379377,12.48917
9.418392,9.167939E-06,12.30285
9.438043,0.0002314635,12.4273
9.452744,0.0007103384,12.36873
9.469786,0.001212187,12.64602
9.48429,0.001455139,12.47919
9.502482,0.001887631,12.38821
9.516599,0.002090011,12.18019
9.531718,0.002464734,11.89654
9.545816,0.002659854,12.0207
9.561868,0.003075931,11.77267
9.575911,0.003272332,11.92561
9.590645,0.003620278,11.87395
9.605233,0.003783021,12.06036
9.618826,0.003940661,11.95763
9.637686,0.004217748,12.06715
9.650659,0.004464038,11.95573
9.666498,0.004574616,12.17574
9.681426,0.004753977,12.32207
9.696334,0.004838813,12.55637
9.710647,0.005005635,12.45922
9.72447,0.005087566,12.43512
9.738303,0.005162414,12.41727
9.753739,0.005295318,12.37904
9.76936,0.0054316,12.35047
9.786381,0.005502347,12.61427
9.806717,0.005596854,12.86615
9.824194,0.005628243,12.76652
9.849058,0.005704071,12.60841
9.865479,0.005838238,12.75043
9.885616,0.00599961,12.5355
9.902631,0.006131943,12.60196
9.917261,0.006192271,12.46902
9.930949,0.006285753,12.11648
9.944846,0.006327055,12.2291
9.959386,0.006377578,12.3218
9.973527,0.006473258,12.11308
9.987329,0.006511919,12.15981
10.00345,0.006540477,11.63247
10.0175,0.006541822,11.35555
10.03673,0.006563175,10.78947
10.05616,0.006606616,10.57009
10.06998,0.006627247,10.34637
10.08522,0.006630801,10.47707
10.09999,0.00661023,10.24599
10.11559,0.006538298,10.10006
10.13038,0.006496679,10.1862
10.14487,0.006416723,9.706993
10.15887,0.006373499,9.461754
10.17256,0.006323691,9.577843
10.18594,0.006190006,9.10714
10.20164,0.006104477,8.932404
10.21709,0.005947273,8.904305
10.23184,0.005860765,8.719864
10.24562,0.005683798,8.458862
10.26431,0.005451724,8.473648
10.278,0.005315199,8.312569
10.29248,0.005020913,7.982582
10.30729,0.004867457,7.846214
10.32166,0.004718125,7.657631
10.33573,0.004404675,7.660622
10.35019,0.004233111,7.529816
10.36505,0.003836729,7.269318
10.38047,0.003619399,7.141159
10.39554,0.003155045,7.16909
10.40922,0.002914213,7.015541
10.42302,0.002672713,6.865288
10.43723,0.002157085,6.498001
10.45232,0.001629777,6.182716
10.47392,0.001366112,6.315948
10.48814,0.000869859,5.997971
10.50391,0.0006296411,5.864021
10.51774,0.0001793802,5.472801
10.53375,3.939867E-05,5.26577
10.54777,0.0004946515,5.115997
10.56236,0.0007365048,4.837181
10.57656,0.0010975,4.710823
10.59057,0.00125799,4.463593
10.60524,0.001408696,4.584763
10.62004,0.001709368,4.338516
10.63437,0.001860939,4.035164
10.64867,0.002140541,3.413719
10.66355,0.002249669,3.477386
10.68316,0.002431363,3.138992
10.69613,0.002587359,2.485374
10.71021,0.002672423,2.429054
10.72487,0.002741713,2.440826
10.7398,0.002862051,1.659042
10.75387,0.002916109,1.257347
10.76926,0.002978545,1.100685
10.78347,0.003008496,0.6572342
10.79973,0.003037784,0.1456146
10.81384,0.003055792,0.3240585
10.82813,0.003099356,0.8519058
10.84246,0.003118765,1.304314
10.85691,0.003145836,1.21862
10.87381,0.00315427,1.342522
10.89447,0.003185466,1.891525
10.90898,0.003224123,2.413277
10.93006,0.003277332,3.164017
10.94558,0.003273945,3.218475
10.96251,0.003242448,3.620567
10.97813,0.00322504,3.724213
10.99416,0.003224388,4.083183
11.0125,0.003203765,4.69532
11.02898,0.003184702,5.210785
11.04678,0.00315585,5.669289
11.06322,0.003142003,5.569824
11.0806,0.00308482,5.697334
11.09919,0.003002148,6.156372
11.11308,0.002978042,6.365921
11.12802,0.002967436,6.55497
11.14217,0.002972804,6.864998
11.15885,0.002947591,7.088249
11.17224,0.002921935,7.250542
11.18701,0.002901215,7.417885
11.20083,0.002883565,7.783165
11.21445,0.002881356,7.963837
11.22822,0.002875049,8.132324
11.24265,0.005958547,3.489081
11.25699,0.005773771,3.504199
11.27131,0.005509976,3.5267
11.28617,0.005400851,3.533467
11.30508,0.005215667,3.55848
11.3196,0.005107414,3.566888
11.33315,0.004885133,3.59314
11.34776,0.004760107,3.607389
11.36285,0.004553877,3.633025
11.37705,0.004463376,3.646314
11.391,0.004278222,3.676049
11.40498,0.004192337,3.69263
11.41982,0.004118075,3.707026
11.43469,0.004006154,3.693479
11.4491,0.003953941,3.705863
11.46594,0.003839464,3.69141
11.48092,0.003672794,3.64352
11.49635,0.003593398,3.62423
11.51718,0.003484495,3.581023
11.53051,0.003461615,3.574675
11.54522,0.003463002,3.569851
11.56081,0.003439905,3.563318
11.57496,0.003419433,3.55903
11.59111,0.003426366,3.551761
11.60489,0.003487929,3.530085
11.61993,0.003557589,3.519475
11.63401,0.003755244,3.488856
11.64895,0.003865283,3.480091
11.66413,0.004115766,3.472939
11.67874,0.004260918,3.478121
11.69293,0.004567184,3.506713
11.70691,0.004724056,3.530085
11.72609,0.005039793,3.535018
11.73953,0.005178338,3.517027
11.75444,0.005434932,3.4888
11.76862,0.005553128,3.480091
11.7843,0.005811298,3.461249
11.79771,0.005937655,3.454568
11.81274,0.006153527,3.440199
11.83125,0.006275771,3.463115
11.84889,0.00633617,3.461305
11.86358,0.006461196,3.461475
11.87822,0.006551192,3.460117
11.89444,0.006716843,3.469667
11.91181,0.006871398,3.817929
11.93292,0.006952901,3.505149
11.94604,0.00719148,3.524479
11.96219,0.007483643,3.505652
11.97775,0.007649894,3.494352
11.99245,0.007901809,2.825839
12.00926,0.007990881,2.566664
12.02323,0.008053766,2.606168
12.0371,0.008216939,2.462595
12.05118,0.008329077,2.422932
12.06686,0.00857854,2.50788
12.08114,0.00870527,2.166092
12.09588,0.008932452,1.992134
12.1106,0.00902151,2.046888
12.12586,0.009163394,2.164917
12.14489,0.009221256,2.224664
12.15796,0.009319561,1.866135
12.17256,0.009340615,1.788598
12.18643,0.009341546,1.759363
12.20185,0.00931482,1.828634
12.21624,0.009208132,1.974173
12.23096,0.009137797,2.047366
12.24638,0.008979555,2.206111
12.26384,0.008904756,2.210543
12.27992,0.008779015,2.204159
12.29483,0.008739269,2.112944
12.30879,0.008647836,2.447526
12.32323,0.00856945,2.530103
12.33752,0.008398324,2.715412
12.3559,0.008347755,2.634702
12.37015,0.008343059,2.649002
12.38473,0.008391632,2.733732
12.39944,0.008458884,2.73366
12.41463,0.008448871,2.817375
12.42925,0.008353093,3.005894
12.44398,0.008290955,3.108854
12.45909,0.008212166,3.151259
12.47367,0.008176549,3.259486
12.48728,0.008099495,3.476545
12.50324,0.008099495,3.476545
12.51692,0.008099495,3.476545
12.53091,0.008099495,3.476545
12.54602,0.008099495,3.476545
12.56497,0.008099495,3.476545
12.57768,0.007727768,4.271364
12.59247,0.007558327,4.526623
12.60687,0.007481071,4.655557
12.6208,0.007363908,4.736151
12.63448,0.007322247,4.69586
12.64867,0.007216619,4.77881
12.66386,0.007112712,4.90792
12.67998,0.006877492,5.175816
12.69509,0.006758581,5.311757
12.70936,0.006607076,5.407511
12.72664,0.006553177,5.529389
12.74115,0.006406247,5.63941
12.75585,0.006308951,5.614507
12.77679,0.006183428,5.715837
12.78962,0.006116373,5.647224
12.80401,0.006074368,5.610422
12.81863,0.006006612,5.584407
12.83256,0.005794312,5.691509
12.84685,0.00567292,5.658665
12.86206,0.005498693,5.753808
12.87643,0.0054562,5.71426
12.89024,0.005464188,5.631203
12.90413,0.005474804,5.824131
12.91974,0.005452042,6.072056
12.93524,0.005421215,6.363685
12.94941,0.005368717,6.448075
12.96535,0.005359498,6.408176
12.98473,0.005405919,6.397642
12.99695,0.0054582,6.407748
13.01503,0.005470501,6.531289
13.03154,0.005499537,6.784084
13.0469,0.005536517,6.742994
13.06187,0.005617084,6.568921
13.07684,0.005657619,6.688883
13.09147,0.005643819,6.939949
13.10576,0.005618401,7.072019
13.11991,0.005601028,7.209412
13.13424,0.005598526,7.302293
13.14783,0.005617173,7.263445
13.1628,0.005664441,7.526629
13.17887,0.005677595,7.662549
13.20074,0.005743372,7.941615
13.21294,0.005873597,8.055907
13.22842,0.005957379,8.027003
13.24391,0.006120664,7.979246
13.25791,0.006181901,7.958134
13.27195,0.006237004,8.098103
13.28614,0.006259493,8.08539
13.29999,0.006278042,8.239094
13.31407,0.006322571,8.176708
13.32948,0.006356077,8.161375
13.34329,0.006406707,8.287142
13.35857,0.006433892,8.275785
13.37296,0.006509777,8.248764
13.38719,0.006547121,8.233111
13.40605,0.006584145,8.189736
13.41952,0.00658837,8.173658
13.43338,0.006585298,8.157645
13.44802,0.006595222,8.122358
13.46546,0.006635735,8.078272
13.48194,0.006651548,8.050301
13.49793,0.006618761,8.166546
13.51404,0.006587454,8.446897
13.52888,0.006602402,8.413609
13.54326,0.006677543,8.5054
13.55775,0.006718076,8.631673
13.57126,0.00674716,8.586477
13.58527,0.006780908,8.829819
13.59934,0.006808857,9.05829
13.62471,0.006903789,9.271735
13.63865,0.006973682,9.378025
13.65304,0.007053482,9.476519
13.66737,0.007179433,9.851833
13.68143,0.0072364,10.12836
13.69654,0.007335961,10.34256
13.71128,0.003149737,16.26399
13.72503,0.002899729,14.56538
13.7394,0.002756577,14.12309
13.75357,0.002616573,13.6778
13.76744,0.002376344,12.68228
13.78106,0.002302837,12.38293
13.79621,0.002203882,11.87299
13.81064,0.002178695,11.34235
13.82944,0.002100039,10.96471
13.84242,0.002025802,10.87183
13.85721,0.001875971,10.76022
13.87136,0.00182464,10.61158
13.88636,0.001740027,10.32733
13.89997,0.001701977,10.09585
13.91401,0.001652114,9.931046
13.9289,0.00156039,9.59182
13.94718,0.001500528,9.391075
13.96256,0.00147872,9.332672
13.9774,0.001465179,9.082855
13.99082,0.001459323,8.901901
14.00791,0.001358297,8.471428
14.0219,0.00130802,8.266479
14.04082,0.001261786,7.921913
14.05493,0.001251064,7.673164
14.06999,0.001223814,7.490898
14.08479,0.001202948,7.38414
14.10054,0.001153462,7.215637
14.11604,0.001124889,6.803688
14.1307,0.001130261,6.318741
14.14474,0.001130309,6.088554
14.15905,0.001118571,5.380547
14.1732,0.001081202,5.296471
14.18802,0.001003008,5.098969
14.2021,0.0009886436,4.845299
14.21588,0.0009909235,4.688599
14.23024,0.001013733,4.386627
14.25173,0.001028869,4.213318
14.26489,0.001003336,4.167389
14.27897,0.0009461306,4.023933
14.29402,0.000922326,3.93132
14.30902,0.0008790754,3.462135
14.32276,0.0008583739,3.212418
14.33802,0.0007902756,2.84108
14.35161,0.000750538,2.722923
14.36597,0.0007031634,2.607651
14.38063,0.0006391704,2.388535
14.39489,0.0006232969,2.338913
14.40871,0.000538934,2.024254
14.42261,0.000475619,2.009186
14.4381,0.000336878,1.897766
14.45868,0.0001827069,1.935074
14.47256,0.000108175,1.883942
14.49341,4.680455E-05,1.844643
14.51023,0.0002325289,2.179581
14.52472,0.0003151819,2.11985
14.53928,0.0004742779,2.094719
14.55314,0.000553295,2.112289
14.56774,0.0006425604,2.055725
14.58225,0.0008594245,2.028267
14.59634,0.0009718575,1.903915
14.6108,0.001192778,1.608414
14.62627,0.001299657,1.421677
14.6403,0.001560401,1.114128
14.65918,0.001874115,0.8166122
14.6738,0.002037853,0.7642593
14.68874,0.002383493,0.7752838
14.70393,0.00256107,0.6981583
14.7189,0.002737988,0.587738
14.73279,0.003087394,0.4506683
14.74625,0.003273651,0.3606262
14.76097,0.003633205,0.2253418
14.77693,0.003813859,0.0495224
14.79154,0.004185602,0.1210251
14.80517,0.0043616,0.3445663
14.81955,0.004538823,0.5652924
14.83362,0.00487585,0.9693375
14.84802,0.005020145,1.233437
14.86712,0.005298775,1.653313
14.88248,0.005595353,1.973587
14.89693,0.005737994,2.14621
14.91221,0.006005198,2.494995
14.92684,0.006120864,2.58757
14.94285,0.006358657,3.080093
14.96224,0.00657209,3.672523
14.97826,0.006684072,4.000137
14.99513,0.006855663,4.472046
15.01276,0.006980769,4.790031
15.02702,0.006992113,4.989365
15.04143,0.007004764,5.266708
15.05538,0.007052731,5.81105
15.07401,0.007111553,6.086319
15.08861,0.007219404,6.231468
15.10351,0.007231943,6.274559
15.11808,0.007222962,6.10289
15.13238,0.007206548,6.09156
15.14552,0.007183053,5.864548
15.16002,0.007118657,5.545387
15.17422,0.007082403,5.477753
15.18888,0.007038314,5.470497
15.20439,0.006893847,5.024178
15.22164,0.006733336,4.961967
15.23751,0.006661799,4.718819
15.25197,0.006619275,4.658722
15.26483,0.006550964,3.724678
15.28352,0.00649872,3.436501
15.29633,0.006381877,3.221397
15.31123,0.006359763,3.092712
15.32563,0.006374616,2.841591
15.34005,0.00639281,2.601929
15.35456,0.006348189,2.263741
15.37126,0.006313898,2.146233
15.3857,0.006210975,1.907288
15.40457,0.006169476,1.7742
15.4182,0.006132033,1.783279
15.43148,0.006008971,1.49781
15.44495,0.005936034,1.504364
15.4609,0.005743671,1.462784
15.47503,0.005616602,1.244064
15.49799,0.005354486,1.305244
15.51236,0.005126301,1.041977
15.52691,0.005016204,1.082581
15.54217,0.004910357,1.152954
15.55663,0.004647851,1.10688
15.57137,0.004498005,1.181335
15.58606,0.004220892,1.20723
15.60101,0.004082005,1.381973
15.61471,0.003933962,1.440781
15.63082,0.003708862,1.5625
15.64632,0.003630269,1.589684
15.65994,0.003496289,1.673134
15.67683,0.003411312,1.782959
15.69586,0.003208395,2.080055
15.70932,0.003039248,2.373825
15.72308,0.002996337,2.454231
15.73861,0.002968002,2.544319
15.75341,0.002923027,2.353333
15.76759,0.0028961,2.283379
15.78124,0.002834406,2.235085
15.79549,0.002666183,2.222038
15.80912,0.00260159,2.157921
15.82363,0.002561521,1.920029
15.83771,0.002586655,1.985954
15.85172,0.002610419,1.716171
15.86581,0.002628401,2.002281
15.87979,0.002634756,2.242218
15.89977,0.002704285,2.562866
15.91405,0.002775278,2.633156
15.92812,0.002942003,2.509682
15.94394,0.003031466,2.31797
15.95989,0.003243499,2.070244
15.9743,0.003340919,1.777275
15.98907,0.00359929,1.372978
16.00755,0.003719024,1.078194
16.02303,0.003963709,0.257019
16.0368,0.00405981,0.1370697
16.05084,0.004164446,0.6586304
16.0648,0.00434377,1.736084
16.07899,0.004424486,2.283325
16.09358,0.004528705,3.280449
16.11409,0.004513327,4.26133
16.1276,0.004498903,4.534187
16.14221,0.004479036,5.031967
16.15691,0.004431862,5.871399
16.17129,0.004396126,6.340347
16.18565,0.004340284,6.733147
16.19979,0.004197173,7.37719
16.21366,0.004111867,7.358704
16.22721,0.003979251,7.285095
16.2421,0.003926128,7.193161
16.25795,0.003880609,6.918671
16.2723,0.003830213,6.521027
16.29172,0.003765281,6.184135
16.30659,0.003711037,6.077972
16.32528,0.003570169,6.037804
16.34044,0.003491916,5.947968
16.3554,0.003276639,5.744209
16.37016,0.003138356,5.497421
16.38482,0.002812199,5.392044
16.39882,0.002617836,5.209488
16.41226,0.002425656,5.115608
16.42657,0.001975015,4.948151
16.44128,0.001769044,4.810089
16.45562,0.001550827,4.617355
16.47055,0.001189455,4.202782
16.48461,0.001029439,4.137657
16.50006,0.0007594302,3.93264
16.51405,0.0006465651,3.758415
16.53288,0.0004694276,3.484055
16.54701,0.0004412383,3.265266
16.56175,0.0005412735,2.759987
16.57704,0.0006534085,2.660027
16.59158,0.0009026676,2.315765
16.60505,0.001021683,2.120903
16.61905,0.001135863,1.966446
16.63317,0.001341168,1.49791
16.64856,0.00147273,1.19532
16.6619,0.001592323,0.9584427
16.67665,0.001850612,0.5651093
16.69038,0.001946852,0.4360733
16.7043,0.002079874,0.1413116
16.71787,0.002125088,0.01835632
16.73696,0.002241403,0.3451004
16.7515,0.002317853,0.2052307
16.76632,0.002488773,0.2192764
16.78104,0.002553675,0.3461838
16.79691,0.002651881,0.3871841
16.81036,0.002726749,0.6351089
16.82431,0.002978928,1.009758
16.83998,0.003118388,1.228027
16.85401,0.003392722,1.629539
16.86779,0.003518607,1.740654
16.88238,0.003664516,1.685638
16.89658,0.003989909,1.881439
16.91092,0.004222836,1.896523
16.92487,0.004702199,1.748337
16.94346,0.004892375,1.819214
16.95822,0.005179875,1.252052
16.97278,0.005310245,1.184158
16.98671,0.005522989,0.7418213
17.00156,0.005644705,0.6283493
17.01995,0.005866282,0.4343719
17.03576,0.005943224,0.3190002
17.0502,0.005958337,0.2595291
17.06535,0.005963679,0.07672119
17.07909,0.005986199,0.3631592
17.09408,0.006006639,0.4804153
17.10865,0.006102983,1.072876
17.12296,0.006161101,1.350502
17.13867,0.006259441,1.940742
17.15769,0.006335586,2.672852
17.17471,0.006364893,3.073517
17.19031,0.006415229,3.67392
17.20451,0.006442472,4.066429
17.21908,0.006448876,4.8255
17.23321,0.006437019,5.113785
17.24884,0.006426033,5.629425
17.26475,0.006367568,6.008179
17.28206,0.006316487,6.16169
17.29678,0.006172199,6.50322
17.31168,0.006109279,6.628754
17.32577,0.006038971,6.712433
17.33978,0.005912643,7.015388
17.35875,0.005697485,7.416214
17.37329,0.005538419,7.613365
17.38973,0.005261008,7.94416
17.40485,0.005073156,8.275047
17.4235,0.004986219,8.466301
17.43724,0.004860479,8.445923
17.45126,0.004471362,8.372215
17.46683,0.004185148,8.221794
17.48077,0.003641456,8.255417
17.49768,0.003382526,8.34507
17.51206,0.002924886,8.418037
17.52721,0.002712909,8.559822
17.54237,0.002223421,8.779236
17.56113,0.001697425,9.121208
17.575,0.001455776,9.19043
17.59031,0.0009914264,9.24604
17.60471,0.0007276982,9.163254
17.61904,0.0004656427,9.077133
17.63256,3.94024E-05,8.665543
17.64705,0.0002519265,8.485001
17.66126,0.0006736554,7.815247
17.67645,0.0008581243,7.512527
17.69017,0.00104636,7.234291
17.70344,0.001424614,6.651764
17.71757,0.001599438,6.330841
17.73199,0.00191541,5.367401
17.74634,0.002065476,5.020332
17.76505,0.002407923,4.108673
17.77839,0.002575558,3.699722
17.79251,0.00287341,3.034821
17.80719,0.003020383,2.633469
17.82201,0.003221158,2.408417
17.8357,0.003298216,2.2379
17.84986,0.003329296,2.187195
17.86357,0.003369324,2.209412
17.87703,0.003370155,2.288597
17.89244,0.003369682,2.555527
17.90581,0.003384203,2.509605
17.9205,0.003400549,2.465263
17.93403,0.003433514,2.031387
17.94879,0.003452253,1.925018
17.96974,0.003496371,1.488205
17.983,0.003551025,1.121101
17.99994,0.0035992,0.6916809
18.01588,0.003605489,0.4458618
18.03031,0.003584314,0.3899002
18.04689,0.003523502,0.1381302
18.06852,0.003510151,0.2264481
18.08266,0.003450707,0.1557999
18.0973,0.00339989,0.3284149
18.11254,0.003182899,0.3758392
18.12634,0.003040005,0.3999481
18.14058,0.002864275,0.3553314
18.15522,0.002484776,0.4241028
18.17341,0.002109297,0.3153534
18.18721,0.001914926,0.1115952
18.2025,0.001509387,0.1834793
18.21646,0.001317356,0.3217163
18.23112,0.001128118,0.4085007
18.24683,0.0007905252,0.9068756
18.26124,0.0006515384,1.002213
18.27525,0.0004427172,0.9787369
18.29005,0.0003815517,0.9666595
18.30439,0.0003571622,0.8785934
18.3187,0.0003825761,0.8676376
18.33367,0.0004450642,0.7052841
18.34796,0.0004682988,0.8504562
18.3637,0.0004775859,0.9228821
18.38258,0.0005234405,1.054398
18.39661,0.0006028041,1.247696
18.41009,0.0006656311,1.566948
18.42472,0.0007607862,2.146286
18.43987,0.0007788017,2.486183
18.45317,0.0006903373,3.424614
18.46886,0.0006144308,3.916718
18.4834,0.0005264357,4.318008
18.49961,0.0003556982,5.231735
18.51317,0.0002545491,5.580368
18.52733,3.036112E-06,5.940048
18.5416,0.0001438633,6.088295
18.5561,0.0004359558,6.432304
18.57052,0.0005541816,6.481453
18.5912,0.000756938,6.529312
18.60602,0.0009498447,6.716095
18.62224,0.001031268,6.818703
18.63657,0.001138557,6.925873
18.65184,0.001158308,7.047028
18.66686,0.001123194,7.3451
18.68182,0.001044806,7.570343
18.69564,0.0009355806,7.656647
18.70958,0.0007568412,7.834892
18.72397,0.0006865002,7.765617
18.73944,0.0005866773,7.781654
18.75386,0.0005120337,7.882301
18.76794,0.0003195293,7.987755
18.78182,0.0001950189,7.985374
18.80083,3.964081E-05,7.917976
18.81466,0.0001621284,7.851952
18.82892,0.00036522,7.537888
18.84396,0.0004727021,7.45298
18.8596,0.0007422119,6.942772
18.87422,0.0008790754,6.742867
18.88899,0.001095336,6.231796
18.90367,0.001183331,5.968391
18.91758,0.001303762,5.474365
18.93205,0.001366094,5.227165
18.95023,0.001521301,4.548927
18.9654,0.00159381,4.279465
18.98001,0.001790658,3.688133
18.99339,0.001875315,3.39814
19.018,0.001996081,3.235596
19.03048,0.00212108,3.293594
19.04518,0.002194617,3.377449
19.05908,0.002360515,3.414658
19.07489,0.002484497,3.365067
19.09198,0.00281027,3.29834
19.10644,0.002985056,3.112198
19.1204,0.00333821,2.858566
19.13399,0.003495179,2.801224
19.14793,0.003634159,2.611816
19.16391,0.003888279,2.502647
19.17866,0.004015882,2.384903
19.19245,0.004294135,2.01226
19.20712,0.004464701,1.740585
19.22674,0.004742317,1.473335
19.2406,0.004934788,1.2155
19.25876,0.005120046,1.328079
19.27534,0.005246006,1.592789
19.29267,0.005630415,1.698402
19.30877,0.005862001,1.840286
19.32337,0.006263983,1.946404
19.33713,0.006400444,2.081047
19.35122,0.006553408,2.368347
19.36595,0.006618157,2.562851
19.38031,0.006713353,2.731339
19.39469,0.006913729,2.772583
19.40859,0.006997015,2.984688
19.42782,0.007079292,3.103233
19.44065,0.007031441,3.372749
19.45597,0.006987784,3.413216
19.47112,0.006954681,3.469002
19.48525,0.006945323,3.509819
19.50253,0.006995413,3.311493
19.5163,0.007003117,3.097481
19.53071,0.006956182,3.075325
19.5448,0.006799821,2.605881
19.55798,0.006665267,2.545471
19.57318,0.006393902,2.420746
19.58731,0.006270293,2.359428
19.6013,0.006016526,2.608246
19.61601,0.005879421,2.735474
19.63517,0.005704012,2.806511
19.64919,0.005704012,2.806511
19.66327,0.005704012,2.806511
19.67673,0.005704012,2.806511
19.69131,0.005704012,2.806511
19.70544,0.003674261,3.829712
19.71904,0.003386438,3.831169
19.73462,0.002814759,3.922264
19.75036,0.002517588,4.019669
19.76784,0.002010006,3.995453
19.78219,0.001781933,3.927086
19.7972,0.001362696,4.090172
19.81099,0.001168225,4.148117
19.82587,0.0008102283,4.305069
19.84964,0.0004594065,4.582176
19.86299,0.0003079325,4.647842
19.87741,7.246062E-05,4.724792
19.89132,5.047396E-05,4.774727
19.90555,0.0002835952,4.836433
19.91996,0.0003993362,4.860901
19.934,0.0005852729,4.960304
19.94834,0.0006450303,4.974747
19.96545,0.0006909817,4.895706
19.9828,0.000713408,4.761047
19.99691,0.0007626861,4.434204
20.01374,0.0008104481,4.431885
20.0272,0.0008695982,4.129669
20.04663,0.0009296089,3.8377
20.05997,0.00095696,3.782677
20.07419,0.001036089,3.235016
20.08929,0.001071345,2.907722
20.10699,0.001127943,2.463028
20.12429,0.001157582,1.992851
20.14324,0.00116301,1.926392
20.15972,0.001158055,1.806503
20.17536,0.001145441,1.806175
20.19176,0.00114369,1.869576
20.20818,0.001105551,1.946869
20.22205,0.001083326,2.019325
20.23543,0.001049597,2.142632
20.25456,0.0009297393,2.095955
20.26812,0.0008522607,1.832443
20.28331,0.0008248724,1.557373
20.29811,0.0008164011,1.058899
20.31417,0.000818491,1.058189
20.32816,0.0008535758,1.007706
20.34174,0.0008482635,0.9551544
20.3571,0.000815317,1.163246
20.37189,0.0007929839,1.226204
20.38583,0.0007938035,1.293762
20.40011,0.0008965991,1.409912
20.41487,0.0009635389,1.459206
20.42844,0.001038432,1.603249
20.44216,0.001026616,1.730621
20.46324,0.0009851344,1.90815
20.47768,0.0009783655,1.925957
20.49119,0.001007475,2.059128
20.50817,0.001050033,2.209106
20.52288,0.001081403,2.38665
20.53722,0.001118395,2.624794
20.55107,0.001138307,3.082909
20.56552,0.001146298,3.448822
20.57917,0.001189176,3.842377
20.59303,0.001220983,3.992592
20.60923,0.001287162,4.366943
20.62383,0.001322161,4.691147
20.63726,0.001357131,5.055481
20.65174,0.00133118,6.032295
20.67025,0.001278158,6.751122
20.68402,0.001277037,6.816635
20.69861,0.001287661,7.264343
20.71291,0.001312524,7.619438
20.72673,0.001318909,8.133003
20.7452,0.001271732,8.485054
20.75976,0.001153018,8.860085
20.77414,0.001100305,9.023529
20.78946,0.001025405,9.417213
20.80347,0.001008518,9.746063
20.81738,0.0009814277,10.09569
20.83125,0.0008911341,11.00449
20.84591,0.0008329563,11.41628
20.85988,0.0007532537,11.66337
20.87894,0.0005790479,12.27834
20.89363,0.0004097,12.8298
20.90709,0.0003277175,13.10799
20.92138,0.0001483373,14.07668
20.93655,2.820045E-05,14.37318
20.9506,0.0002794527,15.26786
20.96553,0.000444334,15.70055
20.97961,0.000607755,16.03229
20.99489,0.0008946471,17.01518
21.01013,0.001032416,17.4758
21.02468,0.001371324,18.41352
21.04135,0.001805764,19.09088
21.0567,0.002054997,19.5564
21.07123,0.004083995,7.824485
21.09085,0.004131129,7.739818
21.10365,0.004278382,7.576705
21.11984,0.004363951,7.494624
21.13557,0.004560596,7.463139
21.15056,0.00465116,7.386047
21.16463,0.004838156,7.22887
21.17883,0.004921131,7.156151
21.19265,0.005084059,6.864271
21.20806,0.005175541,6.780353
21.22287,0.005372323,6.630341
21.23759,0.005484879,6.435686
21.25252,0.005705744,6.157401
21.26704,0.005812317,6.079219
21.28099,0.005915245,5.877999
21.3025,0.006209582,5.530382
21.3178,0.006304989,5.325352
21.33166,0.006402692,5.24867
21.34577,0.006595742,5.121932
21.35953,0.00667437,5.162853
21.37305,0.006789625,4.918088
21.38748,0.006833144,4.876404
21.40116,0.006847439,4.695192
21.41621,0.00683387,4.736689
21.43023,0.006831323,4.759216
21.44453,0.006814694,4.450695
21.45896,0.006802415,4.411132
21.47464,0.006729376,4.167203
21.48947,0.006700678,3.918616
21.51226,0.006638909,3.843539
21.52568,0.006617577,3.695546
21.54056,0.006604561,3.716416
21.5559,0.006538685,3.686474
21.57165,0.006489964,3.705599
21.58584,0.006370327,3.683073
21.59992,0.006316394,3.702533
21.6133,0.006264791,3.658322
21.63134,0.00626947,3.668584
21.64588,0.006326833,3.68674
21.65944,0.006380358,3.515857
21.67284,0.006441362,3.52831
21.68794,0.006552953,3.354155
21.70373,0.006600797,3.365169
21.72157,0.006688958,3.208271
21.73532,0.006775307,3.076317
21.74984,0.006828458,2.905892
21.76363,0.006881814,2.914905
21.77784,0.007009719,2.789165
21.79088,0.007071082,2.659327
21.80523,0.007124049,2.677738
21.8196,0.007232195,2.355428
21.8337,0.007282942,2.375287
21.84749,0.007363245,2.327929
21.86147,0.007392867,2.202115
21.87615,0.007421128,2.209834
21.88957,0.007491567,1.980409
21.90459,0.007531162,1.837602
21.92327,0.007647716,1.832055
21.93694,0.007775382,1.845784
21.95177,0.007852178,1.84589
21.96804,0.007981586,1.559343
21.98454,0.008034176,1.386916
22.00022,0.008078251,1.058879
22.01731,0.008065991,0.8170919
22.03372,0.00805914,0.8629809
22.04951,0.008028897,0.8154138
22.06369,0.008029694,0.7486043
22.07787,0.008022543,0.5215207
22.09224,0.008072479,0.2639296
22.10576,0.008098039,0.1678588
22.12546,0.008180599,0.311533
22.13877,0.008331533,0.5089886
22.15685,0.008525829,0.9238687
22.17269,0.008622676,0.9657058
22.18842,0.00881891,1.242853
22.20255,0.008899747,1.428344
22.21694,0.008985683,1.367735
22.23096,0.009129812,1.383101
22.24503,0.00920733,1.330898
22.25948,0.00928688,1.312092
22.2729,0.009439159,1.322046
22.28758,0.009544473,1.493183
22.30609,0.009610428,1.508698
22.32615,0.009707992,1.452526
22.34097,0.00977868,1.565481
22.35547,0.009781177,1.876072
22.37046,0.009752793,2.036632
22.38666,0.009712455,1.996648
22.40105,0.00963544,2.11988
22.4149,0.00961251,2.289355
22.42879,0.009591671,2.211959
22.44407,0.009595269,2.158126
22.45789,0.009614285,2.188206
22.47356,0.00969241,2.312238
22.48788,0.00974807,2.523984
22.50319,0.009818221,2.696024
22.52297,0.00989301,2.993037
22.54398,0.009967035,3.10173
22.55717,0.01016119,3.399436
22.57208,0.01030889,3.517973
22.58675,0.01058632,4.093091
22.60207,0.0107062,4.401797
22.6165,0.01084056,5.00809
22.632,0.01090236,5.154269
22.6474,0.01103527,5.295352
22.66167,0.0111211,5.287316
22.67714,0.011277,5.275926
22.69334,0.01135866,5.267712
22.70791,0.01151651,5.473642
22.72134,0.01159796,5.45783
22.73582,0.01168503,5.61974
22.75488,0.0119023,5.767927
22.76816,0.01216993,6.034717
22.78247,0.01231578,6.173269
22.79706,0.01245047,6.475628
22.81227,0.01266358,6.764194
22.82662,0.01276665,7.116456
22.84055,0.01297805,7.572015
22.85476,0.01309288,7.691309
22.86919,0.01329964,7.704286
22.88346,0.01340433,7.717623
22.89761,0.01350779,7.736951
22.91197,0.0137605,7.685208
22.92638,0.01390691,7.663035