1.396737,0.005749369,9.49082
1.403987,0.00555596,9.411227
1.419948,0.005688158,9.329002
1.43462,0.005822921,9.28112
1.449915,0.005854428,9.365988
1.467939,0.0059362,9.364434
1.484933,0.005885013,9.413962
1.499771,0.005769396,9.40494
1.514083,0.005695139,9.383368
1.529499,0.005343606,9.529555
1.544364,0.005348079,9.477929
1.565291,0.005284168,9.38854
1.584162,0.005144917,9.305483
1.606394,0.005028632,9.216185
1.61934,0.004786262,9.168855
1.63561,0.004829339,9.097942
1.651356,0.00477788,9.034724
1.666089,0.004706095,9.032397
1.682829,0.004587601,9.010269
1.697317,0.004617881,9.001717
1.712999,0.004555482,8.851107
1.727371,0.0046392,8.778925
1.742391,0.004709315,8.615912
1.757591,0.004690511,8.553867
1.771894,0.004799386,8.407748
1.786383,0.004836736,8.325933
1.808264,0.004835313,8.15945
1.821974,0.004839415,8.027908
1.837385,0.004784848,7.957542
1.852586,0.004819171,7.797094
1.868465,0.004836203,7.738372
1.91667,0.004746396,7.631881
1.953016,0.004733465,7.466661
2.036192,0.005217051,7.171761
2.045875,0.004968123,7.14515
2.061081,0.004888231,7.185207
2.075315,0.005281017,7.137953
2.089709,0.005183777,7.173894
2.104526,0.005211581,7.126676
2.119331,0.005327158,7.043752
2.134335,0.005288392,7.014534
2.14911,0.005360044,7.029005
2.163739,0.005363435,7.044086
2.177923,0.005380106,7.032185
2.192055,0.005372239,7.021298
2.212918,0.005392325,6.97831
2.225548,0.005388777,6.98157
2.240664,0.005316837,7.005607
2.258021,0.005310268,6.992912
2.271955,0.005272041,7.008239
2.286388,0.00522666,7.027274
2.301174,0.005055507,7.057135
2.316032,0.004991665,7.096359
2.330238,0.004873092,7.184469
2.344274,0.0048651,7.135616
2.358803,0.004853421,7.145644
2.373505,0.004854651,7.134599
2.389597,0.004896005,7.181957
2.406583,0.00489681,7.222544
2.429609,0.004919757,7.258177
2.442175,0.004905589,7.248981
2.458791,0.004883333,7.260095
2.474162,0.004923276,7.232859
2.490845,0.004988987,7.389102
2.508167,0.005125135,7.49698
2.522998,0.005006864,7.499858
2.536455,0.004983912,7.572119
2.551413,0.004960288,7.59639
2.565628,0.004944022,7.62617
2.58285,0.004936617,7.696053
2.596995,0.005046705,7.746534
2.610991,0.005281283,7.917305
2.639702,0.005098771,8.100915
2.651963,0.004948043,8.11525
2.666421,0.004921383,8.430001
2.681833,0.004691462,8.150566
2.696562,0.004920881,8.141987
2.710899,0.004881511,8.201619
2.725034,0.005201273,8.224044
2.739687,0.005485902,8.339648
2.753744,0.005676284,8.395852
2.767864,0.005648931,8.494794
2.782886,0.005566981,8.491326
2.797855,0.005511729,8.621427
2.811844,0.005148893,8.624594
2.831964,0.005056671,8.731607
2.844637,0.004959113,8.735251
2.859396,0.004899269,8.733475
2.875112,0.004547583,8.785143
2.889853,0.004664599,8.842713
2.904247,0.004636345,8.924954
2.918722,0.004583343,9.019117
2.93314,0.00445021,9.23063
2.950394,0.004329071,9.321899
2.969846,0.004245144,9.335762
2.991032,0.004069394,9.293182
3.008935,0.003709571,9.413713
3.027117,0.003733133,9.471
3.052348,0.003663671,9.53071
3.066864,0.003593972,9.59075
3.084157,0.003313586,9.666214
3.101806,0.002991252,9.692701
3.11908,0.002999127,9.762291
3.133621,0.002916055,9.972279
3.148676,0.002967987,9.895747
3.162966,0.002961862,9.885965
3.177573,0.003045483,9.895469
3.192392,0.003131715,9.925233
3.206559,0.003099212,9.985522
3.221557,0.003456543,9.989422
3.235557,0.003047924,10.07203
3.261483,0.003154312,10.08976
3.275199,0.003147378,10.10168
3.293703,0.003279024,10.22039
3.310557,0.00324839,10.14055
3.328611,0.003350651,10.2044
3.345777,0.003276185,10.26383
3.362169,0.003429026,10.34113
3.379468,0.003861007,10.30116
3.396718,0.003646911,10.34288
3.412793,0.003853707,10.28185
3.429452,0.003767407,10.36754
3.444335,0.003923597,10.40603
3.46569,0.003745639,10.45323
3.478021,0.003663291,10.47704
3.492959,0.003584483,10.40743
3.508747,0.003711991,10.40938
3.525639,0.003765567,10.41204
3.539971,0.003980886,10.56002
3.555475,0.003942545,10.61165
3.570169,0.00391658,10.64056
3.584725,0.004031749,10.51333
3.601608,0.004032475,10.54723
3.616406,0.004134022,10.59615
3.631153,0.004170218,10.71338
3.64501,0.004177471,10.7793
3.664911,0.00417085,10.86805
3.677475,0.004116678,10.88173
3.697479,0.004006931,10.91681
3.712274,0.00394082,10.95772
3.726617,0.003925995,10.97165
3.741018,0.00380186,11.07085
3.755435,0.003783075,11.06452
3.769903,0.003799718,11.01805
3.784634,0.003870751,11.04945
3.799035,0.00387881,11.05562
3.814059,0.003930197,11.0764
3.828609,0.004101112,11.12327
3.842607,0.004218976,11.1255
3.857142,0.004065351,11.16953
3.878036,0.003703909,11.26946
3.890954,0.003702535,11.20751
3.905307,0.003805141,11.2153
3.922139,0.003767906,11.27529
3.936889,0.003863582,11.3076
3.952566,0.003793218,11.35721
3.969229,0.003857897,11.40817
3.983923,0.003702534,11.45121
3.999322,0.00357604,11.45924
4.014446,0.003641824,11.47092
4.029299,0.003691641,11.49111
4.043089,0.003866247,11.54835
4.057073,0.003904698,11.60645
4.072234,0.003879617,11.62178
4.092631,0.003746622,11.62785
4.105567,0.003742109,11.6249
4.120105,0.003892577,11.69307
4.137763,0.00350959,11.83883
4.151731,0.003574752,11.83634
4.165942,0.003412654,11.87265
4.181376,0.003213123,11.95286
4.195971,0.003445253,12.03241
4.210101,0.003483573,12.05951
4.225021,0.003372248,12.12774
4.239591,0.003494602,12.17035
4.254234,0.003642648,12.21879
4.271131,0.003462216,12.2744
4.285926,0.003239722,12.40633
4.306494,0.003201692,12.42104
4.318433,0.003384908,12.49817
4.333792,0.003463486,12.55704
4.349147,0.003466175,12.57049
4.364151,0.00342778,12.58454
4.379382,0.003135916,12.70441
4.393289,0.003043823,12.68986
4.40777,0.002955137,12.73729
4.423664,0.002922822,12.817
4.437988,0.002841803,12.855
4.453986,0.002790104,12.93384
4.469219,0.002993103,13.00988
4.484822,0.002952381,13.09729
4.500541,0.002978653,13.12648
4.522021,0.002885119,13.16747
4.535117,0.003121233,13.22972
4.554292,0.002149731,13.38229
4.569396,0.001907147,13.26781
4.584116,0.00161381,13.54157
4.599081,0.001885161,13.42596
4.613632,0.001702098,13.4745
4.628255,0.001416782,13.59388
4.643863,0.001305633,13.5458
4.659001,0.001380219,13.63698
4.674022,0.001362436,13.68542
4.687809,0.001080494,13.85083
4.704049,0.001647338,13.64028
4.725204,0.001424843,13.82125
4.738675,0.001146902,13.87438
4.75828,0.001177469,13.96817
4.772609,0.001263117,14.12787
4.78699,0.001324269,14.06562
4.801602,0.001349417,14.1608
4.815936,0.001386879,14.22062
4.830796,0.001412494,14.34341
4.845155,0.001510145,14.34914
4.859886,0.001708559,14.44915
4.874155,0.001675922,14.5105
4.889067,0.001864578,14.55894
4.903144,0.001988228,14.66177
4.917131,0.002270345,14.73737
4.938855,0.002101652,14.86675
4.952798,0.002067578,14.99364
4.971874,0.001946086,15.08755
4.986084,0.001912972,15.1304
5.000896,0.001870114,15.21042
5.018947,0.001741361,15.28913
5.036092,0.001170058,15.34802
5.050066,0.0009012675,15.37363
5.063931,0.001117761,15.45587
5.079519,0.001992246,15.54704
5.09391,0.002073488,15.51538
5.108313,0.002144126,15.61517
5.122583,0.002518887,15.60442
5.141552,0.002358391,15.83113
5.154636,0.002293533,15.86424
5.169978,0.002236583,15.88987
5.183389,0.00232459,15.89204
5.198748,0.002326078,15.98457
5.212551,0.002572644,16.05845
5.226784,0.002704345,16.11189
5.241063,0.002621659,16.144
5.255202,0.002563774,16.26043
5.2721,0.002473165,16.23112
5.290957,0.002856628,16.3751
5.305606,0.002925181,16.33774
5.320516,0.00296582,16.2919
5.333945,0.003046781,16.29774
5.354201,0.002847643,16.25505
5.366296,0.002689189,16.29013
5.382541,0.002932311,16.30422
5.400127,0.002765467,16.37543
5.414525,0.002724507,16.39908
5.428596,0.002754419,16.4537
5.442397,0.002718907,16.49066
5.458182,0.002497323,16.52994
5.471828,0.002690446,16.5193
5.484795,0.00268418,16.5205
5.499476,0.002794623,16.52984
5.51286,0.002781783,16.59989
5.526521,0.002796429,16.58097
5.54018,0.002780422,16.58657
5.561069,0.002538968,16.64814
5.576122,0.002447801,16.67963
5.591116,0.002069612,16.72993
5.604952,0.002081745,16.75511
5.619009,0.002060962,16.79021
5.633084,0.001973217,16.90937
5.647182,0.001907461,16.9667
5.660757,0.001692672,17.01104
5.674423,0.001734096,17.03976
5.688549,0.001387622,17.09003
5.702244,0.001413952,16.95669
5.715281,0.001378075,16.97184
5.72947,0.001068418,17.03941
5.74332,0.00143306,17.13743
5.761656,0.001284568,17.14032
5.774621,0.001369573,17.15689
5.789072,0.000968642,17.21256
5.803267,0.0009659685,17.28789
5.822956,0.0009640572,17.31451
5.836064,0.0009102284,17.37745
5.849777,0.000861907,17.45796
5.865063,0.0009149195,17.50731
5.87982,0.001076612,17.61698
5.89366,0.001137741,17.6695
5.906711,0.001176771,17.75977
5.921354,0.001104961,17.80847
5.934896,0.001032173,17.85119
5.948657,0.001071354,17.91936
5.970664,0.001521904,18.02423
5.982946,0.001390041,18.06384
5.998479,0.001954934,18.15284
6.012828,0.002209868,18.2448
6.026771,0.002492258,18.33428
6.040624,0.002664028,18.35491
6.054059,0.002673793,18.39868
6.067718,0.002807938,18.44256
6.081532,0.002992119,18.49665
6.096013,0.002984421,18.5218
6.10972,0.003027936,18.54576
6.123321,0.002915985,18.59794
6.13676,0.002842613,18.59893
6.149689,0.002746982,18.70878
6.168775,0.002898262,18.77444
6.181338,0.002888463,18.81882
6.196549,0.002956017,18.84337
6.211009,0.002950391,18.88088
6.225083,0.002947829,18.90823
6.238076,0.002875674,18.96017
6.251902,0.002884649,19.03912
6.265419,0.002919746,19.08275
6.280951,0.003029082,19.15019
6.299307,0.003149456,19.23489
6.313701,0.003167852,19.2805
6.327606,0.003226323,19.30643
6.341792,0.003293636,19.39957
6.355062,0.003330913,19.49482
6.373927,0.003634483,19.55172
6.387925,0.003522902,19.71751
6.402369,0.003750984,19.70039
6.416234,0.004279329,19.93043
6.43194,0.004140888,19.81576
6.447684,0.003863069,20.00419
6.461414,0.003521522,19.96643
6.477554,0.003216646,19.96066
6.492286,0.003095211,20.00579
6.505645,0.003148746,20.13946
6.519747,0.003140365,20.12252
6.533034,0.003103112,20.23196
6.547642,0.003478743,20.3035
6.561918,0.003674816,20.27864
6.582924,0.003980706,20.386
6.598454,0.004008463,20.40623
6.61287,0.004089542,20.46406
6.626501,0.004108694,20.47244
6.640316,0.004127809,20.54143
6.653796,0.004143691,20.54937
6.667295,0.004115287,20.58669
6.681318,0.003700039,20.47099
6.695731,0.003691643,20.59858
6.709191,0.003450288,20.61206
6.723055,0.003728028,20.67174
6.736816,0.003436417,20.73713
6.750246,0.003129645,20.66032
6.763926,0.003102251,20.70565
6.782306,0.002980203,20.78984
6.796077,0.003143327,20.82205
6.810341,0.003010091,20.8499
6.824505,0.002879048,20.89614
6.839188,0.003063138,20.87748
6.853052,0.003049181,20.78094
6.872879,0.003114198,20.75819
6.886984,0.003065598,20.77989
6.90027,0.003280925,20.8675
6.913815,0.00333906,20.92939
6.92825,0.00344053,20.9452
6.942782,0.003425915,20.95419
6.956582,0.003429975,20.98061
6.973905,0.003461683,21.03012
6.991615,0.003575182,21.12766
7.005645,0.00361071,21.15924
7.020842,0.003651339,21.19596
7.034249,0.003622814,21.19652
7.050744,0.003511542,21.19294
7.065393,0.002973446,21.15865
7.079568,0.002963276,21.18726
7.093368,0.002626515,21.1749
7.107138,0.002647232,21.20302
7.120624,0.002694823,21.26236
7.13462,0.003163705,21.3368
7.148866,0.003950024,21.29871
7.16327,0.004090387,21.27294
7.177498,0.004082955,21.29615
7.19629,0.003890341,21.24801
7.210157,0.00366376,21.11404
7.224397,0.003529937,21.05408
7.238516,0.002846822,20.86751
7.253392,0.002889558,20.87211
7.267567,0.00258881,20.7528
7.283105,0.002113061,20.70026
7.300797,0.001737275,20.4299
7.314984,0.001567052,20.30515
7.329606,0.001244339,20.08997
7.342966,0.001192009,20.00487
7.357434,0.00103777,19.9355
7.371012,0.0008881552,19.80639
7.384601,0.001052437,19.76531
7.404133,0.000986352,19.53971
7.41826,0.001213839,19.46334
7.432815,0.002040481,19.21995
7.448706,0.002745801,19.03721
7.463454,0.003369689,18.98087
7.478035,0.003691859,18.93704
7.492354,0.004620434,18.79202
7.507642,0.004721031,18.7742
7.522093,0.004841627,18.66946
7.535988,0.005042437,18.63155
7.55065,0.005326291,18.51296
7.56482,0.006017763,18.4241
7.580133,0.006300515,18.17237
7.594068,0.006973293,18.16938
7.616332,0.007873503,18.03549
7.630284,0.008353138,17.63685
7.645109,0.008320589,17.62927
7.662791,0.00864842,17.32835
7.676958,0.00896247,17.32128
7.691013,0.008989326,17.37858
7.705098,0.009001091,17.4822
7.718143,0.009065609,17.47251
7.73209,0.009422722,17.40145
7.746006,0.009538293,17.3754
7.759451,0.01008014,17.30045
7.773625,0.01038001,17.29578
7.787429,0.01060294,17.19858
7.800889,0.01045631,17.23622
7.819857,0.01049504,17.24342
7.832782,0.01086585,17.0322
7.846607,0.01087088,17.12594
7.861395,0.01097796,16.96557
7.875668,0.0110648,16.89105
7.891967,0.01219848,16.84583
7.906253,0.01255461,16.79298
7.923968,0.01264179,16.8094
7.938046,0.01245378,16.73515
7.952172,0.01260941,16.74327
7.964785,0.01275531,16.7618
7.980911,0.01279294,16.77008
7.995423,0.01294394,16.73489
8.009829,0.01252462,16.66549
8.027915,0.01225077,16.63493
8.041185,0.01236077,16.56107
8.055064,0.01239916,16.55717
8.068986,0.01242366,16.56567
8.08457,0.01232775,16.63025
8.097751,0.01223168,16.60058
8.112405,0.0122217,16.55814
8.125389,0.01202206,16.53697
8.139718,0.01205299,16.5366
8.153002,0.01203451,16.53478
8.166328,0.01202174,16.53618
8.182164,0.01207202,16.52007
8.196108,0.01178792,16.50466
8.210301,0.01172584,16.49904
8.22845,0.01169631,16.50288
8.24214,0.010982,16.47335
8.256814,0.0105713,16.52781
8.270389,0.01021391,16.57683
8.285091,0.009778915,16.62504
8.299367,0.009645758,16.64597
8.318239,0.01002765,16.61712
8.332932,0.00989279,16.67044
8.346398,0.009395235,16.73044
8.360902,0.009569171,16.70849
8.374319,0.009514121,16.75051
8.388041,0.009508137,16.75042
8.4018,0.009098643,16.73388
8.415775,0.009097222,16.71602
8.433886,0.009031062,16.71804
8.446476,0.008965045,16.72974
8.462518,0.0090159,16.72461
8.47611,0.008995962,16.70866
8.49075,0.008997875,16.68359
8.505775,0.008689735,16.64716
8.520283,0.008641469,16.65548
8.533512,0.008719384,16.62607
8.547408,0.008622197,16.66087
8.561699,0.008190739,16.76705
8.576416,0.008105502,16.7193
8.589785,0.007906786,16.73409
8.603885,0.007947094,16.71676
8.617014,0.008014123,16.71215
8.638384,0.008074589,16.77203
8.653434,0.008089952,16.79345
8.667444,0.0080485,16.83003
8.681993,0.007877556,16.91702
8.696316,0.007829132,16.94636
8.710713,0.007991203,16.95574
8.724689,0.008247203,16.98244
8.738424,0.008150334,16.99025
8.75165,0.008244372,16.984
8.766603,0.008377113,17.00555
8.780734,0.008545195,17.06972
8.795588,0.008578692,17.10816
8.809623,0.008586881,17.15418
8.822784,0.008507105,17.15964
8.840964,0.008415536,17.17124
8.854482,0.008316513,17.17908
8.868462,0.008282802,17.19787
8.882065,0.00829915,17.24843
8.897054,0.008439855,17.26365
8.912927,0.008497843,17.29826
8.92723,0.008443586,17.34038
8.940701,0.008295407,17.36706
8.954439,0.008333929,17.37282
8.968993,0.008475116,17.44559
8.982789,0.008159182,17.42508
9.004205,0.007738265,17.48854
9.018704,0.008217623,17.44879
9.031959,0.007652356,17.50979
9.050953,0.007373853,17.57565
9.06365,0.007216432,17.69316
9.080287,0.007614636,17.7329
9.097423,0.006900636,17.87751
9.112374,0.006658532,17.89434
9.126196,0.006515637,17.91771
9.139876,0.006521352,17.90214
9.15358,0.006507532,17.93438
9.16752,0.006473664,18.01792
9.182094,0.006361578,18.14145
9.195465,0.006275476,18.17482
9.210074,0.006116819,18.22248
9.222921,0.006035225,18.26257
9.236977,0.00606451,18.31159
9.255485,0.006315414,18.38769
9.269997,0.006437717,18.46258
9.284597,0.006557714,18.58665
9.298662,0.006273064,18.57589
9.315791,0.006165987,18.62061
9.329274,0.0058321,18.68433
9.344787,0.006000377,18.72706
9.358247,0.005833164,18.81677
9.372436,0.005937512,18.84311
9.385553,0.005840597,18.99349
9.399705,0.00580034,19.03435
9.413449,0.005603991,19.03238
9.427202,0.005285458,19.1252
9.441017,0.005477892,19.02985
9.458457,0.005730595,19.09833
9.473145,0.005840722,19.13196
9.487187,0.005999508,19.22819
9.501745,0.005974182,19.238
9.516858,0.005941708,19.27627
9.530659,0.005905166,19.19159
9.544016,0.005940652,19.25538
9.557201,0.005993231,19.25748
9.571142,0.006002082,19.33393
9.584985,0.005882328,19.37488
9.599371,0.005858957,19.37451
9.61299,0.005917586,19.36829
9.626799,0.005826219,19.35802
9.64077,0.005384377,19.41017
9.655849,0.005349274,19.45542
9.675307,0.005445261,19.43345
9.688953,0.005512677,19.44132
9.702899,0.004957619,19.44447
9.716436,0.004988277,19.45114
9.730193,0.004372618,19.50337
9.744614,0.004331425,19.54163
9.757802,0.004279928,19.5854
9.771872,0.004071022,19.68978
9.785738,0.00389779,19.79334
9.79938,0.003810471,19.77575
9.81386,0.003635685,19.83401
9.827568,0.003727901,19.86112
9.842154,0.003600449,19.89576
9.855706,0.003761033,19.91493
9.870049,0.003754034,19.95212
9.888123,0.003668311,20.00841
9.901936,0.003539858,20.09417
9.917066,0.003374375,20.12417
9.931568,0.003382886,20.15911
9.946372,0.003386854,20.20609
9.961125,0.003358368,20.24247
9.975982,0.003159183,20.2895
9.989907,0.003244864,20.35393
10.00612,0.003304457,20.52526
10.02135,0.003322648,20.42123
10.03967,0.003210643,20.48571
10.05363,0.003196734,20.54407
10.06675,0.003218517,20.54983
10.08117,0.003183643,20.58174
10.09984,0.003270571,20.6148
10.11294,0.003290899,20.66007
10.12781,0.003385888,20.77192
10.14295,0.003587678,20.80984
10.15753,0.00383897,20.90128
10.17125,0.004363433,21.11175
10.18504,0.004389689,21.16355
10.19941,0.004494108,21.21226
10.21339,0.004298787,21.25169
10.22761,0.004125555,21.25032
10.24173,0.004238278,21.36868
10.25536,0.004311886,21.38652
10.2698,0.004367987,21.39706
10.28325,0.004394216,21.44281
10.30443,0.004272372,21.49096
10.32208,0.004468235,21.62985
10.33732,0.003405154,21.61679
10.35144,0.002996051,21.74929
10.3655,0.003041079,21.71737
10.37955,0.003032139,21.73044
10.39392,0.002969285,21.74019
10.40732,0.002954291,21.77404
10.42126,0.003356829,21.82052
10.43495,0.003445099,21.83599
10.44882,0.003519451,21.8337
10.46251,0.003591558,21.89794
10.47836,0.003575755,21.96139
10.49322,0.003615514,22.06949
10.51149,0.003417083,22.05869
10.52499,0.003677422,22.11389
10.54095,0.003361233,22.15446
10.55558,0.003251436,22.20049
10.57093,0.003320554,22.20351
10.58411,0.00309203,22.23501
10.59756,0.003132538,22.27177
10.61172,0.00309574,22.28076
10.626,0.003047351,22.30615
10.63991,0.00310132,22.36158
10.65333,0.00320666,22.37942
10.66669,0.003118913,22.37585
10.68221,0.003488362,22.41785
10.69831,0.003653299,22.44028
10.71694,0.003605292,22.42754
10.73062,0.003524433,22.41322
10.74445,0.003505889,22.44463
10.75869,0.003525141,22.49422
10.77291,0.003260634,22.62147
10.78655,0.002877183,22.49353
10.80161,0.002839826,22.58842
10.81475,0.003195562,22.68191
10.82905,0.003260827,22.76378
10.84261,0.003578377,22.74095
10.85686,0.003703248,22.75635
10.87015,0.003551805,22.79991
10.88356,0.003513759,22.83545
10.89639,0.003531697,22.91137
10.9104,0.003370887,22.91594
10.92845,0.003507273,22.97127
10.94222,0.003344464,22.96037
10.95697,0.003421278,22.99832
10.97186,0.003473584,23.04335
10.98702,0.003430912,22.99029
11.00143,0.00356559,23.04384
11.01732,0.003661465,23.07393
11.03133,0.003744995,23.15493
11.04467,0.003706643,23.17733
11.05872,0.00367416,23.24254
11.07302,0.003910128,23.30725
11.08687,0.003880748,23.31334
11.10159,0.003907823,23.38326
11.12204,0.003145746,23.38887
11.13997,0.002801948,23.43483
11.15339,0.00293678,23.48949
11.16779,0.002856694,23.50241
11.18185,0.003002913,23.4653
11.19587,0.003030167,23.47313
11.21055,0.003038885,23.54654
11.22405,0.003093129,23.58741
11.23745,0.003116778,23.65731
11.25111,0.003218496,23.69538
11.26444,0.003423837,23.70467
11.2784,0.003498547,23.73772
11.29305,0.003337495,23.76674
11.30595,0.003566005,23.80195
11.31984,0.003900737,23.84831
11.33634,0.003849091,23.87281
11.35443,0.003897503,23.89911
11.36802,0.003909347,23.90534
11.38209,0.004002122,23.91067
11.39612,0.004022398,23.93204
11.41019,0.004093008,23.9815
11.42371,0.004144013,24.01187
11.43805,0.004239095,24.09996
11.45105,0.004302262,24.09978
11.46469,0.004377234,24.13801
11.4783,0.004465397,24.12683
11.49273,0.004635898,24.15244
11.50564,0.004662566,24.19009
11.51907,0.004842461,24.22674
11.53446,0.004756979,24.25505
11.5476,0.004983354,24.35327
11.56561,0.00532983,24.43987
11.57858,0.005389659,24.18155
11.59404,0.00529759,24.14611
11.60764,0.005259061,24.20165
11.62118,0.005121151,24.27898
11.63481,0.005140721,24.34278
11.64941,0.005252621,24.3808
11.66245,0.00526994,24.39837
11.67611,0.005467551,24.47277
11.68959,0.005306682,24.44815
11.70597,0.005305283,24.45287
11.71991,0.00534877,24.44112
11.73316,0.00544634,24.4122
11.74768,0.005679536,24.42879
11.76172,0.006071774,24.49145
11.78173,0.006207034,24.46262
11.79444,0.006272699,24.49906
11.80783,0.006204658,24.49199
11.82165,0.00610078,24.58824
11.83606,0.006234017,24.66284
11.84964,0.006114129,24.70901
11.86271,0.006261596,24.73848
11.87667,0.006642146,24.82778
11.89029,0.007095234,24.82789
11.9038,0.00724521,24.854
11.91697,0.007378187,24.90721
11.93107,0.007071549,24.95147
11.94449,0.007113772,24.98571
11.95805,0.007239083,25.01791
11.97141,0.007118089,25.0511
11.98929,0.00623004,24.92689
12.00318,0.00647457,25.14726
12.01799,0.006453501,25.16909
12.0342,0.006573517,25.24074
12.04649,0.006839623,25.32012
12.06095,0.006469358,25.29488
12.07498,0.00631221,25.36071
12.08738,0.006370842,25.39361
12.10146,0.006462031,25.42861
12.1146,0.006242826,25.40264
12.12721,0.006499341,25.53326
12.14073,0.006251204,25.4805
12.15389,0.006607537,25.65856
12.17118,0.006109211,25.52933
12.18435,0.006242369,25.54049
12.20182,0.006293331,25.52653
12.21468,0.006366455,25.52104
12.22931,0.006508163,25.5468
12.24348,0.006168825,25.48232
12.25701,0.006650259,25.65096
12.27041,0.006783663,25.57945
12.28318,0.006629093,25.55807
12.2967,0.006573669,25.57322
12.31085,0.006634783,25.60643
12.32438,0.006570962,25.59181
12.34118,0.006408941,25.69112
12.35357,0.00646032,25.6992
12.36744,0.006647133,25.71593
12.38043,0.006777429,25.72144
12.39741,0.006916983,25.71492
12.41675,0.007178898,25.72342
12.43104,0.00661052,25.60287
12.44452,0.006649209,25.61071
12.45887,0.006672979,25.62939
12.47263,0.00677474,25.63082
12.48611,0.006844503,25.60434
12.50133,0.006918456,25.62273
12.51381,0.006886674,25.63371
12.52962,0.007194642,25.69135
12.5427,0.006850282,25.71838
12.55655,0.006886505,25.73958
12.57069,0.006981294,25.78514
12.58431,0.007233134,25.80757
12.5973,0.006874504,25.77994
12.61076,0.007056003,25.85209
12.62899,0.006703666,25.74446
12.64244,0.007342665,25.87127
12.65583,0.007444375,25.88641
12.67067,0.00775359,25.95514
12.68784,0.008050327,25.96816
12.70159,0.008311739,25.96696
12.71507,0.008334748,25.95987
12.73143,0.00836826,25.91594
12.74538,0.008341117,25.92603
12.75953,0.008886859,25.95798
12.77284,0.008820705,25.99899
12.78624,0.008583971,26.04481
12.80027,0.008476396,26.06654
12.81525,0.008671498,26.10314
12.83295,0.008749546,26.12471
12.846,0.008690469,26.12331
12.85988,0.009036514,26.14566
12.87394,0.009132273,26.16747
12.88774,0.009357581,26.17811
12.90078,0.009306672,26.19374
12.91379,0.009627726,26.26159
12.927,0.01007693,26.26299
12.9409,0.009941255,26.27682
12.95389,0.009870333,26.29134
12.96742,0.009691038,26.31658
12.98125,0.01013247,26.37853
12.99619,0.009774211,26.30498
13.00931,0.01002797,26.37074
13.0244,0.009338465,26.27484
13.04361,0.00962676,26.37095
13.05743,0.009666432,26.39175
13.07116,0.009532192,26.41094
13.08601,0.00961199,26.39273
13.10158,0.009633417,26.4685
13.11481,0.009446758,26.51864
13.12917,0.009475635,26.55635
13.14512,0.009586066,26.60675
13.15989,0.009722625,26.6109
13.17971,0.009144144,26.71387
13.19244,0.009130974,26.73772
13.20693,0.009287301,26.77197
13.22041,0.009198798,26.76993
13.23365,0.009174407,26.77141
13.25049,0.009075417,26.81996
13.2636,0.009088713,26.856
13.27832,0.009065568,26.89663
13.293,0.009041081,26.93371
13.30781,0.009075755,27.00663
13.32186,0.009138665,27.10538
13.33564,0.008902591,27.18152
13.35227,0.008294416,27.22434
13.36569,0.008168148,27.2269
13.37983,0.008538381,27.26451
13.396,0.008505498,27.28564
13.41008,0.008495416,27.34367
13.42394,0.008418975,27.3725
13.43725,0.008436229,27.40659
13.45553,0.008200997,27.46105
13.46779,0.008007322,27.52483
13.48262,0.008251991,27.561
13.49688,0.008479344,27.68662
13.50997,0.008552421,27.70805
13.52394,0.008694651,27.74883
13.53824,0.008767224,27.83027
13.55218,0.008739449,27.81601
13.5658,0.00875096,27.83201
13.57986,0.008717037,27.89052
13.59317,0.008733733,27.94024
13.60651,0.008860307,28.05688
13.61969,0.009059746,28.08856
13.6336,0.009077844,28.14399
13.64603,0.009120294,28.1536
13.66414,0.008942269,28.18487
13.67662,0.00893579,28.40294
13.69119,0.007415092,27.91214
13.70565,0.007849307,28.40042
13.71968,0.008111157,28.44665
13.73279,0.008229107,28.4961
13.74716,0.008898435,28.70292
13.76284,0.008635848,28.62746
13.77617,0.008655114,28.69752
13.7914,0.009028073,28.77515
13.80423,0.009130851,28.80907
13.81715,0.009139044,28.88379
13.83055,0.009208439,28.86765
13.84291,0.009377361,28.88731
13.85666,0.009543153,28.97299
13.87499,0.008773834,28.80602
13.88791,0.009136161,28.98728
13.90299,0.009399352,29.05973
13.91754,0.009417296,29.09882
13.93177,0.009461917,29.14373
13.94533,0.009503891,29.19365
13.9591,0.009724095,29.28787
13.97458,0.009756564,29.32677
13.98785,0.009868427,29.42388
14.00246,0.009979112,29.47313
14.01509,0.01016243,29.54103
14.03001,0.01069064,29.62837
14.04426,0.01065306,29.58334
14.05723,0.01093361,29.6501
14.07581,0.01086492,29.59865
14.08891,0.0113401,29.63372
14.10301,0.01140764,29.6828
14.11688,0.01117208,29.69366
14.13092,0.01192601,29.84319
14.14447,0.01169413,29.83008
14.15826,0.01168796,29.86121
14.17191,0.01191142,30.02255
14.18566,0.01162316,30.06554
14.20021,0.0115529,30.09892
14.21335,0.01189903,30.1767
14.23176,0.01226291,30.27351
14.24532,0.01233134,30.33565
14.25946,0.01277465,30.33466
14.27711,0.0130211,30.34756
14.29041,0.01319475,30.39251
14.30409,0.01324332,30.42668
14.31806,0.01329521,30.46483
14.33204,0.0134142,30.52997
14.34537,0.013625,30.6073
14.3623,0.01367327,30.64375
14.37706,0.01392832,30.72804
14.38991,0.01399539,30.77635
14.4033,0.01410448,30.82304
14.4171,0.01483312,31.02222