4.172613,0.006016921,9.182112
4.180366,0.006087563,9.261237
4.195786,0.006119178,9.286688
4.210293,0.006192103,9.318505
4.225599,0.006149273,9.327781
4.245033,0.005573008,9.365714
4.260342,0.005614751,9.38276
4.275981,0.005727759,9.459184
4.291467,0.005682915,9.498937
4.307576,0.005630331,9.456232
4.32721,0.006069257,9.385399
4.354157,0.006064421,9.236674
4.369733,0.006320368,9.222878
4.387469,0.006456768,9.297644
4.406772,0.006442531,9.264929
4.4237,0.006293793,9.361201
4.441414,0.006244721,9.266202
4.460591,0.006225472,9.225945
4.474558,0.006397747,9.275699
4.490554,0.006238397,9.39553
4.505708,0.006069777,9.469214
4.522455,0.005705491,9.489287
4.537602,0.005438532,9.553742
4.559022,0.005918694,9.391408
4.57272,0.006029797,9.506031
4.588503,0.0061227,9.537144
4.602724,0.006474184,9.515704
4.617678,0.006452691,9.569224
4.633786,0.005825219,9.674428
4.677702,0.005913474,9.765091
4.694952,0.006074272,9.728133
4.711602,0.006321927,9.768794
4.726155,0.0062737,9.787335
4.743224,0.00606688,9.809469
4.764326,0.005918594,9.789805
4.777074,0.005948333,9.837652
4.792109,0.005887601,9.84824
4.806535,0.005734723,9.969617
4.873947,0.00545087,10.0552
4.887152,0.0054461,10.07074
4.902751,0.00524116,10.16419
4.917304,0.005322495,10.20407
4.934923,0.005413994,10.25833
4.952167,0.005498058,10.2629
4.97876,0.005304356,10.26886
4.991116,0.005027436,10.32931
5.011307,0.005128271,10.36382
5.028192,0.005165791,10.41866
5.044125,0.005384361,10.46371
5.059961,0.005426753,10.40325
5.074502,0.005255164,10.41758
5.090022,0.004842037,10.28162
5.106025,0.005287742,10.20028
5.120926,0.005379681,10.31858
5.13713,0.005227375,10.33887
5.154546,0.005203624,10.46469
5.180035,0.004916387,10.48289
5.194375,0.004501072,10.46247
5.216684,0.00417504,10.49211
5.236732,0.004075581,10.55341
5.25602,0.003965037,10.60569
5.275228,0.003783446,10.60068
5.294954,0.003587013,10.60912
5.311423,0.003643342,10.66884
5.325832,0.003689583,10.70596
5.342968,0.003714799,10.80168
5.357879,0.003635101,10.78823
5.382757,0.003418833,10.76393
5.396659,0.003285848,10.72739
5.412279,0.002761931,10.84555
5.428479,0.003638057,10.777
5.445164,0.003042406,11.03244
5.460435,0.003091815,11.00285
5.477228,0.002629629,11.00468
5.494615,0.002833028,11.10693
5.510159,0.00288524,11.17472
5.52524,0.002832606,11.23372
5.542043,0.002306156,11.22251
5.557655,0.001874671,11.29121
5.574228,0.001689209,11.2728
5.5973,0.001503323,11.25953
5.610301,0.001482517,11.3061
5.626697,0.001524489,11.3384
5.643274,0.001649355,11.40731
5.658832,0.001946323,11.40482
5.674648,0.00180701,11.41144
5.69285,0.001721691,11.43928
5.709898,0.001632777,11.47429
5.723544,0.001809069,11.51562
5.741267,0.001750365,11.64574
5.756425,0.001569994,11.81023
5.773732,0.002477246,11.66875
5.821373,0.002277956,12.04675
5.844125,0.002742852,12.0096
5.856695,0.002602395,11.8052
5.873448,0.003141215,11.89958
5.888695,0.003077002,12.11806
5.905462,0.002970616,12.17317
5.921046,0.002864682,12.25781
5.93546,0.002805147,12.45691
5.989941,0.002741979,12.39457
6.004904,0.002598642,12.42808
6.019926,0.002579485,12.44808
6.033442,0.002305482,12.54827
6.053951,0.00198172,12.68637
6.067032,0.002160758,12.70077
6.08385,0.002161465,12.77038
6.098774,0.001813326,12.81259
6.116183,0.001693006,12.87276
6.13719,0.001622256,12.91456
6.152204,0.001429391,12.95487
6.172143,0.001213074,13.1118
6.189737,0.0009751738,13.19133
6.208299,0.000995528,13.21092
6.224596,0.0007088022,13.30402
6.242375,0.0005359916,13.37239
6.270229,0.001120851,13.52621
6.283789,0.0006580094,13.40753
6.299784,0.0007185754,13.44477
6.31589,0.001011502,13.46579
6.333175,0.001198461,13.49377
6.347821,0.001534224,13.51575
6.363368,0.001529787,13.43284
6.379171,0.001519802,13.40688
6.39425,0.001447391,13.42847
6.408175,0.001405996,13.46272
6.423168,0.001397005,13.60818
6.440466,0.00159104,13.65179
6.456446,0.001982893,13.75606
6.479594,0.002096265,13.563
6.494413,0.001907739,13.65479
6.511204,0.0007619514,13.61835
6.528719,0.0009024168,13.76922
6.542829,0.001148447,13.81144
6.55751,0.001346958,13.81704
6.57247,0.001188853,13.82124
6.586431,0.001218499,13.89229
6.6018,0.001181206,14.00756
6.617522,0.00112592,14.02116
6.632949,0.001164951,14.14324
6.647798,0.00127947,14.23704
6.664584,0.001372223,14.2638
6.686697,0.001472643,14.39777
6.699731,0.001251673,14.48118
6.716018,0.001122368,14.5355
6.732663,0.001051912,14.63909
6.749,0.001157879,14.64784
6.764357,0.001493852,14.65365
6.781038,0.001606515,14.7237
6.796188,0.002487584,14.94877
6.813549,0.001333578,14.91453
6.828238,0.001361288,15.05836
6.844592,0.001098747,15.19985
6.860162,0.001352333,15.19032
6.87626,0.0013311,15.19973
6.896992,0.001543829,15.25417
6.908824,0.001740863,15.48898
6.924242,0.001567604,15.65071
6.941053,0.001719143,15.46968
6.957113,0.001629172,15.47142
6.972297,0.00165174,15.53461
6.990965,0.001767369,15.58677
7.006969,0.001838616,15.63381
7.023908,0.002353241,15.73326
7.044887,0.002900798,15.86808
7.061368,0.002846508,15.8082
7.076618,0.002849379,15.87015
7.09685,0.002915956,15.8993
7.110467,0.003033638,15.95672
7.125999,0.003098369,15.98328
7.140193,0.003126016,15.99117
7.154683,0.003008344,16.06212
7.171197,0.0030092,16.10717
7.186227,0.003026855,16.15492
7.202752,0.003242847,16.24576
7.217408,0.003457783,16.27463
7.233965,0.00335281,16.32207
7.248166,0.003524288,16.34661
7.265041,0.003497491,16.41731
7.284678,0.003175745,16.65927
7.333165,0.003231324,16.62684
7.345677,0.003084499,16.66356
7.359239,0.003064554,16.71951
7.375077,0.002655605,16.75722
7.389534,0.002612241,16.8341
7.40546,0.002305239,16.87312
7.421793,0.002289747,16.95904
7.436349,0.002184855,17.00438
7.451658,0.002164349,17.05947
7.466769,0.002182523,17.12133
7.482248,0.002169107,17.16052
7.497514,0.002205501,17.21333
7.518672,0.00234095,17.32982
7.532298,0.002429699,17.42748
7.547884,0.002236136,17.45112
7.563251,0.002079845,17.46258
7.57641,0.00210107,17.52845
7.592544,0.001777472,17.63464
7.606308,0.001440605,17.67189
7.622119,0.001552236,17.69165
7.636341,0.001437533,17.74576
7.652841,0.001432401,17.70565
7.667398,0.001523385,17.75869
7.681537,0.001593282,17.90118
7.696797,0.001576263,17.93436
7.711845,0.001404753,17.97715
7.733667,0.001371061,17.96118
7.747571,0.001511882,18.04757
7.76358,0.001332885,18.07648
7.780638,0.00128366,18.17733
7.796254,0.001263999,18.20294
7.810945,0.001194502,18.24528
7.825776,0.001038792,18.27472
7.841267,0.00120003,18.36818
7.857883,0.001376788,18.4883
7.875922,0.001357673,18.5396
7.892326,0.001398553,18.61503
7.90543,0.001277863,18.62888
7.921227,0.001275929,18.70381
7.942536,0.001283479,18.75518
7.954083,0.00119203,18.85917
7.970914,0.00131519,18.97342
7.986014,0.001601199,19.11787
8.001293,0.001519687,19.08361
8.016051,0.001785236,19.09125
8.031374,0.001652818,19.1741
8.046463,0.001349642,19.47253
8.061398,0.001628336,19.39507
8.075281,0.001735552,19.46661
8.089078,0.001817543,19.51863
8.110052,0.001906287,19.62679
8.123776,0.002028073,19.71403
8.145093,0.00204681,19.77557
8.161368,0.002306565,19.85477
8.178204,0.002240806,19.90077
8.192701,0.002019118,19.96098
8.207889,0.001956544,20.05959
8.227252,0.001922936,20.12772
8.241591,0.001963273,20.28202
8.255567,0.00208449,20.3971
8.275897,0.002001539,20.45094
8.293836,0.001634432,20.47947
8.309696,0.0007868186,25.06274
8.324262,0.001114506,24.88519
8.346568,0.0004584715,24.14381
8.360533,8.005649E-06,22.6972
8.37803,5.930662E-05,22.22103
8.392378,0.0001159273,22.39139
8.407795,0.0001847856,21.30841
8.422435,0.0002317019,21.17858
8.435698,0.0002712198,20.97521
8.450812,0.0003160536,20.61262
8.465119,0.000545226,20.17997
8.479531,0.0001343489,19.90144
8.493526,0.0006395131,19.2022
8.508425,0.0004360564,18.73474
8.523966,0.0003597923,18.34336
8.537034,0.0001270249,17.89345
8.558206,9.542331E-05,17.3965
8.571232,0.0001617111,17.06425
8.586131,0.0002805889,16.97652
8.601322,0.0005535781,16.72829
8.615899,0.0006671622,16.70496
8.631827,0.0004839562,15.96859
8.691082,0.0005674325,15.03624
8.705216,0.001072977,15.42004
8.718758,0.002165556,16.09217
8.733121,0.002079334,15.94473
8.749276,0.002278913,15.58021
8.76949,0.002963126,15.56261
8.782033,0.002085358,14.43739
8.796549,0.002463844,13.65923
8.81082,0.002619028,13.65411
8.82515,0.002778001,13.58714
8.840327,0.003349729,13.79897
8.855203,0.003849458,13.74306
8.869213,0.004132867,12.91529
8.883955,0.003504273,13.07454
8.899283,0.004514486,11.98518
8.913506,0.003724255,11.55116
8.926438,0.003798768,11.28814
8.939341,0.003875848,11.18733
8.952654,0.004166968,11.10798
8.972881,0.004222453,11.1384
8.985113,0.004275259,11.12733
9.000962,0.00454624,10.99445
9.015484,0.004647322,10.8941
9.031427,0.004805271,10.53233
9.04543,0.004783254,10.24994
9.058414,0.005048402,9.413353
9.07268,0.004921466,8.953346
9.08626,0.006192062,8.795563
9.102311,0.00552259,8.566711
9.115558,0.005104374,8.105522
9.129848,0.005290955,7.089714
9.143867,0.005215392,7.182487
9.157945,0.005157549,6.942749
9.182942,0.005240466,6.714645
9.195457,0.005363408,6.461113
9.210676,0.005511746,6.223572
9.224571,0.005441822,6.047562
9.242661,0.005458608,6.027939
9.257884,0.005527753,5.927727
9.275584,0.004284557,3.846245
9.332108,0.004106581,3.804214
9.345547,0.004024498,3.765831
9.359644,0.004207827,4.050011
9.377576,0.003666259,3.589836
9.408819,0.003772866,3.723816
9.421867,0.003689557,3.874115
9.463461,0.002850477,3.042076
9.476162,0.002713773,2.938393
9.489618,0.002354193,2.358261
9.504683,0.001848917,1.70314
9.518695,0.00256215,2.28463
9.532752,0.002142195,2.179039
9.546069,0.002243724,1.796272
9.560735,0.002201453,2.008652
9.57947,0.002041936,1.520393
9.593312,0.001538098,1.71904
9.608174,0.001921996,1.817047
9.622608,0.002207987,2.120445
9.637547,0.002068818,2.108719
9.652247,0.002090566,2.023392
9.667454,0.002198312,1.947128
9.682296,0.002550609,1.995361
9.696437,0.002571408,2.050659
9.710365,0.002531085,2.090446
9.724297,0.002376597,2.060699
9.737621,0.002354182,2.068878
9.751669,0.00194025,1.846039
9.766826,0.002923574,1.359924
9.789474,0.002580676,1.371559
9.804202,0.002792489,1.262314
9.820048,0.002927091,1.42749
9.835491,0.002831094,1.444168
9.849688,0.003103673,1.409195
9.863687,0.002879675,1.271584
9.87733,0.002456326,0.961998
9.892039,0.002668802,1.008873
9.907241,0.00299295,1.263229
9.922189,0.002636697,1.3283
9.93629,0.002756774,1.205971
9.951426,0.002746947,1.224922
9.965357,0.002650615,1.18251
9.979963,0.00245003,0.9577942
9.998728,0.002228703,0.4455719
10.01292,0.002117261,0.0324173
10.02819,0.001808915,0.102829
10.06765,0.001338679,0.2360382
10.1015,0.00136723,0.3508682
10.11454,0.001235407,0.5040436
10.12817,0.0009125881,0.8018341
10.14375,0.001212683,0.9359131
10.15779,0.001308437,1.068779
10.17115,0.001576245,0.9020462
10.18571,0.001771543,1.110512
10.20583,0.001210053,0.6578598
10.22065,0.001354303,0.3607788
10.23626,0.001430478,0.03684235
10.26101,0.001418382,0.1465454
10.27466,0.001731534,0.291214
10.29429,0.001918353,0.1808472
10.30927,0.002161063,0.1694412
10.32506,0.002280708,0.3116608
10.3406,0.001928255,0.0306778
10.35508,0.001652699,0.2355576
10.36831,0.001372546,0.2988052
10.38359,0.001330238,0.5514221
10.39802,0.001719717,0.3689194
10.41605,0.001650374,0.4305878
10.43016,0.001747791,0.08130646
10.44513,0.001700483,0.04711151
10.46098,0.001407012,0.2031021
10.47774,0.001414459,0.2995453
10.49228,0.001450092,0.6847229
10.50642,0.001535431,0.7724075
10.52094,0.001638267,0.9358521
10.53558,0.001601331,0.9224167
10.55024,0.001105335,1.814011
10.60004,0.001076002,1.81411
10.61618,0.00139204,1.384956
10.6294,0.00106287,1.74704
10.64329,0.001343872,1.530289
10.65779,0.001286481,1.622437
10.6737,0.001832575,1.695023
10.68682,0.002024747,1.967926
10.70352,0.00201859,1.84269
10.71804,0.002164003,1.893059
10.73232,0.002369594,1.945557
10.74619,0.002661221,1.881523
10.76098,0.002808969,2.021477
10.77527,0.002768982,2.056862
10.79286,0.002689164,2.051552
10.80688,0.002884541,2.014786
10.82762,0.003210217,1.74221
10.84293,0.003258776,1.503433
10.85777,0.003373519,1.384331
10.87171,0.003225822,1.278473
10.88696,0.003625542,1.010025
10.90149,0.003981087,1.001877
10.9154,0.0044946,0.08600616
10.92864,0.004669629,0.05477905
10.94304,0.004750572,0.4136353
10.95613,0.004949875,0.7167892
10.97117,0.004385546,0.7388153
10.98522,0.004028805,0.6152344
11.00151,0.004455697,0.6084366
11.01509,0.003709678,0.3837814
11.03361,0.004149795,0.3092804
11.04888,0.004047021,0.3503036
11.06585,0.003604054,0.3437653
11.08361,0.00304281,0.5017548
11.09832,0.002920616,0.42173
11.11182,0.003316689,0.1506958
11.12535,0.003568586,0.423439
11.13932,0.003695503,0.5052948
11.15426,0.003756039,0.6460876
11.16802,0.003647201,0.6850052
11.18221,0.003313068,0.5075836
11.19573,0.003196824,0.3666382
11.20933,0.003217991,0.4442978
11.22399,0.003514964,0.645668
11.26223,0.003808808,0.6902008
11.2773,0.003456097,1.67482
11.29489,0.003080506,2.109947
11.31031,0.002921905,1.963928
11.32587,0.002983458,2.398788
11.34433,0.003826745,1.955421
11.35876,0.002756972,2.252441
11.37639,0.002852015,2.447426
11.39005,0.002694167,2.721489
11.40437,0.003067225,2.51619
11.41925,0.002791908,2.64325
11.43284,0.002191398,2.24276
11.45183,0.002088822,1.757408
11.4652,0.001781978,1.691071
11.47956,0.002438962,1.839409
11.49453,0.002578534,1.905869
11.50869,0.002541605,2.000565
11.52357,0.002123121,2.117592
11.53758,0.001888022,2.058609
11.5509,0.001629613,1.69117
11.56621,0.00166009,1.596092
11.58054,0.001843646,1.386475
11.59524,0.001884446,0.5908585
11.60825,0.001092356,0.2842407
11.62344,0.001085848,0.5204086
11.63933,0.0009358451,0.6138611
11.65906,0.001200218,0.5580597
11.67513,0.001725353,1.019638
11.68957,0.002071071,1.272987
11.70417,0.002698742,1.942017
11.71882,0.002910279,2.525703
11.73377,0.003187478,2.530258
11.74808,0.002664968,2.721588
11.76182,0.002736129,2.65995
11.7762,0.002793442,2.648788
11.79204,0.003009178,2.900909
11.80557,0.00288251,2.965202
11.82087,0.002862386,3.098076
11.83641,0.002919745,3.118507
11.85128,0.003315408,3.282593
11.86957,0.002980262,3.46402
11.88255,0.002980195,3.294456
11.89734,0.003017988,3.214294
11.91168,0.003122002,3.141571
11.92533,0.003143277,3.168678
11.94001,0.002986893,3.195869
11.95305,0.002911348,3.328842
11.9674,0.002929531,3.230713
11.983,0.002927132,3.181625
11.99833,0.003265124,3.13958
12.01436,0.003636178,2.589867
12.02814,0.002531495,3.267738
12.0416,0.002959669,2.605141
12.05535,0.002854854,2.607368
12.07482,0.002931379,2.336029
12.08908,0.002693933,2.601387
12.10399,0.00251719,2.71434
12.12028,0.002621263,2.730003
12.13383,0.002373107,2.697502
12.1484,0.002621572,2.619827
12.16228,0.002622545,2.167366
12.17628,0.002436467,1.771645
12.18893,0.001930255,1.79911
12.20312,0.001678839,1.743858
12.219,0.001753617,1.831955
12.23373,0.001980484,1.995033
12.24778,0.001995627,1.917931
12.2627,0.001967832,2.18454
12.28209,0.001570202,1.937935
12.30154,0.001403499,1.587578
12.31852,0.001332439,1.407028
12.33354,0.001506962,1.156219
12.34966,0.001551975,1.020897
12.36469,0.001429096,1.074799
12.38105,0.001598887,1.315315
12.40171,0.001273815,1.259056
12.41782,0.0005123056,1.316322
12.43519,0.0004495792,1.029221
12.45298,0.000626497,0.7221146
12.46955,0.0004605539,1.470711
12.49233,0.0004981384,2.094307
12.51009,1.873448E-05,1.878418
12.52425,0.0001497045,2.246201
12.53916,5.266815E-05,2.199249
12.55314,0.0001368225,2.064011
12.56788,0.0002516396,2.338821
12.58251,0.000145182,2.458389
12.59689,2.983958E-06,2.750427
12.61097,0.0002524778,2.48774
12.62544,0.0002464093,2.356743
12.64028,0.0003004298,2.257835
12.65391,0.0004132278,2.27961
12.66751,0.0005176179,2.222221
12.6829,0.0007662065,2.043488
12.70631,0.001878481,2.013603
12.71939,0.001166113,1.991417
12.73367,0.001210012,1.268517
12.74816,0.002304338,1.775993
12.76502,0.00155066,1.587746
12.78102,0.001145329,1.952034
12.79792,0.001445353,2.09845
12.81553,0.00140436,1.60627
12.83133,0.001006853,1.710297
12.84891,0.0008874312,1.91774
12.87144,0.0005430281,2.196045
12.89189,0.0008913316,2.097557
12.91571,2.139807E-05,1.549911
12.92838,0.0006472766,1.577919
12.94335,0.0003750883,1.389587
12.95704,0.0002697669,1.264412
12.97163,0.0001395978,1.16819
12.98454,6.41495E-06,0.9481125
12.99981,8.733198E-05,0.9261703
13.01356,0.000490617,0.9411545
13.02803,0.000250522,0.9398575
13.04321,0.0005198792,0.5286789
13.05691,0.0005101711,0.4070358
13.07134,0.0004762039,0.1271439
13.08869,8.355826E-06,0.1563568
13.10384,0.0001828112,0.1373291
13.12363,0.0004766062,0.3439713
13.1435,0.00079019,0.3891678
13.15688,0.0008579902,0.4500504
13.17397,0.0006195493,0.6276855
13.18946,0.00128999,0.9455872
13.20387,0.002766114,1.885147
13.22096,0.001835998,1.510925
13.23958,0.003227804,1.460197
13.25452,0.003720075,1.275757
13.27119,0.004470591,1.944908
13.28749,0.004014444,1.529289
13.30581,0.003601044,2.057594
13.33391,0.003536254,2.217293
13.34974,0.003520925,2.525917
13.36516,0.003484473,2.590958
13.38025,0.003474295,2.843735
13.39469,0.00346325,3.048027
13.40767,0.003470786,3.189575
13.42196,0.003637936,3.467865
13.43601,0.003244672,3.495789
13.44973,0.004101932,3.420074
13.46409,0.003961772,3.74955
13.47813,0.004565008,4.998276
13.49787,0.004236486,4.550079
13.52265,0.003633264,4.195847
13.54081,0.004867587,4.73941
13.55609,0.004671149,4.963333
13.57072,0.004522722,5.484688
13.58744,0.004212067,6.067497
13.60155,0.005641997,5.756683
13.61703,0.005439948,5.733902
13.63102,0.005555354,5.717079
13.6456,0.006158464,6.147995
13.65997,0.006160874,6.128838
13.6744,0.006085079,6.292183
13.68804,0.005984772,6.466797
13.70128,0.005714707,6.814316
13.71623,0.00348077,5.857147
13.73048,0.005003259,6.556389
13.75085,0.004786581,6.962219
13.76979,0.004794799,7.396881
13.78877,0.004717954,7.581932
13.80458,0.00477251,7.800308
13.82245,0.00497226,7.833969
13.84177,0.004581288,7.996117
13.85903,0.00388841,7.799042
13.8769,0.003439419,7.46299
13.90206,0.004645266,7.146584
13.91395,0.004464839,7.108246
13.92829,0.004252858,6.000816
13.94293,0.005743243,5.248657
13.98623,0.00643716,5.491928
13.99955,0.007363871,4.48568
14.01392,0.005975239,4.221474
14.02872,0.00691542,4.297081
14.04373,0.006268706,3.884201
14.05743,0.006677847,3.547981
14.07288,0.006343614,3.56501
14.08634,0.006430738,3.729492
14.10233,0.006530538,4.045166
14.11669,0.006110504,3.771202
14.13135,0.006130163,4.227997
14.14539,0.005836017,4.237663
14.16505,0.005316582,4.461838
14.17945,0.005060099,4.513298
14.19497,0.004338238,4.254478
14.2093,0.005457975,3.673058
14.22346,0.004907712,4.347038
14.23772,0.004027624,3.335632
14.25288,0.003863569,3.95929
14.26594,0.002259899,2.563263
14.28094,0.002658635,3.750748
14.32613,0.002385858,4.053909
14.33991,0.00109553,2.776497
14.35369,0.0004897378,3.122169
14.37405,0.0004974045,3.310905
14.3906,0.0001603514,3.191795
14.40519,9.444728E-05,3.265465
14.41986,0.0009606071,2.60202
14.43351,0.0005518273,2.979713
14.44718,0.0007870793,3.167656
14.46183,0.002008744,3.424408
14.51331,0.002981428,3.262535
14.52912,0.002873786,3.358932
14.54361,0.003315412,3.438339
14.56136,0.00373869,3.586327
14.58682,0.004094772,4.556671
14.60157,0.004516441,4.331413
14.61961,0.004793603,3.620789
14.63659,0.006162077,2.780563
14.64984,0.006861079,2.578224
14.66974,0.005488284,3.120285
14.68442,0.005949188,2.734787
14.69955,0.005609483,2.907013
14.71384,0.00573783,2.780014
14.72816,0.005872671,2.590393
14.74299,0.00532468,2.499794
14.75702,0.005129099,2.410255
14.77131,0.004813708,2.346107
14.78988,0.004658308,2.337189
14.80514,0.004261963,2.467911
14.81984,0.003719185,2.699249
14.83481,0.003376041,2.732422
14.85297,0.002791099,2.85952
14.8664,0.002659593,2.942596
14.88277,0.002648231,2.826996
14.89821,0.002769921,2.623344
14.91224,0.002508346,2.840492
14.92625,0.002483703,2.76606
14.94125,0.002324156,3.074837
14.95526,0.002218243,3.159821
14.96819,0.002057668,3.407372
14.98259,0.001733892,3.668968
15.00408,0.001133207,2.89933
15.01785,0.001103405,2.687378
15.03458,0.0004912689,3.102837
15.04932,8.666143E-05,3.501373
15.06504,0.000316117,3.119621
15.08001,0.0004377104,2.311859
15.09422,0.001514375,2.987457
15.10905,0.001997687,3.303261
15.12666,0.002720322,2.82354
15.14082,0.003119688,2.941154
15.15441,0.003670447,3.795761
15.16717,0.00390026,3.215256
15.18167,0.004426625,3.723877
15.19599,0.004869025,3.723022
15.21439,0.005382355,4.560402
15.2289,0.005589209,4.548996
15.24338,0.005985618,5.099739
15.25901,0.006241761,5.139687
15.27492,0.00652856,5.325386
15.28834,0.006984737,6.41433
15.30213,0.007342145,5.328682
15.31602,0.008767277,5.419029
15.33309,0.009096481,4.896866
15.34926,0.01014356,4.096153
15.36423,0.01114213,4.479034
15.3825,0.01171924,5.20768
15.39846,0.01217045,4.041641
15.41886,0.01267183,4.419434
15.43182,0.01308203,4.543289
15.4459,0.01323736,4.817261
15.46253,0.01368158,5.03492
15.479,0.01356719,4.858612
15.49689,0.01391067,4.861511
15.5126,0.0142008,4.578194
15.52847,0.01440719,4.856606
15.54462,0.01471954,5.735161
15.5624,0.01468704,6.832405
15.57932,0.01448828,6.671661
15.59808,0.01441352,6.956673
15.61442,0.01432741,8.602058
15.63902,0.01443371,9.407829
15.65217,0.01462285,10.03072
15.66717,0.01472452,9.736107
15.68277,0.01454088,10.72372
15.69647,0.01446625,11.7101
15.71199,0.01452613,12.12194
15.7258,0.01452743,13.17371
15.7403,0.0142232,10.22574
15.75454,0.01408849,14.07787
15.76839,0.01350216,14.48946
15.782,0.0137563,14.80116
15.79743,0.0137006,15.29987
15.81094,0.01391073,17.01734
15.82534,0.01341556,22.04339
15.88901,0.01281166,22.64274
15.90309,0.01243786,23.06067
15.91624,0.01226697,23.20197
15.93087,0.01188967,23.41241
15.94755,0.01157207,23.51366
15.96203,0.0112987,23.83163
15.97684,0.01109888,23.97701
15.99075,0.01074124,24.50346
16.00514,0.01036866,25.03715
16.02042,0.009997968,25.23506
16.03474,0.009799656,25.22174
16.05457,0.009864699,25.33887
16.06918,0.009762969,24.35941
16.08372,0.008472029,25.23521
16.10043,0.008914985,25.53272
16.11505,0.008243363,25.56052
16.12804,0.008357931,26.2128
16.14213,0.008732997,26.87446
16.15585,0.008804157,27.35374
16.17109,0.007636774,28.54465
16.18394,0.008496791,29.1172
16.19871,0.008309446,29.44044
16.21343,0.008406665,29.66252
16.22788,0.008193713,29.65742
16.24215,0.008005209,29.68694
16.2627,0.00806661,29.71983
16.27552,0.008084375,29.77368
16.29044,0.007892773,30.0048
16.30526,0.007788803,30.14028
16.31858,0.007517666,30.22726
16.33645,0.007464088,30.29121
16.35173,0.007196516,30.28007
16.36646,0.007242355,29.41978
16.38153,0.007056713,29.59231
16.39834,0.007245455,29.94115
16.41795,0.006862439,29.20172
16.4334,0.00674412,30.19695
16.44722,0.006961107,29.2895
16.46737,0.007033814,29.48325
16.48127,0.006281614,29.95724
16.49595,0.005974825,30.05559
16.51204,0.005599666,30.35444
16.52706,0.005261809,30.12994
16.54091,0.004982132,30.25533
16.5548,0.005661767,30.35594
16.56939,0.005293868,28.93906
16.58254,0.004943658,28.39229
16.59744,0.004589349,28.27986
16.61471,0.004299451,28.67561
16.63177,0.004448991,29.39658
16.64861,0.004676562,29.42529
16.67389,0.004269395,30.0405
16.68965,0.003768213,30.24602
16.71095,0.002997555,30.53735
16.72667,0.003430042,30.31374
16.7418,0.003257904,30.02648
16.75821,0.004162077,29.58316
16.77518,0.004226215,28.42915
16.78801,0.004075434,28.28419
16.80214,0.003405027,28.49258
16.81651,0.002915733,28.61815
16.83298,0.002872191,28.87238
16.84988,0.003258798,29.94958
16.86916,0.003466323,30.1125
16.88537,0.003446456,30.43941
16.89977,0.003157184,31.04823
16.91695,0.003119707,30.7969
16.9314,0.002731889,31.05061
16.94622,0.002627589,31.18862
16.96108,0.002409805,31.5717
16.9739,0.001955766,31.20116
16.9887,0.00212742,32.46017
17.00241,0.001703802,33.0534
17.01629,0.001687732,33.38149
17.03296,0.001684371,33.91327
17.04974,0.001655191,34.24848
17.06409,0.001415696,35.41235
17.10435,0.0006967895,36.43314
17.11746,0.0005778298,36.59218
17.13092,2.700835E-06,37.71457
17.14656,0.001041267,39.10269
17.16288,2.742186E-05,38.75461
17.1771,0.001965474,40.32953
17.19119,0.002239525,38.9351
17.20601,0.002852406,38.57408
17.22023,0.003429115,39.25458
17.23331,0.003305253,40.40945
17.24665,0.002785273,41.48666
17.2624,0.002663299,43.11864
17.27654,0.003039278,43.51506
17.29529,0.002075348,43.89647
17.31089,0.002650313,44.56003
17.32711,0.003193915,45.36043
17.34518,0.003359176,46.25545
17.36213,0.003395382,46.81084
17.37602,0.003661931,47.29668
17.3914,0.01122292,32.29764
17.40584,0.01147278,32.14779
17.42251,0.003609933,48.56982
17.44149,0.002885204,48.90063
17.45474,0.002694063,49.15811
17.46962,0.002691168,49.47174
17.48407,0.003064223,50.51945
17.50399,0.002375405,51.81531
17.51791,0.002258975,51.98328
17.53383,0.01162409,31.07463
17.54767,0.001473788,52.78816
17.5627,0.003008824,54.47064
17.57678,0.002928682,53.37103
17.59108,0.0111399,30.50025
17.60537,0.005350217,54.09444
17.61987,0.004288916,54.08456
17.63682,0.004650131,53.3476
17.65067,0.004117247,53.33347
17.66534,0.003972333,53.88759
17.67978,0.005243093,54.04671
17.72832,0.005095076,53.97104
17.75102,0.01033109,29.56869
17.76348,0.01028115,29.42845
17.77827,0.01025419,29.44555
17.79404,0.009916693,29.3359
17.80825,0.003660493,54.03403
17.82501,0.00342311,54.0889
17.84014,0.002798151,54.31061
17.85471,0.008655554,29.05194
17.86905,0.007922191,28.77246
17.88376,0.008275097,28.8112
17.89899,0.007186223,28.65749
17.9138,0.006373205,28.52587
17.9333,0.00594163,28.33114
17.95421,0.00331087,28.00016
17.96948,0.00394326,27.75524
17.98372,0.003436647,27.82771
18.00145,0.003451421,27.67097
18.01664,0.003364904,27.70588
18.0303,0.002282213,27.51027
18.04553,0.001654514,27.49773
18.05936,0.001758086,27.43005
18.07369,0.002070858,27.22738
18.08763,0.002871536,27.26127
18.10205,0.003570367,26.99017
18.11552,0.003650517,26.90225
18.1299,0.003682071,26.86058
18.14338,0.003712477,26.87547
18.16147,0.004434153,26.87233
18.17695,0.004679101,26.80072
18.19236,0.005347273,26.61313
18.20753,0.005635816,26.52547
18.22254,0.005928326,26.44526
18.23536,0.005874778,26.44203
18.24915,0.006074038,26.38522
18.26294,0.006622103,26.61472
18.27827,0.00863116,26.17266
18.32145,0.008520832,26.09344
18.33468,0.008568003,25.99014
18.35388,0.009526401,25.99284
18.37401,0.01007393,25.89316
18.3875,0.01113351,25.71068
18.40257,0.01175945,25.51303
18.41673,0.01193399,25.2764
18.43171,0.01250208,25.32221
18.44777,0.01331685,25.11062
18.46664,0.01373075,25.04246
18.48131,0.01385993,24.77915
18.49559,0.01420046,24.66441
18.51007,0.01435803,24.44486
18.526,0.01432478,24.35149
18.54037,0.01463943,24.18846
18.55469,0.01471337,24.10851
18.57409,0.01525161,23.98358
18.59004,0.01565876,23.94171
18.60317,0.01585681,23.60018
18.62333,0.0173266,23.40619
18.63692,0.01770488,23.21282
18.65053,0.01950699,22.96507
18.66828,0.01930418,22.9424
18.68225,0.01978574,22.6341
18.69562,0.01988891,22.58334
18.70983,0.0199831,22.43861
18.72337,0.02009058,22.38621
18.73805,0.02017944,22.26058
18.75243,0.02074261,22.06996
18.76636,0.02107287,21.8171
18.78567,0.02176557,21.51343
18.80578,0.0218241,21.00833
18.81975,0.02200181,21.06941
18.83385,0.02172416,21.08115
18.84788,0.02174129,21.05413
18.86222,0.021714,20.85541
18.87647,0.02166009,20.69757
18.89139,0.02157989,20.34995
18.90606,0.02156767,20.19862
18.92044,0.02136902,19.94088
18.93526,0.02118628,19.80742
18.94934,0.02118832,19.46679
18.96337,0.02034869,19.32132
18.98127,0.02058199,19.64899
19.00098,0.01988931,18.35463
19.0137,0.02021155,18.77376
19.02936,0.01947534,18.39739
19.04459,0.01894776,17.98497
19.05947,0.01923738,17.48057
19.07263,0.01831711,17.70902
19.08778,0.017893,17.74328
19.10246,0.01666591,17.50995
19.11588,0.01645716,17.33889
19.13042,0.01546926,17.1347
19.14495,0.01507409,16.94991
19.16036,0.01497185,16.82234
19.17489,0.01450373,16.64045
19.18987,0.01439365,16.51413
19.20818,0.01377365,16.31689
19.2218,0.01306581,16.25324
19.23612,0.01281794,16.18067
19.24945,0.01228785,16.04729
19.26328,0.01199431,16.09343
19.27891,0.01192897,16.04892
19.29437,0.01134391,15.86958
19.30843,0.01139256,15.83966
19.32372,0.01049058,15.71229
19.33762,0.00865245,15.4226
19.35514,0.00840092,15.35285
19.37183,0.008972864,15.41555
19.38552,0.008376185,15.2625
19.40027,0.008085665,15.18177
19.41913,0.007352141,15.05369
19.4339,0.006014172,15.10194
19.51004,0.005584651,14.96545
19.52296,0.005226733,14.70988
19.5382,0.005127504,14.55557
19.55235,0.005065315,14.53247
19.56707,0.005340294,14.49819
19.58068,0.005134868,14.2264
19.6041,0.005066928,13.9154
19.62304,0.005006663,13.8136
19.63638,0.004945543,13.75115
19.65092,0.004757964,13.6183
19.66603,0.004677455,13.61078
19.6817,0.004700643,13.51819
19.69709,0.004747422,13.30493
19.71097,0.004890524,12.67375
19.72658,0.005094411,12.38888
19.74372,0.004897953,12.33096
19.75929,0.004841666,12.41476
19.77261,0.004586978,12.51043
19.78687,0.004328213,12.18143
19.80107,0.004552481,12.35717
19.81465,0.004263663,12.20962
19.83474,0.004271806,11.9488
19.84747,0.004213756,11.71738
19.86242,0.004201632,12.35662
19.88148,0.004477894,11.56472
19.8957,0.00464965,11.42051
19.91199,0.005277922,11.24603
19.9275,0.005234173,11.21561
19.94383,0.005558415,11.03694
19.95684,0.005565909,10.93484
19.97637,0.005549965,10.57678
19.99546,0.005862904,10.15141
20.01435,0.006780331,9.984282
20.08426,0.00669746,9.616788
20.10791,0.007591843,8.788943
20.12327,0.007970711,8.760871
20.13939,0.007625228,9.372322
20.15594,0.004926208,22.28691
20.22595,0.004945807,23.01897
20.24361,0.004936058,23.40878
20.25847,0.004835173,23.0304
20.29538,0.005023476,20.328
20.31626,0.004950747,21.29458
20.33551,0.00502298,20.54264
20.35441,0.004918691,19.78066
20.37237,0.004486673,19.27819
20.38575,0.00429197,18.75002
20.40063,0.004348017,18.57391
20.41405,0.004600421,17.18901
20.42887,0.004638337,16.20871
20.44567,0.00459132,15.32279
20.46154,0.004352875,15.07104
20.47519,0.004182462,13.75632
20.4917,0.004002813,12.02034
20.50734,0.004184954,13.41431
20.52606,0.004063249,12.43086
20.54193,0.004044864,12.1916
20.55649,0.003971469,10.70608
20.57093,0.003868777,10.39677
20.58576,0.003797948,10.24131
20.60029,0.003627617,9.639397
20.61461,0.003561579,9.303398
20.62811,0.003535319,9.271477
20.64285,0.003445473,9.175301
20.65679,0.003660787,9.445152
20.67087,0.003824439,8.721832
20.68657,0.003982663,8.498772
20.70094,0.004281584,8.637085
20.71492,0.004358649,8.743225
20.73395,0.004349463,8.609489
20.74974,0.004140329,8.555351
20.76394,0.003736176,8.484177
20.7784,0.003621064,8.511536
20.79347,0.00378352,8.284958
20.80729,0.003895294,8.41835
20.82205,0.004355263,10.22162
20.83628,0.004418764,10.11987
20.85124,0.00464889,10.08871
20.86649,0.005104952,10.39127
20.88019,0.005027331,9.547401
20.89547,0.005683027,9.331833
20.90987,0.005718261,7.481384
20.92638,0.006085306,7.78685
20.94602,0.006624818,8.877861
20.95926,0.006801173,7.99794
20.97925,0.007776916,8.119995
20.99466,0.008156255,8.171349
21.01002,0.008513905,8.595535
21.02511,0.008848161,8.952728
21.03842,0.009142663,8.955894
21.05257,0.008748431,9.220749
21.06545,0.008572601,9.372101
21.07963,0.008631881,9.511803
21.09408,0.008126456,9.856461
21.10659,0.008067168,10.09264
21.12167,0.007993575,10.71188
21.13627,0.007960096,11.0975
21.15866,0.008246921,11.04553
21.17237,0.00836017,11.01748
21.18745,0.008905694,10.39891
21.20251,0.008824427,10.96925
21.21946,0.009816296,11.8993
21.25762,0.009977069,12.52594
21.2715,0.009630069,10.6657
21.28583,0.009600725,11.11252
21.29951,0.00974093,10.8044
21.31416,0.009952232,10.88952
21.32861,0.01003765,10.06981
21.34386,0.01029973,10.63023
21.36413,0.01004949,10.30083
21.38093,0.009623464,10.17057
21.39708,0.009713154,9.982292
21.41077,0.009819485,10.13982
21.42548,0.009823989,10.0652
21.43901,0.01000031,9.87693
21.45393,0.009738307,9.859505
21.46928,0.009318359,9.64489
21.48644,0.008988645,9.9338
21.50149,0.008290183,9.764572
21.51834,0.007950243,8.649223
21.53582,0.00795551,8.311195
21.54994,0.008203737,7.532692
21.56808,0.008125201,6.826866
21.58436,0.008410845,6.786758
21.59939,0.009747241,6.618401
21.61404,0.008825298,5.436653
21.62751,0.009292483,3.878136
21.64278,0.009170398,4.005821
21.65687,0.009532742,3.781349
21.67148,0.009995405,3.568665
21.68582,0.01061195,3.337105
21.7002,0.01122176,2.802727
21.71325,0.01098737,3.09996
21.72618,0.0111387,2.809456
21.74111,0.01078913,2.926674
21.75532,0.01084627,2.989502
21.77446,0.01124386,2.606865
21.79035,0.0111005,2.77951
21.80401,0.01088439,2.600342
21.81919,0.01100443,2.077904
21.83304,0.01045855,2.138184
21.84796,0.01119925,2.223221
21.86174,0.01073276,1.993279
21.87582,0.01138282,2.171967
21.89089,0.01116334,1.272339
21.90495,0.01224782,1.351669
21.91956,0.01269099,1.581863
21.93448,0.0125246,0.9159393
21.95005,0.0133501,0.6675491
21.9651,0.01232096,0.637886
21.9836,0.01291202,0.4213715
21.99698,0.01272302,0.7912292
22.01426,0.01250717,0.80336
22.02872,0.01267427,0.4564438
22.04761,0.01342713,0.1377869
22.06999,0.0132974,0.4054413
22.08336,0.01407278,0.5418625
22.09737,0.01396995,1.666718
22.11128,0.01413684,1.427711
22.12636,0.01416382,2.056778
22.14154,0.01420345,1.461868
22.15453,0.01406816,1.448631
22.16852,0.01547588,1.420326
22.18771,0.01399526,0.1509857
22.20106,0.01322709,0.6904907
22.21591,0.01288009,1.077858
22.22934,0.01340496,1.09655
22.24329,0.01288268,0.6741562
22.25848,0.01422194,0.9232941
22.27257,0.01394479,0.118866
22.28679,0.01410473,0.8823318
22.3021,0.01367011,0.1279221
22.3377,0.01424988,0.5569077
22.35038,0.01443094,0.9648056
22.36436,0.01439923,0.9364395
22.38035,0.0141325,0.614975
22.40211,0.01372391,0.456604
22.41633,0.01339195,0.8838348
22.4303,0.01344515,0.8444366
22.44563,0.01350127,1.069084
22.46022,0.01348568,1.185143
22.47582,0.01324986,1.18602
22.49063,0.01291322,1.135109
22.5042,0.01276061,1.510536
22.52066,0.01238498,0.5738907
22.53577,0.0122905,0.3045273
22.55191,0.01232151,0.2931824
22.56485,0.01236432,0.3136063
22.57954,0.01234388,0.3065186
22.59428,0.01196659,0.9112167
22.61383,0.01175359,0.05458069
22.62928,0.01142143,0.07157898
22.64398,0.01114626,0.1730194
22.65853,0.0110327,0.3019028
22.67277,0.01089336,0.2625504
22.6864,0.01117275,0.3427811
22.70199,0.01087365,0.47789
22.71757,0.01108219,0.01069641
22.73269,0.01060177,0.9322586
22.74781,0.01054544,0.5148087
22.76231,0.01040443,0.8816299
22.77658,0.01045285,1.10878
22.79126,0.009644214,0.875061
22.85328,0.009520344,1.101959
22.86998,0.009655807,1.070015
22.88303,0.009736534,1.343727
22.89732,0.009982467,1.673126
22.91332,0.01036913,1.567505
22.92769,0.01050261,1.560852
22.94395,0.01058188,1.418022
22.95898,0.01053924,1.538879
22.97293,0.01018398,1.963799
22.98746,0.009828571,1.652687
23.00371,0.009207323,1.449936
23.01926,0.00897605,1.418045
23.03322,0.009775337,1.187325
23.04741,0.009394422,0.2046661
23.062,0.01011875,0.01473236
23.08024,0.01099773,0.164711
23.09474,0.01122512,0.2565765
23.10862,0.00993678,0.7090607
23.12411,0.01053914,1.869827
23.14445,0.01073302,2.710464
23.15764,0.01212014,1.851929
23.17229,0.01232862,2.229462
23.18729,0.0128499,2.247787
23.20117,0.01284234,3.003563
23.24183,0.01308044,3.277962
23.25335,0.01347385,3.427834
23.26662,0.01355591,3.346199
23.28454,0.01340355,3.431358
23.29928,0.01318677,3.481979
23.31256,0.01276591,3.556183
23.32723,0.0126842,3.653702
23.34335,0.01258106,3.302643
23.35765,0.01268956,3.190659
23.37381,0.01306798,3.122749
23.39064,0.01331169,2.75882
23.40997,0.013269,2.82045
23.42496,0.01289683,3.310555
23.44096,0.01309799,3.573853
23.45527,0.01292022,4.609795
23.46989,0.01248699,4.651619
23.48956,0.01305469,4.389084
23.50348,0.01303509,4.525627
23.51932,0.01245598,5.271645
23.53399,0.01241417,5.005508
23.54801,0.01240829,4.96122
23.56455,0.01244728,4.852257
23.57957,0.01250141,5.363571
23.59437,0.01293167,5.191505
23.60945,0.01329218,5.236618
23.62341,0.01359206,5.523613
23.63916,0.01353063,5.358917
23.65323,0.01361103,5.408844
23.66642,0.01367845,5.390892
23.6812,0.01392288,5.237419
23.70148,0.01404631,5.040009
23.71637,0.01366902,5.260162
23.73105,0.01382491,4.708923
23.74815,0.01356477,4.258186
23.76238,0.01360241,4.646072
23.7769,0.01382805,4.869324
23.79352,0.01434977,6.304825
23.80891,0.01367035,6.408012
23.82385,0.01494364,7.507095
23.8397,0.0138023,6.990501
23.85375,0.01384937,7.148918
23.86864,0.01405216,8.119392
23.88223,0.01354982,8.040314
23.90042,0.01350188,8.364395
23.91442,0.01347706,8.201935
23.92879,0.01347363,8.421852
23.94347,0.0127619,7.759918
23.95951,0.01238319,8.383125
23.97339,0.01220267,7.899437
23.9872,0.01144058,9.117226
24.00422,0.01215719,8.611
24.01737,0.01223445,8.528595
24.032,0.01220945,8.108208
24.04704,0.01194506,8.019806
24.06145,0.01046171,7.974655
24.07679,0.01101528,7.86837
24.09114,0.01128246,8.045929
24.11085,0.01100186,8.213226
24.12535,0.01046931,9.852173
24.14082,0.01014162,9.287933
24.15575,0.007959399,8.384392
24.17084,0.009095758,8.609871
24.19011,0.009377934,8.905434
24.20352,0.009542175,8.635231
24.21796,0.009110767,8.624039
24.23138,0.009139195,8.330734
24.24464,0.009124048,8.449303
24.25804,0.008757774,8.472778
24.27301,0.008074988,8.239082
24.28697,0.006586142,8.687538
24.30129,0.007704601,8.423027
24.31984,0.00720958,8.627792
24.33285,0.007883735,8.468315
24.34829,0.007699106,8.307571
24.36483,0.007496957,7.819946
24.37966,0.007338926,7.653763
24.3937,0.007383373,7.36322
24.42395,0.008106358,7.053329
24.43696,0.008117955,7.093277
24.45073,0.008282758,6.346809
24.46453,0.007648066,5.958618
24.47967,0.008311082,5.948555
24.49454,0.008865919,5.428062
24.51222,0.008755837,5.333946
24.53575,0.009500489,4.71537
24.55019,0.01039799,4.849091
24.56426,0.0107297,4.103157
24.57785,0.009803366,4.104767
24.59971,0.01058308,3.932327
24.61439,0.01042445,4.213936
24.62795,0.01078434,4.427025
24.64223,0.01079426,4.125854
24.65661,0.009214029,4.888748
24.6712,0.0114018,5.18132
24.6863,0.01145455,5.051559
24.70084,0.01188917,5.273659
24.71425,0.01240435,5.958511
24.73365,0.01381782,7.118141
24.74947,0.01400091,6.224098
24.76467,0.01436841,6.186378
24.77864,0.01445067,5.819962
24.7931,0.01433539,5.23616
24.8071,0.01427902,5.027832
24.8224,0.01453277,4.870239
24.83571,0.01607526,5.663986
24.85046,0.01536208,5.368622
24.86484,0.01608738,6.752884
24.8792,0.01612014,6.646965
24.8926,0.01679131,8.546844
24.90647,0.0180017,9.887947
24.92171,0.01643788,8.730782
24.9401,0.01549518,9.402481
24.957,0.01626991,10.90595
24.97918,0.01739432,11.488
24.99189,0.01709056,12.43099
25.00995,0.01729523,11.66488
25.02458,0.01731244,12.61468
25.04082,0.01769178,11.45875
25.05377,0.01786415,11.36898
25.06841,0.01784538,11.86475
25.08342,0.01760249,10.68774
25.09695,0.01764194,10.93659
25.11181,0.01589847,7.345367
25.16193,0.01472338,7.518135
25.19869,0.01429795,5.938461
25.21278,0.01417664,5.974876
25.22557,0.01408048,5.726936
25.24049,0.01379577,5.635231
25.25519,0.01349708,7.136551
25.27456,0.01363127,9.850632
25.28837,0.0128565,14.0841
25.30322,0.01247734,12.14344
25.31828,0.01028948,12.50745
25.33223,0.01066072,10.22329
25.34651,0.009517264,12.09271
25.36154,0.009049002,11.84994
25.38057,0.008740041,11.58916
25.39716,0.00862528,11.56348
25.41558,0.008835282,11.83179
25.42907,0.009443786,11.76707
25.44492,0.008922651,12.25172
25.45859,0.008382436,11.60082
25.47441,0.007386275,10.80794
25.48792,0.0067969,10.86131
25.50199,0.006251354,10.37455
25.51789,0.005804636,10.85304
25.55907,0.005619943,11.04246
25.57268,0.005002815,11.61033
25.59184,0.003692061,11.58955
25.60764,0.004282955,12.18527
25.62514,0.003218018,14.49261
25.70253,0.00258578,14.38129
25.71568,0.002365731,14.19772
25.72916,0.001595378,14.47066
25.74196,0.002066866,14.81574
25.75649,0.001715939,14.89039
25.77124,0.001387019,14.87265
25.78573,0.0001563579,14.84369
25.80395,0.0007810891,14.79609
25.81927,4.895777E-05,14.74383
25.83482,0.0002816245,14.70647
25.84863,0.0005988963,14.72903
25.86255,0.0007947609,14.35036
25.87661,0.0006011762,14.0814
25.89052,0.0001518279,13.45605
25.90421,0.0004059337,13.63885
25.91855,0.0005198866,13.52647
25.93331,0.0002560876,13.59121
25.94807,1.085177E-05,13.56016
25.96222,0.0003736652,13.25267
25.9764,0.001381718,13.01945
25.99983,0.001073133,12.97006
26.04191,0.001284376,13.40408
26.0549,0.001255099,13.53094
26.06842,0.00190179,13.74079
26.08331,0.001640972,13.24707
26.09729,0.00242414,13.17188
26.11345,0.001659486,13.01162
26.12716,0.001861192,13.03394
26.14122,0.003209058,12.69111
26.15614,0.002934903,13.10909
26.17063,0.002662841,13.20847
26.18406,0.002870999,12.97836
26.19841,0.002346195,12.7008
26.21483,0.002425704,12.33601
26.23656,0.002457604,11.92712
26.25328,0.001992602,12.02401
26.26757,0.001654856,12.13141
26.28164,0.001010485,12.58018
26.2959,0.001409899,12.58251
26.31067,0.002252541,12.475
26.32377,0.00106879,13.05333
26.34363,0.001409505,12.16621
26.35616,0.001507342,12.11279
26.37102,0.0007063411,12.47381
26.38451,0.0001909509,12.71622
26.39826,0.00057818,13.14843
26.41211,0.000756193,13.32378
26.43117,0.001009215,13.17735
26.4497,0.00102286,12.60198
26.4645,0.0007526875,12.29475
26.47949,0.0006347485,12.0934
26.49462,0.0005324595,12.13171
26.50873,0.0007061921,12.08804
26.5238,0.0005985014,12.41815
26.53801,0.001136441,12.41544
26.55258,0.001101632,12.18565
26.56696,0.001034964,12.22124
26.58205,0.001347072,11.91765
26.59521,0.001280896,11.73616
26.60795,0.001165602,11.54199
26.6235,0.0009233803,11.24463
26.63951,0.0008153245,10.96461
26.65992,0.0009432472,10.90669
26.67356,0.0008685105,10.69146
26.69717,0.0008047521,10.5603
26.71196,0.002300635,10.21165
26.72689,0.001985006,9.922348
26.74116,0.001680419,9.257225
26.75511,0.001132913,9.211884
26.76916,0.002035812,9.144295
26.78235,0.002674714,9.049721
26.79756,0.002654862,8.681717
26.8114,0.002238847,8.267929
26.82583,0.001938388,7.593758
26.84129,0.001663283,5.766869
26.86111,0.0004191697,5.668427
26.87427,0.0004427172,5.604355
26.89011,0.0009793043,5.789604
26.90549,0.001045547,5.637611
26.92076,0.001088258,5.5718
26.93447,0.0008447357,5.374237
26.94894,0.0006431937,5.081841
26.9629,3.015995E-05,4.588425
26.97639,1.386181E-05,4.398613
26.98925,2.064928E-05,4.323586
27.00625,0.0003787503,4.445946
27.02064,0.001475055,4.806854
27.03498,0.002008833,4.847984
27.04832,0.001594592,4.44603
27.07456,0.0001665428,3.997169
27.08617,8.761138E-05,3.931656
27.10115,0.0006479397,4.177788
27.11716,0.00153783,4.211212
27.13201,0.002350003,4.597641
27.14584,0.002598871,4.60276
27.16021,0.002405301,4.128799
27.17481,0.001292735,4.575386
27.18871,0.00160246,4.541603
27.20451,0.001645554,5.388657
27.21878,0.001945425,5.617706
27.23326,0.003435165,7.386505
27.24758,0.004106577,7.887192
27.26366,0.004127901,8.966476
27.28398,0.004147451,10.13841
27.30314,0.004390325,10.70911
27.31696,0.0044045,10.75503
27.33237,0.004905753,11.10595
27.35042,0.005502172,12.19048
27.36433,0.005610429,12.23013
27.37777,0.004771087,14.84349
27.39238,0.002975918,12.00764
27.40634,0.002735015,14.85075
27.43048,0.002239428,14.01724
27.44457,0.002692174,14.56548
27.45931,0.002863523,17.00744
27.47386,0.003513984,19.37016
27.49406,0.003332369,21.01276
27.50701,0.002338994,22.22767
27.52445,0.002237257,21.62814
27.53916,0.002312902,22.42841
27.55368,0.002047136,23.25716
27.56969,0.002023384,24.04546
27.58408,0.0017667,23.8621
27.59881,0.001667269,24.02828
27.6128,0.0002735108,24.50096
27.62667,0.0004732534,24.57439
27.64269,3.775209E-05,24.08628
27.66007,0.0001773722,23.97202
27.67476,0.0002165511,23.80538
27.6942,5.700067E-05,23.70821
27.70922,5.009025E-05,23.6869
27.72345,0.0003218316,24.10553
27.73978,6.918982E-05,24.2944
27.75515,1.810491E-06,24.55872
27.77086,8.137524E-05,24.74175
27.78421,0.0001145154,24.753
27.79795,5.654991E-06,24.80484
27.81232,0.001656428,23.52415
27.82691,0.001110628,24.63974
27.84168,0.001712862,24.25969
27.8565,0.001590859,24.16664
27.87332,0.0007663108,25.00331
27.88676,0.002034638,25.51033
27.90593,0.001049418,25.67165
27.92135,0.001372483,25.7303
27.93709,0.001664169,25.0382
27.95201,0.001235418,24.83584
27.96693,0.0007819682,25.54607
27.98076,0.0003426038,26.49384
27.99611,0.0007917546,27.03977
28.01239,0.002222314,28.40392
28.02962,0.002327051,28.43461
28.04458,0.002251603,27.81618
28.05835,0.002240706,27.25981
28.07324,0.002675299,26.77026
28.08736,0.002744272,26.60309
28.10613,0.00392041,28.09509
28.11979,0.00456205,28.96356
28.13803,0.005153477,29.57589
28.15628,0.005309682,29.6222
28.17148,0.005865544,30.15479
28.18674,0.006553911,31.24609
28.20118,0.006895434,31.82659
28.21501,0.006821521,32.51107
28.22891,0.007544752,33.53979
28.24323,0.007182986,34.78514
28.25743,0.007049069,34.40011
28.27145,0.00689112,34.2873
28.28498,0.006376307,32.59602
28.29921,0.006455816,32.67349
28.31944,0.006016936,32.06469
28.33283,0.006922621,34.733
28.34806,0.007330183,36.30885
28.36204,0.00748517,36.39397
28.37656,0.007526692,36.30386
28.39132,0.007505924,34.99994
28.40574,0.007776383,35.53326
28.42101,0.008562386,36.35604
28.43959,0.00893667,37.24097
28.45399,0.009063415,38.41901
28.47404,0.008827832,37.62844
28.48745,0.008657102,37.34736
28.50227,0.008715823,36.63803
28.52051,0.009213675,36.76406
28.53448,0.009081639,37.60677
28.54972,0.009297229,40.07634
28.56423,0.008487657,38.84798
28.57922,0.00809833,37.95797
28.59443,0.007743087,39.53954
28.60867,0.006377131,37.94263
28.62279,0.006004803,36.3735
28.6382,0.005799863,41.11102
28.6977,0.005220536,41.64761
28.71002,0.005004678,40.08896
28.72821,0.004304275,39.00101
28.74311,0.002437484,37.83273
28.77456,0.00309838,39.83073
28.78824,0.002729885,39.95824
28.8027,0.002592463,38.47644
28.81602,0.002441112,38.02684
28.83103,0.002356503,37.39515
28.8453,0.001931004,36.44754
28.86053,0.002219599,36.85914
28.87394,0.001650196,36.11517
28.88743,0.001370568,35.7406
28.90326,0.000938911,35.45197
28.91891,0.0009295531,35.11909
28.93813,0.0001794733,34.90582
28.95252,0.0006443858,35.36476
28.96722,0.002131365,33.33181
28.98169,0.001821309,36.01866
28.99765,0.002434455,35.16998
29.01296,0.001428086,37.18018
29.02868,0.00153229,37.62642
29.04618,0.001770534,37.06718
29.05927,0.003109824,36.62493
29.07246,0.002706505,35.3354
29.08835,0.002772816,35.44691
29.10273,0.002596658,35.92338
29.11695,0.002881043,36.07422
29.13135,0.003410779,35.47508
29.15073,0.004009977,34.79114
29.16528,0.004032277,34.78864
29.18005,0.003903959,34.57825
29.19405,0.003624413,34.87344
29.20827,0.00359755,35.31786
29.22221,0.003993019,36.59538
29.23692,0.003842607,36.98724
29.25103,0.004091538,36.37977
29.26463,0.004166402,36.15503
29.27911,0.00577284,36.56831
29.29407,0.00531666,36.96446
29.30823,0.005292367,37.04731
29.32571,0.005224202,37.0045
29.34031,0.005067751,37.03693
29.35849,0.004608441,38.86528
29.37402,0.005380008,39.22517
29.38914,0.004718006,39.53377
29.42749,0.00447176,39.98447
29.4438,0.004627567,41.43393
29.4581,0.004078694,41.02225
29.47313,0.003928747,40.93715
29.48676,0.003668558,40.38654
29.50142,0.003387097,40.09811
29.52121,0.002820034,39.55811
29.53678,0.002568997,39.7664
29.55344,0.002332848,39.99083
29.57168,0.00220016,39.68988
29.58634,0.002260733,39.33711
29.60318,0.001954604,38.70354
29.61815,0.001927949,38.9209
29.63278,0.001386058,39.40675
29.64697,0.001322091,38.37729
29.66106,0.000625927,39.12999
29.67609,0.0004414022,38.55856
29.69174,0.0002183914,37.18005
29.70962,4.181266E-05,37.02622
29.72266,0.0007675365,38.4677
29.73732,5.51939E-05,36.64525
29.75228,0.001014449,37.55099
29.76737,0.001553517,35.7256
29.78608,0.002066024,38.54454
29.80097,0.002242669,37.87663
29.81503,0.002271798,36.94421
29.83028,0.002464857,37.74373
29.84488,0.002410911,36.32256
29.85925,0.002928574,36.86114
29.87313,0.003159307,36.27374
29.88697,0.003467374,35.97791
29.9018,0.003492735,35.15437
29.91512,0.003653523,34.70598
29.92929,0.003807124,34.28656
29.94305,0.004036106,33.71558
29.95718,0.004071459,31.73624
29.97463,0.004150551,32.63914
29.99256,0.004115149,32.11314
30.00717,0.005262572,32.1293
30.02322,0.005971439,37.82519
30.04086,0.006166216,38.91528
30.05639,0.005916473,37.66957
30.07058,0.005341344,37.37289
30.0865,0.005550224,35.03388
30.10191,0.005879872,34.48197
30.11669,0.0048999,31.56747
30.13084,0.005136177,32.28765
30.14507,0.005776402,33.27452
30.16348,0.005471807,32.87337
30.17645,0.00542824,33.16883
30.19518,0.005251866,32.40251
30.2096,0.005004574,31.66854
30.2235,0.004813597,31.00941
30.23741,0.005061872,31.54181
30.25285,0.005611733,32.7112
30.26778,0.005724937,33.31061
30.2821,0.005715515,34.05088
30.29559,0.005618181,33.22325
30.30984,0.005430933,33.07595
30.3232,0.005378064,32.78351
30.3365,0.005541172,33.16522
30.3518,0.005567014,33.16144
30.36583,0.005712468,33.68693
30.37931,0.009630566,23.39984
30.39794,0.009447984,23.14175
30.41089,0.005147271,34.64792
30.42615,0.005637657,36.59502
30.43978,0.005529296,36.31409
30.4603,0.005368996,36.29089
30.4746,0.004921023,35.46972
30.49023,0.004707538,34.8413
30.50441,0.00424511,33.62643
30.51836,0.003197152,31.48243
30.53439,0.003206979,30.97657
30.54795,0.002882563,30.36286
30.56825,0.002537783,29.73005
30.58206,0.002203494,28.78057
30.60367,0.0018613,28.63906
30.6176,0.001679599,28.88687
30.63535,0.001612619,29.15788
30.65122,0.001352757,28.87807
30.66722,0.001289334,28.62029
30.68246,0.0009924062,27.49013
30.69528,0.0001983643,26.16515
30.7098,0.001285911,24.32951
30.72848,0.002506044,22.65899
30.74729,0.003975935,20.81382
30.79963,0.003830802,21.56921
30.81656,0.004334729,21.19732
30.83111,0.004721869,21.86966
30.84558,0.005176473,21.18601
30.86311,0.006026648,20.1375
30.8777,0.005996991,19.56039
30.89193,0.00640982,19.43091
30.90583,0.007206462,19.67727
30.92009,0.007336199,20.57056
30.93421,0.007519387,20.56641
30.9487,0.00778269,20.58076
30.96239,0.007596485,20.58339
30.97677,0.007304914,20.79987
30.9906,0.006850433,21.46435
31.00544,0.006806057,21.81039
31.02371,0.006214498,16.1996
31.03842,0.006241758,16.15035
31.05385,0.006195868,15.93632
31.07026,0.006080793,15.67718
31.08415,0.005962871,15.60708
31.09952,0.005283364,15.83164
31.11493,0.00543502,15.93509
31.12891,0.005212008,15.79167
31.14317,0.005752873,16.21652
31.15705,0.006025275,15.79904
31.17083,0.005858077,15.90978
31.18545,0.005668486,15.82916
31.19998,0.004848981,15.79142
31.21463,0.003295634,16.31812
31.23565,0.003704475,15.66936
31.24973,0.003418587,15.68497
31.26425,0.003800669,15.52013
31.27824,0.003708423,15.47702
31.29451,0.003829542,15.51324
31.30786,0.003518972,15.83021
31.32471,0.003546998,15.96336
31.3408,0.003555642,16.05193
31.35735,0.003836297,16.04296
31.37167,0.003965529,15.82905
31.38698,0.003876828,15.83487
31.40295,0.003457943,15.97301
31.41763,0.00343876,16.06034
31.43633,0.003848399,16.10539
31.44951,0.004034865,16.14191
31.46843,0.003680448,16.31124
31.48522,0.003618707,16.04262
31.50104,0.003413574,15.98542
31.51585,0.003038585,15.82906
31.52965,0.003088823,15.89933
31.54402,0.003096664,15.94615
31.55716,0.003101052,15.96538
31.57188,0.003192516,16.03914
31.58589,0.003019275,16.0709
31.60107,0.00296502,16.13768
31.6183,0.002990991,16.15965
31.63823,0.00300424,16.19834
31.65735,0.003053798,16.21211
31.67198,0.003310178,16.14474
31.6861,0.00331708,16.18703
31.70357,0.003762535,16.24952
31.72068,0.003725174,16.29863
31.734,0.003439105,16.37303
31.75262,0.003266915,16.39388
31.77005,0.003285364,16.45997
31.78522,0.003693985,16.51262
31.79846,0.003626756,16.53148
31.81311,0.003609597,16.62641
31.82882,0.003476535,16.67643
31.84872,0.003141962,16.90851
31.86399,0.002955907,16.91787
31.87959,0.003135095,16.93719
31.89603,0.002742594,16.79586
31.90997,0.003157541,17.1525
31.92399,0.003374366,17.14741
31.94384,0.003326032,17.28657
31.95791,0.003082599,17.2464
31.9711,0.00324572,17.28009
31.98495,0.003435599,17.33092
32.00072,0.003515449,17.5025
32.01518,0.003519908,17.50654
32.0291,0.003542973,17.57768
32.04706,0.003671807,17.60262
32.06045,0.003780116,17.5734
32.07602,0.003114274,17.62097
32.09541,0.003080504,17.67486
32.10873,0.002971316,17.69373
32.12403,0.003149879,17.73913
32.13741,0.003293151,17.76115
32.15158,0.003696671,17.75117
32.16624,0.003412176,17.95606
32.21553,0.003424625,18.04372
32.22773,0.003602942,17.99377
32.24143,0.003865122,17.99365
32.26066,0.003999864,18.08598
32.27425,0.003959774,18.15764
32.28742,0.004036178,18.45409
32.3013,0.004010417,18.29217
32.31698,0.003950782,18.36364
32.33125,0.004059012,18.36765
32.34552,0.003842466,18.49088
32.3965,0.003858552,18.5743
32.40931,0.003568068,18.60875
32.42294,0.00342435,18.68139
32.43702,0.003450885,18.73718
32.45184,0.003698673,18.66479
32.47878,0.003823825,18.7424
32.49228,0.003894486,18.85516
32.50917,0.003777323,18.83819
32.5237,0.00377784,18.85826
32.53717,0.003799721,18.87836
32.55274,0.003952666,18.8962
32.56704,0.004269443,18.93849
32.58408,0.004116716,18.9678
32.59814,0.004504002,19.0431
32.61312,0.004489235,19.13734
32.63017,0.004709904,19.21581
32.64339,0.004387301,19.25492
32.69847,0.004918623,19.3326
32.74078,0.004772491,19.33766
32.7546,0.004808045,19.45796
32.77122,0.004705652,19.62124
32.78814,0.005220278,19.74267
32.80236,0.004699517,19.73194
32.81644,0.004810189,19.74381
32.83102,0.004961619,19.79397
32.84493,0.004956679,19.84613
32.85898,0.005161925,20.01086
32.87546,0.005143512,20.09705
32.88998,0.005156799,20.1903
32.90373,0.005528704,20.2914
32.922,0.005521516,20.15839
32.93533,0.005469438,20.16776
32.94982,0.005465972,20.21439
32.96378,0.004960502,20.22446
33.01577,0.005013231,20.27681
33.02909,0.003749116,20.33268
33.04214,0.003826832,20.38313
33.05744,0.004018915,20.42309
33.07186,0.003960629,20.45777
33.08641,0.003751248,20.46444
33.10154,0.003793506,20.63453
33.11589,0.003530999,20.72001
33.13745,0.003510655,20.74759
33.15203,0.003352828,20.78887
33.16581,0.003521307,20.88446
33.18145,0.003364117,21.06455
33.1951,0.003392729,21.14191
33.20969,0.003484802,21.242
33.22426,0.003448906,21.30147
33.23804,0.003363599,21.31611
33.25305,0.003272613,21.37645
33.26703,0.003322233,21.47351
33.28218,0.003288191,21.62181
33.29641,0.003317509,21.7792
33.31116,0.003376112,21.75802
33.32552,0.003470846,21.89204
33.34449,0.003212029,21.87438
33.35863,0.003218772,21.89964
33.3736,0.002670688,21.93099
33.39045,0.002723061,22.25002
33.40367,0.00269218,22.34638
33.41837,0.001928335,21.9609
33.4326,0.002659391,22.25059
33.44726,0.002547529,22.21314
33.46104,0.002471034,22.46576
33.4743,0.0025718,22.61375
33.49399,0.002765561,22.9348
33.54086,0.002995899,23.0055
33.55833,0.003003751,23.14117
33.57288,0.003163309,23.43582
33.587,0.003225505,23.58352
33.60392,0.003402521,23.7522
33.61771,0.003500868,23.80933
33.63253,0.003824985,23.94192
33.64896,0.004089912,24.10769
33.66466,0.004260409,24.25075
33.67939,0.004971382,24.57387
33.69428,0.005019835,24.69593
33.70919,0.004216556,24.49711
33.72376,0.006092933,25.0405
33.75974,0.005870583,25.14489
33.77898,0.006193455,25.26887
33.79328,0.006592643,25.51301
33.81132,0.007472935,25.68742
33.83067,0.007958573,25.74531
33.84433,0.008210229,25.79461
33.85827,0.00822172,26.03291
33.87348,0.008550876,25.95131
33.88795,0.009445595,26.08667
33.90232,0.009695929,26.346
33.91654,0.009810989,26.45057
33.93153,0.01000847,26.70052
33.94659,0.01010824,26.68313
33.95999,0.01055322,26.81064
33.97839,0.01050291,26.7948
33.99253,0.01036209,26.89213
34.00686,0.01104462,27.15108
34.02248,0.01098157,27.30894
34.03765,0.0112615,27.50453
34.05031,0.01217466,27.84193
34.06483,0.01338595,28.13872