New Try
New Try
New Try
New Try
New Try
New Try
New Try
New Try
New Try
New Try
New Try
New Try
New Try
New Try
New Try
New Try
New Try
New Try
New Try
New Try
New Try
New Try
New Try
10.89331,0.05469803,83.25787
10.90059,0.05459851,83.13242
10.9162,0.05445698,83.24181
10.9368,0.05467889,83.26513
10.9473,0.05461338,83.2121
10.96059,0.05475206,83.22239
10.97411,0.05455489,83.16423
10.98643,0.05455101,83.20338
11.00025,0.05547383,83.20707
11.01328,0.05560056,83.21265
11.02562,0.05562347,83.23674
11.04639,0.05560324,83.22874
11.05954,0.05559987,83.21753
11.07211,0.05557499,83.21164
11.08465,0.05549292,83.22779
11.0981,0.05548099,83.23383
11.111,0.05548802,83.26663
11.1238,0.0554539,83.27877
11.14266,0.05554011,83.2856
11.15225,0.05550421,83.27773
11.16665,0.05543487,83.21461
11.1807,0.05582753,83.29829
11.19441,0.05578006,83.29731
11.208,0.05586003,83.31819
11.22136,0.0555471,83.25018
11.23441,0.05549845,83.24252
11.24783,0.05538094,83.18252
11.26302,0.05528976,83.15068
11.2767,0.05537299,83.12257
11.29246,0.05542228,83.13042
11.30789,0.05561408,83.18421
11.32451,0.05560092,83.17214
11.34758,0.05555289,83.14893
11.36085,0.05553774,83.12119
11.37583,0.05552376,83.12422
11.39233,0.05548988,83.12047
11.40615,0.05548285,83.10565
11.41931,0.05551292,83.05824
11.43307,0.05551867,83.01952
11.44514,0.05555794,82.97384
11.45846,0.05555379,82.93006
11.47126,0.05558152,82.86305
11.48522,0.05557654,82.82726
11.49876,0.05560642,82.7812
11.51171,0.05562138,82.71263
11.52511,0.05561116,82.69749
11.54652,0.05545794,82.67961
11.55892,0.05540475,82.66653
11.57368,0.05572502,82.56691
11.58663,0.05599689,82.59338
11.60108,0.0564727,82.42151
11.62282,0.0568977,82.53423
11.63894,0.05721693,82.4566
11.656,0.05740809,82.39809
11.67197,0.05773515,82.2454
11.68935,0.05792074,82.23402
11.7045,0.05813773,82.25492
11.71999,0.05848035,82.21775
11.73508,0.05895648,82.14879
11.7591,0.05909434,82.14779
11.77184,0.05910442,82.13926
11.78719,0.05909416,82.113
11.80295,0.05911392,82.05536
11.82048,0.05957127,82.03654
11.83807,0.05976617,82.00145
11.85261,0.05978696,81.86326
11.86752,0.05987174,81.78559
11.88334,0.06003044,81.70863
11.89851,0.06033136,81.53756
21.17183,0.06066805,87.49686
21.1791,0.06061083,87.42477
21.19335,0.06014556,87.27803
21.2098,0.06021968,87.2294
21.22308,0.0595861,87.07137
21.23618,0.05943491,87.03618
21.24955,0.0585163,87.00727
21.26245,0.05757897,86.93668
21.2752,0.05707977,86.93333
21.28922,0.05711133,87.19975
21.30202,0.05664852,87.22067
21.3213,0.05641653,87.39243
21.33455,0.05571812,87.48512
21.35487,0.05425964,87.56094
21.36794,0.05445149,87.8744
21.38359,0.05366524,88.06306
21.39952,0.05335086,88.27441
21.41455,0.05270809,88.46786
21.42711,0.05268712,88.70516
21.44103,0.05238409,88.89803
21.45437,0.05224482,89.01595
21.46716,0.05179035,89.35016
21.48107,0.0517484,89.50174
21.49389,0.05154661,89.67505
21.50711,0.05171866,89.91943
21.52034,0.05154249,90.04558
21.53307,0.05192494,90.24611
21.54626,0.05202872,90.35957
21.56596,0.05199277,90.66444
21.5761,0.05221672,90.79755
21.59122,0.05237297,90.85155
21.60449,0.05249822,90.88516
21.61823,0.05255497,90.99929
21.63216,0.05266286,90.96057
21.6448,0.05258265,91.01254
21.65952,0.05249025,91.07082
21.67563,0.05279692,91.42455
21.6903,0.05186309,91.1208
21.70445,0.05209531,91.26355
21.71778,0.05167934,90.9874
21.73195,0.05178211,91.31326
21.74471,0.05196366,91.4501
21.75915,0.05191272,91.40851
21.779,0.05200628,91.42012
New Try
New Try
New Try
New Try
New Try
New Try
New Try
New Try
New Try
New Try
New Try
New Try
New Try
New Try
New Try
New Try
3.449221,0.004044077,10.6391
3.457155,0.002871902,10.94237
3.474689,0.00298588,10.65447
3.494028,0.003075054,10.6491
3.509904,0.002216405,10.64462
3.526363,0.002177556,10.68524
3.542055,0.002182667,10.75126
3.564037,0.002044652,10.80507
3.578092,0.002186684,10.81542
3.594567,0.002132221,10.92755
3.61133,0.002193043,10.99861
3.627841,0.00235541,11.04093
3.64291,0.002284833,11.17078
3.65981,0.00231145,11.22844
3.675043,0.002290228,11.25528
3.690983,0.002300096,11.26353
3.707254,0.002283173,11.3206
3.722872,0.002282583,11.35626
3.739301,0.002381915,11.32096
3.755365,0.00246121,11.30401
3.778984,0.002711144,11.27447
3.793344,0.002844424,11.26325
3.81085,0.00333736,11.31515
3.827324,0.00411085,11.16996
3.842653,0.004578537,11.17389
3.859084,0.004625175,11.1365
3.877082,0.005044811,11.07654
3.894758,0.005494042,11.01968
3.910765,0.005933706,11.00613
3.927219,0.006603196,10.93103
3.942347,0.006899206,10.88202
3.959898,0.008584898,10.7632
3.984618,0.009393666,10.73555
3.998024,0.009757355,10.73396
4.014343,0.0104584,10.61105
4.030924,0.01050245,10.57557
4.046793,0.01089912,10.50929
4.062139,0.01102201,10.43602
4.077739,0.01112655,10.39163
4.093487,0.0111963,10.35039
4.111303,0.01123516,10.28099
4.127955,0.01213176,10.14643
4.14732,0.01309326,10.19491
4.163639,0.01308258,10.17759
4.185547,0.01366902,10.21558
4.199248,0.01387491,10.24592
4.214916,0.01355956,10.27655
4.23095,0.01291189,10.34302
4.246552,0.01383071,10.21567
4.261437,0.01296895,10.44401
4.277697,0.01265303,10.50215
4.294445,0.01304598,10.49514
4.310456,0.01331548,10.49751
4.326473,0.01321026,10.51528
4.343035,0.01351825,10.47826
4.358578,0.01358195,10.40427
4.374543,0.01393171,10.36988
4.397067,0.01382519,10.39737
4.411922,0.01377767,10.40356
4.428044,0.01397363,10.40789
4.443984,0.01390229,10.42115
4.462992,0.01430042,10.39796
4.484168,0.01423868,10.43345
4.502852,0.01468681,10.29
4.520909,0.01450077,10.40791
4.537956,0.01445148,10.49638
4.56176,0.01435652,10.52516
4.578574,0.01483255,10.53286
4.600334,0.01483909,10.58656
4.614265,0.01464956,10.59478
4.630104,0.01443531,10.6311
4.646748,0.01474891,10.59771
4.662776,0.01471463,10.63423
4.678289,0.01457222,10.66051
4.694605,0.01457382,10.68104
4.70985,0.0147754,10.7675
4.726568,0.01476323,10.76028
4.742983,0.01474833,10.78063
4.758927,0.01484207,10.79921
4.774783,0.01493145,10.84161
4.790046,0.0149825,10.86432
4.812729,0.01508149,10.90421
4.827119,0.0151362,10.9706
4.843954,0.01519771,11.04673
4.860407,0.01529845,11.07919
4.875939,0.01509282,11.15099
4.893939,0.01507019,11.1699
4.910541,0.01519509,11.18919
4.92699,0.01531881,11.26493
4.942814,0.01565362,11.27575
4.958257,0.01574349,11.36335
4.974197,0.01653577,11.31703
4.992446,0.01675045,11.36053
5.015218,0.01679896,11.47765
5.029893,0.01675668,11.55445
5.046629,0.01676586,11.6076
5.063172,0.01659895,11.72933
5.079504,0.01648877,11.78704
5.09595,0.01663175,11.831
5.113151,0.01671805,11.8343
5.131366,0.01669976,11.88602
5.150378,0.01669745,11.94199
5.167711,0.01666922,11.94851
5.18287,0.01664422,11.96991
5.200002,0.01654834,12.01798
5.229475,0.01648006,12.06573
5.244347,0.01646285,12.06686
5.259837,0.01633274,12.18028
5.276326,0.01596108,12.19889
5.292671,0.01540687,12.24365
5.310104,0.0153044,12.281
5.326309,0.01526756,12.3922
5.34149,0.01517263,12.33094
5.358169,0.0154771,12.55363
5.373815,0.01552452,12.39263
5.389857,0.01628969,12.41065
5.407357,0.01627473,12.40938
5.429229,0.01612439,12.45068
5.443775,0.01603475,12.48802
5.460379,0.0159983,12.58185
5.476954,0.01584035,12.62542
5.494813,0.01625211,12.6209
5.510127,0.01627853,12.64007
5.527393,0.01618863,12.67762
5.542897,0.0161532,12.70183
5.558911,0.01606778,12.76594
5.57423,0.0160575,12.7947
5.590397,0.01583266,12.86046
5.606273,0.01609105,12.86299
5.622904,0.01576344,13.01234
5.645413,0.01569851,13.0117
5.664667,0.01595202,12.85929
5.680421,0.01593051,12.87236
5.697343,0.01611825,12.92772
5.714447,0.01601873,12.95695
5.729876,0.01601782,12.97689
5.74567,0.015907,13.0303
5.760747,0.01590225,13.03268
5.777623,0.01589554,13.12853
5.79717,0.01586377,13.14969
5.814668,0.01603503,13.15529
5.832799,0.01599629,13.27544
5.858322,0.01591601,13.32421
5.871743,0.01583973,13.37705
5.893878,0.01574354,13.43156
5.914404,0.01580531,13.47748
5.933855,0.01574303,13.54779
5.951069,0.01556732,13.60782
5.971157,0.01571755,13.72075
5.991736,0.01620422,13.65084
6.00917,0.01602788,13.76068
6.027661,0.01615201,13.79976
6.045063,0.01636991,13.83296
6.068629,0.01645857,13.86112
6.082963,0.01624667,13.94274
6.099648,0.01618747,13.99966
6.11702,0.01602475,14.04862
6.132162,0.01591152,14.08783
6.14767,0.0158589,14.15135
6.162782,0.01554978,14.226
6.182694,0.0154359,14.28796
6.199955,0.01525176,14.35009
6.215471,0.01526491,14.38541
6.230306,0.01520624,14.42056
6.245686,0.01504613,14.52007
6.267202,0.01505989,14.56554
6.282203,0.01502579,14.60495
6.297889,0.01489889,14.73484
6.315836,0.01484356,14.73788
6.330943,0.01490164,14.78701
6.346589,0.01475102,14.87302
6.361822,0.01448619,14.95432
6.377331,0.01485505,14.9015
6.393545,0.01464775,15.06705
6.40899,0.01458727,15.08335
6.424183,0.01458307,15.08674
6.439444,0.01457655,15.10725
6.455321,0.01448359,15.11418
6.479067,0.0147262,15.08035
6.495003,0.01481216,15.10958
6.510868,0.01482902,15.16425
6.527816,0.01472454,15.19922
6.543532,0.01518036,15.23881
6.559315,0.01563443,15.08681
6.576705,0.01558791,15.1653
6.594535,0.01554734,15.22437
6.611327,0.01558824,15.25272
6.630075,0.01556703,15.30984
6.648809,0.01563489,15.35625
6.665089,0.01559209,15.3904
6.68795,0.0158243,15.40434
6.704942,0.0157096,15.52624
6.723742,0.01566622,15.5667
6.742187,0.01552744,15.59941
6.762768,0.01493239,15.76853
6.787395,0.0153561,15.68028
6.803916,0.01517848,15.72626
6.822403,0.01521885,15.75338
6.841712,0.01537784,15.80309
6.86044,0.01538094,15.86918
6.878879,0.01572814,15.8416
6.905699,0.01600202,15.92909
6.921534,0.01633467,15.88352
6.941375,0.01639687,15.96
6.960103,0.01643017,15.93959
6.978511,0.01638078,15.95367
6.994288,0.01653806,15.90609
7.01122,0.0166076,15.89252
7.029667,0.01661174,15.89941
7.047835,0.01682855,15.92582
7.065084,0.01680597,15.95371
7.081977,0.01695991,16.00094
7.107173,0.01692866,16.05804
7.122565,0.01705341,16.12526
7.14154,0.01702299,16.15486
7.15824,0.0170851,16.1729
7.176468,0.01698101,16.32673
7.194122,0.01687393,16.3706
7.212495,0.01654173,16.4368
7.230347,0.01675442,16.3943
7.248519,0.01635655,16.6015
7.26706,0.01663888,16.62637
7.286528,0.01640566,16.79343
7.313334,0.01647657,16.93384
7.330362,0.01647434,16.9464
7.348579,0.01640708,17.00959
7.363319,0.01628063,17.07475
7.378044,0.01625354,17.12848
7.396673,0.01608638,17.21173
7.413774,0.01601084,17.2791
7.432733,0.01597947,17.37289
7.448331,0.01587187,17.42745
7.46306,0.015934,17.42844
7.478128,0.01582935,17.47493
7.493787,0.01553559,17.65924
7.516549,0.01599356,17.644
7.530056,0.01572757,17.73413
7.545255,0.01586807,17.82623
7.561488,0.01708475,17.48506
7.578487,0.01700742,17.66275
7.593955,0.01692915,17.76724
7.60966,0.01712416,17.74179
7.62511,0.01698674,17.86853
7.640819,0.01702529,17.89273
7.65696,0.01736114,17.85644
7.673527,0.01749272,17.92857
7.688224,0.01735107,18.00588
7.703892,0.01726619,18.05544
7.724555,0.01745097,18.08132
7.738556,0.01736347,18.145
7.755033,0.01728282,18.21029
7.770383,0.01725578,18.23735
7.787639,0.01745501,18.24734
7.802219,0.01732543,18.31639
7.81844,0.01728797,18.37917
7.833434,0.01720113,18.44795
7.849384,0.01722148,18.50357
7.865205,0.01716283,18.52838
7.880096,0.01703381,18.55041
7.895989,0.01706806,18.70406
7.911902,0.01710986,18.96534
7.941963,0.01741884,18.85734
7.957469,0.01698096,19.05134
7.97256,0.01715477,19.04027
7.988554,0.01701675,19.21119
8.00541,0.01691424,19.21177
8.022812,0.01688227,19.2838
8.04114,0.01701004,19.34493
8.05753,0.01677065,19.42386
8.07367,0.0166802,19.4831
8.089657,0.0166486,19.59636
8.105086,0.01658493,19.71091
8.12055,0.01653225,19.76062
8.140988,0.0165067,19.91986
8.15929,0.01637552,20.03015
8.178568,0.01619711,20.10767
8.196868,0.009875916,23.06876
8.215706,0.01629451,20.3492
8.236545,0.009214368,21.89053
8.256439,0.01679105,20.3537
8.272935,0.01682936,20.36449
8.290338,0.009197265,21.63345
8.30619,0.009440426,21.47854
8.321756,0.009510256,21.40512
8.344315,0.01700318,20.59404
8.358736,0.01698481,20.61909
8.37441,0.009483621,20.84583
8.391742,0.009682007,20.63422
8.408251,0.01723325,20.78426
8.422741,0.01730807,20.78153
8.438386,0.01722897,20.83547
8.453697,0.009672679,20.11765
8.468157,0.009654649,20.05799
8.483428,0.009735588,20.01943
8.498871,0.009747583,20.14052
8.515762,0.009696532,19.74985
8.532965,0.009848058,19.67249
8.555243,0.00972135,19.70723
8.568988,0.009196464,18.98647
8.585241,0.009599499,19.15379
8.604424,0.009350773,19.13545
8.620122,0.009290073,18.93821
8.635193,0.009006772,18.65469
8.650574,0.008661162,18.3109
8.665727,0.008834254,17.99039
8.680725,0.009071652,17.58235
8.696047,0.0166213,22.39171
8.711125,0.008910846,16.98634
8.727451,0.009222247,16.30507
8.745872,0.009133022,16.02116
8.768932,0.009339124,15.57468
8.789428,0.009188794,15.22384
8.806973,0.009379048,14.95837
8.826575,0.009609174,14.89693
8.845007,0.009737581,14.59
8.86594,0.009732757,14.50755
8.884216,0.009735387,14.31043
8.90055,0.01001676,13.95222
8.92063,0.01023625,13.81526
8.940465,0.01018919,13.62305
8.960559,0.01021511,12.90217
8.981278,0.01015672,12.77032
8.996738,0.01027331,12.50611
9.013063,0.01019646,12.53333
9.028755,0.009623185,12.29543
9.043905,0.0100934,11.57429
9.065969,0.009680204,10.99693
9.08085,0.009587131,10.78513
9.096164,0.008842424,9.604729
9.111126,0.008798521,9.10099
9.126218,0.008396231,8.542976
9.141233,0.0085808,7.697815
9.156544,0.008284945,7.198784
9.173863,0.008245811,6.92865
9.193745,0.008197047,6.614433
9.208938,0.008113071,6.240395
9.224383,0.008121971,6.06411
9.242382,0.008199632,5.641891
9.260095,0.008236896,5.462173
9.274982,0.008479629,4.907669
9.289813,0.008389309,4.396347
9.305039,0.008073904,3.019241
9.319964,0.007977765,2.348816
9.336616,0.008198526,2.189438
9.352079,0.007943783,1.899445
9.366797,0.008606687,1.23027
9.381686,0.008618191,1.128181
9.402863,0.008861188,0.5082626
9.418445,0.00907271,0.3226852
9.434258,0.009094417,0.1287079
9.451466,0.009363424,0.1228104
9.46787,0.009507392,0.389328
9.483292,0.009464234,0.3725204
9.498102,0.009268466,0.4753494
9.513939,0.009258386,0.371582
9.529656,0.009204712,0.4715195
9.544902,0.009359471,0.4496002
9.560001,0.009358708,0.4180832
9.576886,0.009767991,0.2681503
9.592243,0.009822223,0.4145966
9.611962,0.01010093,0.3337097
9.627031,0.01001318,0.4261475
9.64234,0.01022102,0.2713013
9.658078,0.01033203,0.3091888
9.674214,0.01074453,0.1885529
9.689732,0.01097415,0.1239777
9.704994,0.01134368,0.008491516
9.72081,0.01162025,0.02922058
9.736513,0.01217195,0.4291229
9.753041,0.01218087,1.358292
9.768239,0.0132391,0.6344833
9.783986,0.01302775,2.177269
9.801598,0.01489742,2.411659
9.822852,0.01326733,2.572327
9.839528,0.01325296,3.779243
9.855092,0.01296047,3.884392
9.870519,0.01291722,4.163139
9.886257,0.0118127,5.588287
9.90264,0.01107957,6.409904
9.919011,0.01149144,6.449799
9.936328,0.01150854,6.516891
9.952868,0.0110372,6.979851
9.969383,0.01101467,7.002625
9.98583,0.01129777,7.183167
10.00228,0.01116413,7.369843
10.01685,0.01174212,7.766426
10.0377,0.01198336,8.157127
10.05399,0.01201618,8.581131
10.0729,0.01191012,9.973511
10.08967,0.01181892,9.413445
10.10558,0.01118681,9.932701
10.12118,0.009067062,10.36578
10.1378,0.009699821,11.15837
10.15776,0.009707611,11.32568
10.17293,0.01004137,11.55572
10.18848,0.01005467,11.6192
10.2037,0.009735677,12.402
10.21873,0.008994371,11.83698
10.23867,0.008040197,12.3194
10.25535,0.007799055,12.41113
10.27411,0.007747345,12.38998
10.29296,0.007315017,12.5228
10.30887,0.006787121,12.7427
10.32781,0.006787524,12.60629
10.34791,0.006567117,12.64893
10.3622,0.006395858,13.03647
10.38371,0.00650803,13.187
10.40154,0.005312022,13.59082
10.42044,0.004108194,15.10081
10.44264,0.003046941,14.80938
10.46211,0.001838461,16.6713
10.4776,0.0002454408,16.53555
10.49255,0.001334693,16.20724
10.50775,0.00206567,16.24886
10.52307,0.0007473417,15.80424
10.53927,0.00186225,16.04507
10.55523,0.0006441362,16.14289
10.57213,0.0002048016,15.63071
10.58842,0.0003341474,15.51273
10.60428,8.229166E-06,15.63338
10.62025,0.0002613068,16.23882
10.63567,0.0001434386,16.33193
10.65511,2.092123E-05,16.33611
10.67128,0.0001994185,16.2391
10.68878,0.0005872808,16.02316
10.70458,0.001023486,16.10936
10.72047,0.0011773,16.02116
10.73671,0.0004055426,15.95993
10.75336,0.0006855428,16.31211
10.769,6.09085E-06,15.76749
10.78488,2.926961E-05,16.67118
10.80046,0.001746155,14.79241
10.8187,0.0005282275,15.6532
10.83571,0.0006035268,14.94521
10.85092,0.0003140084,14.88476
10.87224,0.0003032051,14.94185
10.88782,0.0004031695,14.49532
10.90726,0.0002404526,14.24946
10.92252,0.0002189018,14.2346
10.9387,0.0001034029,14.7209
10.95689,0.000101272,14.50713
10.97229,0.0003302097,14.03795
10.98914,0.0004380941,14.11715
11.00552,1.128018E-05,13.80238
11.02075,0.0002171211,13.41718
11.03802,3.039464E-05,13.65374
11.0531,0.000319548,14.1842
11.07473,0.0001932681,13.84979
11.09179,0.0006961226,14.51376
11.1077,0.000326857,13.07674
11.12295,0.0005784817,14.21776
11.13904,0.0006375797,14.51281
11.15454,0.0001863949,14.62353
11.17015,1.668185E-05,15.00702
11.18673,0.0007265583,13.93391
11.20702,0.0005940199,15.35934
11.22288,9.018928E-06,14.05164
11.23874,0.001624536,14.97359
11.26033,0.001488067,15.39202
11.28007,0.001846608,15.57159
11.30085,0.001354847,15.48914
11.31746,0.002005298,15.80822
11.33549,0.002488419,16.00233
11.35332,0.003110446,16.83614
11.3734,0.003194537,16.70005
11.39233,0.003169451,16.70068
11.40845,0.003384963,17.0616
11.42287,0.003248297,17.04493
11.43811,0.00328739,17.47926
11.4548,0.003436744,17.57615
11.47073,0.003092531,17.58746
11.49188,0.005063873,19.39333
11.50733,0.004775628,18.79345
11.52487,0.004854824,18.5168
11.54141,0.004897773,18.50638
11.55849,0.005107049,18.53746
11.5745,0.005168345,18.69167
11.59332,0.005307175,18.6586
11.6107,0.004414249,19.52066
11.62758,0.00504642,19.19182
11.64584,0.004915729,18.91649
11.66451,0.004830252,18.66511
11.68118,0.004779849,18.4715
11.7041,0.004686859,18.19778
11.72393,0.004571382,17.58813
11.74343,0.004590392,17.52211
11.75837,0.004459161,17.49221
11.77579,0.004616126,17.31374
11.79203,0.004686654,17.27142
11.80944,0.004460227,16.84779
11.82451,0.004564177,16.86331
11.84001,0.004933815,16.75554
11.85614,0.005185131,16.51575
11.87296,0.004857998,16.45371
11.88826,0.004934706,16.40118
11.9089,0.003807053,15.56754
11.92502,0.004502177,15.61602
11.94075,0.003938593,16.17162
11.9602,0.004265003,16.31368
11.97555,0.003506031,15.66058
11.99129,0.002873536,15.89533
12.00642,0.002433933,15.70108
12.02214,0.001632974,15.19892
12.03798,0.001419246,15.36757
12.05514,0.000815019,14.92621
12.07263,0.0001069643,14.60772
12.08811,0.000806313,14.95669
12.10423,0.0006775297,14.34659
12.12723,0.001146767,14.39333
12.14217,0.001463745,13.91469
12.15875,0.001725659,14.1944
12.17356,0.001622818,13.85013
12.18926,0.002025537,13.64957
12.20569,0.002227448,13.19541
12.22164,0.002020936,13.12449
12.23766,0.001727797,13.09386
12.25302,0.001763102,12.75715
12.27286,0.001863007,12.46233
12.28946,0.002984624,12.14575
12.30543,0.002993818,11.41763
12.32874,0.004415277,8.036758
12.34646,0.003301889,10.62453
12.36313,0.003833637,8.880539
12.37979,0.004289247,8.183395
12.39722,0.005738344,4.736557
12.41894,0.004929122,5.028938
12.43524,0.002691582,7.888535
12.45249,0.002923716,7.113808
12.46803,0.002696235,6.760674
12.48435,0.002673775,6.365753
12.50035,0.002634,6.18364
12.51691,0.002323359,5.670349
12.53697,0.002339587,5.420097
12.55385,0.002687927,4.937599
12.57131,0.002467327,4.775856
12.58838,0.002104044,4.465393
12.6041,0.002811171,3.013702
12.62121,0.002197061,4.278046
12.63827,0.004329786,2.181938
12.65477,0.004030503,2.233604
12.67077,0.004698042,1.718071
12.68688,0.004426554,0.8721466
12.70388,0.004935514,1.003593
12.71925,0.004437722,1.215202
12.74001,0.004005503,1.572243
12.75602,0.003262334,0.5211105
12.77203,0.003060348,0.8623352
12.7895,0.002942517,1.81385
12.8055,0.002340328,0.8894119
12.82152,0.002256945,1.358887
12.83963,0.002133686,1.549934
12.85839,0.001756072,1.857857
12.87493,0.001264449,2.734596
12.89001,0.001318321,3.339516
12.90554,0.0008486509,4.370094
12.9218,0.0007596947,4.261337
12.94168,0.0005142801,4.372665
12.95774,7.719547E-05,5.293243
12.97819,0.0002175234,6.270805
12.9948,0.0008073822,6.595505
13.01071,0.001651272,10.4912
13.02878,0.002024591,8.637016
13.04522,0.001820542,9.734344
13.06064,0.00220222,10.51581
13.07773,0.002014507,10.42524
13.09215,0.001745068,11.73728
13.10847,0.001564339,12.891
13.12693,0.00145464,13.46777
13.14851,0.001313962,14.06716
13.16568,0.001664221,14.08822
13.18115,0.001767278,13.90874
13.2018,0.002006944,14.35516
13.22092,0.002444986,14.71528
13.24025,0.002977066,15.19791
13.25914,0.003128413,15.55833
13.27754,0.003950868,16.53231
13.29397,0.004562188,16.70891
13.31207,0.005029727,17.074
13.3322,0.005575024,17.26413
13.35536,0.00604336,17.71793
13.37233,0.006043587,18.49699
13.38804,0.006487329,19.94231
13.40393,0.006248072,19.53585
13.42018,0.005964581,18.74696
13.43595,0.005598292,17.65736
13.45167,0.005730208,17.69797
13.46777,0.006245334,17.82805
13.48305,0.006837498,18.225
13.49841,0.006853815,16.70834
13.51447,0.00723666,17.53846
13.53573,0.004524047,38.7646
13.55563,0.006797876,17.18434
13.5721,0.005055823,37.33317
13.59002,0.005480374,36.70362
13.6056,0.005733672,36.16741
13.62099,0.006000001,35.80857
13.63827,0.006403012,35.045
13.65385,0.007174553,34.12182
13.66974,0.008538438,33.16819
13.68536,0.008204052,33.01822
13.70154,0.007532169,32.20378
13.71778,0.006331431,31.38872
13.73411,0.00545527,31.40559
13.75221,0.005951684,25.40801
13.77951,0.006424379,28.47298
13.79767,0.006993163,30.0648
13.81819,0.006497022,29.60634
13.83638,0.005637854,29.55788
13.85217,0.005363356,30.64476
13.86905,0.004091904,30.30351
13.88513,0.004372634,31.27221
13.90042,0.004418436,31.5529
13.9167,0.003849253,32.08634
13.93279,0.00678726,24.60717
13.94932,0.004032649,33.09589
13.96599,0.004532345,34.0415
13.99153,0.004966915,34.55
14.00704,0.008774166,22.32309
14.02323,0.009205154,21.9756
14.03813,0.0099027,21.19984
14.05392,0.01010312,20.63315
14.06943,0.01010987,20.40679
14.08583,0.01046075,20.30429
14.10474,0.0108942,20.01659
14.1202,0.01030836,20.67603
14.13694,0.0110808,19.57069
14.15237,0.01186126,19.22661
14.16887,0.01167012,18.68439
14.18885,0.01229829,18.5384
14.20484,0.01368935,17.90926
14.2216,0.0135345,18.06988
14.23775,0.01465909,17.16943
14.25381,0.01540642,16.78558
14.26929,0.01587586,16.43482
14.2847,0.01641867,15.9475
14.30069,0.01671469,15.86583
14.31748,0.01716712,15.70494
14.33233,0.01749591,15.31538
14.3499,0.01770636,15.18213
14.36942,0.01811286,14.94341
14.39023,0.01864142,14.52013
14.40735,0.01892265,14.3285
14.42446,0.01904955,14.25063
14.43989,0.01894992,14.51823
14.45507,0.01926341,13.96974
14.47188,0.01938529,14.00748
14.48793,0.01932554,13.82781
14.50271,0.01962958,13.49714
14.51803,0.01950943,13.43869
14.53327,0.01966515,13.23978
14.54911,0.01974906,13.02509
14.56611,0.01970148,12.67361
14.58834,0.0196025,12.44565
14.6091,0.01930338,12.16424
14.63272,0.01929517,12.0412
14.64924,0.01948238,11.69668
14.66565,0.01920865,11.77644
14.68151,0.01905734,11.7042
14.69728,0.01907716,11.56766
14.71226,0.01916231,11.39131
14.72912,0.01917154,11.29407
14.74589,0.01918488,11.04338
14.76183,0.01915354,10.99505
14.7779,0.01910371,10.69987
14.79345,0.01926397,10.67848
14.81393,0.01928561,10.48092
14.82975,0.01910678,10.1932
14.84607,0.01907674,10.16101
14.86357,0.01883633,10.49119
14.88114,0.01902228,9.968512
14.89867,0.0181287,10.19399
14.91476,0.01755346,9.675261
14.93041,0.01733438,9.569079
14.94801,0.01699226,9.515559
14.96443,0.016626,9.432528
14.98222,0.0163934,9.35219
15.00228,0.001245473,18.21555
15.02386,0.003376331,17.21466
15.03951,0.003307201,17.24563
15.05614,0.003402051,17.47725
15.0713,0.003705654,17.51646
15.08872,0.003966417,17.91386
15.10478,0.004135028,18.3344
15.12054,0.004587777,18.58355
15.13833,0.005190495,18.8728
15.15412,0.005766463,19.10551
15.16959,0.00645506,19.32378
15.18465,0.006266944,20.21707
15.19986,0.007722668,20.19344
15.2162,0.008457396,20.98579
15.23699,0.00874199,21.26646
15.25329,0.009341694,21.58758
15.2694,0.009644639,22.1455
15.2856,0.01017969,22.38262
15.30188,0.01040091,23.273
15.31826,0.01067826,23.66739
15.33419,0.0110402,24.11983
15.35234,0.01137308,24.24499
15.37395,0.01140636,24.06989
15.39551,0.01157999,24.4501
15.41325,0.0116744,24.69521
15.42991,0.01166098,24.77406
15.45008,0.01172839,24.20588
15.46691,0.01166312,24.34308
15.48337,0.01160166,24.41246
15.50012,0.01154506,24.33195
15.5161,0.01139699,24.80774
15.53432,0.01149345,24.58826
15.54922,0.011579,24.74236
15.56582,0.01171683,24.43774
15.58105,0.01175952,24.02317
15.60014,0.01223996,26.23359
15.61685,0.0121575,27.61067
15.63346,0.01226656,26.94588
15.65561,0.01244562,26.0304
15.67092,0.01269427,27.28151
15.68741,0.01219843,25.45152
15.7029,0.01039419,24.14719
15.71918,0.01367755,21.00226
15.73486,0.01253351,21.93111
15.75025,0.009872045,23.49409
15.77082,0.0111008,24.69315
15.78607,0.01013304,24.03238
15.80238,0.01062315,25.0424
15.81876,0.01066006,25.37556
15.83488,0.0102166,25.53165
15.85587,0.01065499,26.66143
15.8719,0.009398356,27.097
15.88751,0.009767957,26.87629
15.90319,0.01008142,24.00521
15.91969,0.00955344,24.06592
15.93566,0.008920513,24.22809
15.95606,0.01064786,25.78234
15.9762,0.009911403,25.31493
15.99577,0.012113,27.74904
16.01686,0.01109253,25.93696
16.03398,0.01087467,25.89877
16.05336,0.01191237,26.04609
16.07659,0.01183953,24.70929
16.09611,0.0112667,23.59206
16.11714,0.01193483,23.36594
16.13505,0.01099396,22.78249
16.15069,0.01103044,22.95581
16.16775,0.01065061,23.09958
16.18323,0.01049313,23.74664
16.19957,0.01007843,23.19245
16.21816,0.01058932,23.50872
16.23434,0.01033951,24.22709
16.24973,0.01043662,25.1989
16.26656,0.01010765,29.22958
16.28716,0.01033773,27.8413
16.303,0.009638764,27.20214
16.31885,0.01048577,30.33687
16.3348,0.01054935,29.16726
16.3502,0.01077133,30.44238
16.36622,0.01105437,26.48399
16.38155,0.009609949,25.05573
16.3992,0.01174194,19.36608
16.41842,0.01236046,16.29109
16.43361,0.01251615,15.87944
16.44925,0.01284002,16.05906
16.46432,0.01446246,15.14767
16.47992,0.01438224,14.36908
16.50012,0.01481118,13.67899
16.51596,0.01513139,13.43617
16.53168,0.01519408,14.03876
16.54736,0.01536307,14.83984
16.56349,0.01569512,15.98197
16.57881,0.01576924,15.92237
16.59674,0.01570696,16.91062
16.61362,0.01601012,17.84308
16.6301,0.01643954,18.93702
16.6484,0.01662081,18.29926
16.66573,0.0164937,19.13101
16.68361,0.01644886,19.06244
16.7034,0.01671963,16.09529
16.71953,0.01845893,12.4174
16.73455,0.0183195,13.76696
16.75003,0.01960079,10.99028
16.76706,0.02039463,8.786392
16.78251,0.02121957,8.780678
16.79811,0.02103285,7.779884
16.81426,0.02149781,7.918747
16.83008,0.02182007,8.617905
16.8465,0.02219145,9.757103
16.86308,0.0222155,11.53498
16.87891,0.02227368,11.37424
16.90211,0.02220136,12.11967
16.92259,0.02227945,12.67419
16.93793,0.02213895,13.22381
16.95281,0.0220992,13.33472
16.96918,0.02236427,12.42228
16.98493,0.02250993,11.23384
17.00385,0.02287845,5.780075
17.01893,0.02257061,4.756966
17.03414,0.02301532,2.01178
17.04925,0.02312831,2.758926
17.06462,0.02310069,2.768227
17.0794,0.02310426,6.724365
17.09641,0.02324791,5.589157
17.1109,0.02347008,8.727394
17.13266,0.0235215,7.363846
17.15082,0.023692,6.231682
17.1675,0.02329458,6.551208
17.18387,0.0229041,6.220398
17.19946,0.02303542,5.698967
17.21526,0.02257173,6.212227
17.23014,0.02236442,5.259018
17.24539,0.02138801,6.372795
17.26224,0.02115448,7.134163
17.28242,0.02093612,7.910789
17.30033,0.02053197,8.942032
17.31589,0.02044685,9.520653
17.33507,0.02022529,9.461823
17.35177,0.01984076,10.28166
17.36798,0.019747,9.67453
17.38384,0.01942458,10.13254
17.39995,0.01891425,10.60799
17.41665,0.0187194,9.804039
17.43592,0.01848271,8.170113
17.45068,0.01725107,5.567039
17.46637,0.01738868,6.291832
17.48155,0.01650098,6.065178
17.49817,0.01626381,2.945557
17.51452,0.01497371,3.753998
17.5301,0.01503719,3.669212
17.55044,0.01391397,3.756721
17.5714,0.01358287,3.882225
17.58876,0.01338333,4.613548
17.6098,0.01314882,5.165558
17.63035,0.01292794,5.545326
17.6478,0.01245745,6.72403
17.66375,0.01198501,7.867233
17.67969,0.01194491,7.578728
17.69584,0.01176997,7.292809
17.71279,0.01155055,6.76403
17.72944,0.01074727,5.890274
17.74458,0.009509612,2.09433
17.76496,0.009547625,2.752251
17.78099,0.009625264,6.336502
17.79705,0.008751646,1.233147
17.81316,0.008376822,2.766586
17.83034,0.008025136,2.284195
17.84719,0.007140953,3.618607
17.86231,0.006625265,4.012566
17.87796,0.006255813,3.860092
17.89419,0.005785279,3.386345
17.91046,0.005301841,3.603004
17.92657,0.005162399,3.752335
17.9433,0.005009282,2.863968
17.96055,0.005182907,2.702209
17.98123,0.004365616,2.111603
17.9978,0.004290488,1.977936
18.01665,0.003890496,0.9326248
18.03299,0.003635582,0.2947464
18.05356,0.00341117,0.7892532
18.06812,0.003380157,1.269424
18.08307,0.003603559,1.243088
18.09883,0.003616959,0.7624817
18.11533,0.003518689,2.681198
18.13059,0.00392719,3.669525
18.15033,0.003911469,0.06512451
18.16924,0.004052751,0.474411
18.19264,0.004452653,0.2808838
18.21305,0.004417207,0.4449844
18.23278,0.004365511,0.2084198
18.25022,0.004261266,0.190361
18.26907,0.00413252,0.1314163
18.28676,0.003723402,1.128822
18.30365,0.003912851,1.146042
18.32061,0.004391439,0.9120178
18.33741,0.004897371,0.6822052
18.35256,0.005126473,0.8652802
18.3685,0.005751312,0.007652283
18.38355,0.00595817,0.730835
18.40329,0.006156307,1.51815
18.42102,0.006533295,1.754074
18.43695,0.006814271,2.356483
18.45623,0.007516876,2.488853
18.4728,0.00814547,3.071899
18.48817,0.01000588,1.793159
18.50455,0.009014092,2.670593
18.52073,0.009222731,1.543747
18.53602,0.009526599,0.6992188
18.55218,0.01060024,1.116516
18.56791,0.01002091,1.292503
18.58298,0.009976305,1.775597
18.59884,0.009873353,1.705673
18.61974,0.0103791,2.686844
18.63493,0.01067144,2.037598
18.65202,0.01101677,2.384636
18.66786,0.01133665,1.87825
18.68374,0.01196824,0.4377289
18.6991,0.01197479,1.533813
18.71599,0.01145346,1.130867
18.73301,0.01130598,0.1297989
18.75024,0.01120584,0.302803
18.76669,0.01094686,0.5553818
18.78296,0.0101702,1.984192
18.8001,0.01014013,1.496948
18.82119,0.01034118,1.068069
18.83839,0.009561352,0.1505127
18.85474,0.008187685,2.292511
18.87255,0.006935507,2.007309
18.89012,0.007253733,1.022926
18.91078,0.007912248,0.2033386
18.92933,0.007924106,0.03067017
18.94679,0.008831881,2.770454
18.96394,0.00905982,1.215302
18.97932,0.009169463,1.604362
18.99578,0.008877873,0.6913834
19.01244,0.008103024,0.4117279
19.03618,0.008442715,0.03407288
19.05093,0.008978911,0.3402939
19.0671,0.009048611,0.2612305
19.08282,0.008849304,0.2448654
19.09848,0.008838635,0.6718521
19.11366,0.008777339,1.369095
19.12911,0.008655149,1.057587
19.14759,0.008641664,1.729233
19.16938,0.008954223,2.455734
19.18372,0.008978345,1.406731
19.2001,0.007864531,0.7575302
19.21602,0.008071702,1.520874
19.23574,0.008327726,1.754387
19.25089,0.008515056,2.14695
19.26658,0.007381514,1.064133
19.28228,0.007495623,1.345543
19.29823,0.007467881,0.7820663
19.31381,0.007552195,0.4213409
19.32904,0.007327497,0.4031601
19.34483,0.006195575,1.073753
19.36084,0.005786836,0.8160629
19.377,0.005803268,1.021645
19.39224,0.004201274,3.020317
19.40901,0.004603323,2.573219
19.42715,0.00473142,2.667709
19.44717,0.00501027,2.884438
19.46427,0.004809294,2.611183
19.48496,0.005039129,2.239052
19.49977,0.005096085,1.919662
19.51516,0.004932117,1.384132
19.52995,0.004840981,1.336555
19.54606,0.00451608,0.5302429
19.56088,0.004670605,0.5092163
19.57656,0.005432982,0.5868301
19.59334,0.005021293,1.023018
19.60881,0.003947224,1.775589
19.62708,0.002588615,3.202301
19.68488,0.0004630573,5.083649
19.74336,0.000103455,4.971535
19.76106,0.001289237,5.338135
19.78225,0.001967877,5.089981
19.80364,0.003092818,5.500092
19.82369,0.002738643,5.153809
19.84177,0.00273047,4.56366
19.86335,0.002629485,3.901917
19.88153,0.002590444,3.470894
19.90361,0.002413657,3.392487
19.93006,0.001912005,2.985222
19.95176,0.001934085,2.808449
19.96762,0.002351329,2.854179
19.98368,0.002371006,3.364548
19.99928,0.003362667,4.640251
20.01541,0.003581069,4.742027
20.035,0.004269108,6.499046
20.05182,0.005223013,7.203186
20.06862,0.005341344,8.102707
20.08498,0.005398586,8.203842
20.10168,0.005655773,8.669327
20.1179,0.005421564,9.127678
20.13883,0.00545482,9.637901
20.16071,0.005374089,10.23798
20.17907,0.005232271,11.2146
20.19712,0.005061191,11.31165
20.21296,0.004869271,11.57301
20.22896,0.004829302,11.64284
20.24567,0.004819348,11.91645
20.26175,0.004897203,12.28113
20.27709,0.004635878,13.13696
20.29245,0.004274335,13.63853
20.30782,0.004141901,15.21218
20.32986,0.004241958,17.41775
20.34957,0.004113086,19.16479
20.36569,0.003988408,19.13453
20.382,0.004007842,19.43301
20.40038,0.00382816,19.60532
20.41566,0.003893882,19.65336
20.43256,0.003734127,19.58141
20.4481,0.003361519,19.47001
20.46323,0.003157493,19.12476
20.47921,0.003585767,18.30192
20.49812,0.003544278,17.44849
20.51609,0.003827937,16.21967
20.53166,0.003595419,15.95068
20.55127,0.004418328,15.1273
20.56657,0.003687292,14.65585
20.5819,0.003459159,14.60908
20.59744,0.003605798,13.65804
20.61262,0.003982425,13.07898
20.62915,0.004005298,12.14567
20.64592,0.003747649,11.5771
20.66244,0.003318239,11.63937
20.67817,0.004331574,10.62526
20.69349,0.004520494,10.19635
20.70921,0.004359163,10.37137
20.72687,0.003924508,10.13925
20.74331,0.004539873,8.573868
20.76294,0.003706221,9.033478
20.77886,0.003261726,9.491142
20.79444,0.002345514,9.990311
20.81316,0.002016347,10.41969
20.83158,0.001798727,9.482536
20.84871,0.00192491,8.829926
20.86708,0.002437774,7.110405
20.88522,0.001953196,6.725723
20.90184,0.002235927,5.452408
20.91789,0.001820419,4.887901
20.93369,0.001986891,3.172691
20.95093,0.002104796,2.494843
20.97279,0.002467733,0.1786499
20.99151,0.002589688,0.8643951
21.00774,0.003474813,3.443642
21.02391,0.003473919,4.887917
21.04397,0.002832014,5.523354
21.05951,0.002724513,3.81485
21.07585,0.003325399,3.070572
21.0919,0.004639223,11.69028
21.11147,0.003277428,8.671677
21.13315,0.003478952,9.405678
21.15516,0.00276288,10.82627
21.17913,0.003534555,11.45354
21.19929,0.004700031,9.07032
21.21767,0.004996199,10.05089
21.23548,0.005774383,16.13168
21.25242,0.00591265,12.50924
21.26862,0.005970336,12.44762
21.28803,0.005941011,13.06403
21.30548,0.007220652,14.37528
21.32261,0.006037135,13.88422
21.3386,0.006493066,14.02007
21.35513,0.006711598,14.71085
21.37355,0.006644897,14.00547
21.3955,0.008253824,12.92445
21.41269,0.009361155,13.03783
21.434,0.0101818,13.0565
21.45434,0.01066742,13.13013
21.46972,0.01158705,12.24416
21.48895,0.01401354,11.43753
21.50714,0.01229908,11.57526
21.52879,0.01276629,9.661118
21.54746,0.01234711,9.219757
21.56598,0.01232671,8.998253
21.58349,0.01255818,8.264091
21.60669,0.01264804,7.731575
21.62738,0.01265741,7.656105
21.64769,0.01305548,7.431931
21.66499,0.01311218,7.882751
21.68037,0.01315426,7.79493
21.69579,0.01297113,7.671043
21.7117,0.01278083,7.681252
21.72769,0.01244385,7.561554
21.74278,0.01219299,7.1614
21.75964,0.01226787,6.330124
21.77566,0.01194683,6.235008
21.79329,0.01145343,5.878571
21.81598,0.01141458,4.138863
21.83789,0.01284255,1.709175
21.85949,0.0118772,1.935806
21.88075,0.01289177,0.407608
21.89832,0.01255896,1.498955
21.91647,0.01121754,2.419884
21.93071,0.01112284,2.756836
21.94873,0.01065042,3.732162
21.96774,0.01089155,4.871628
21.98613,0.01015971,5.438393
22.00105,0.01039765,5.358887
22.0211,0.009468105,6.217918
22.03691,0.009217363,6.013237
22.05548,0.00859011,6.113884
22.07128,0.008323707,6.188187
22.08726,0.007897027,6.448074
22.10298,0.007353675,6.736908
22.11875,0.007078767,6.742821
22.13545,0.005812738,7.708534
22.15188,0.005187098,7.530373
22.16789,0.004329961,8.971237
22.18469,0.004458692,8.474243
22.19964,0.003476199,7.808464
22.21474,0.003012244,9.262215
22.23391,0.003014605,10.17442
22.25123,0.002804562,9.90358
22.2699,0.003080983,10.78045
22.28683,0.002724398,10.82174
22.30562,0.002245907,11.01781
22.32404,0.001954984,12.82835
22.33965,0.001834184,13.12951
22.35873,0.001530249,14.14621
22.37667,0.001278505,14.91092
22.39444,0.001339521,16.18118
22.40923,0.001326412,16.14752
22.42389,0.001340453,16.31925
22.44403,0.001510553,16.10575
22.46073,0.001377463,16.13523
22.47653,0.00128407,16.52956
22.49265,0.001217104,16.60716
22.50843,0.001227062,16.77281
22.52369,0.001185302,17.32173
22.54095,0.00138462,17.97451
22.55954,0.001951315,18.7673
22.57546,0.001687281,19.10979
22.59572,0.0118383,14.21337
22.61096,0.01183013,14.10316
22.62671,0.01212092,14.09779
22.64697,0.01190082,14.03159
22.66225,0.01175418,14.09632
22.67961,0.01184103,14.05176
22.69588,0.01166189,14.06635
22.71112,0.01155797,14.01862
22.72751,0.01129929,13.95422
22.74329,0.01109387,13.93486
22.75812,0.01072462,13.93333
22.77358,0.0106445,13.93811
22.78825,0.01066878,13.91258
22.80381,0.01071385,13.88007
22.82293,0.0106483,13.87121
22.84382,0.01056155,13.87373
22.87146,0.01026045,13.86694
22.89318,0.009778736,13.89009
22.91173,0.009468812,13.92298
22.92897,0.009565637,13.88114
22.947,0.009387157,14.07367
22.96222,0.009076136,14.16295
22.98015,0.008559652,14.24851
22.9964,0.008181806,14.30057
23.0134,0.00771679,14.40257
23.02987,0.007424359,14.51399
23.04713,0.007414226,14.57791
23.06971,0.007314009,14.73435
23.08439,0.007220612,14.79732
23.09924,0.007180362,14.81593
23.11491,0.007267016,14.87988
23.13024,0.007451944,14.86817
23.14775,0.00749852,14.89365
23.16341,0.007418765,14.87657
23.18122,0.007420456,14.91007
23.19629,0.007454946,14.97664
23.21153,0.007432997,15.05836
23.2273,0.007353908,15.07461
23.24338,0.007334922,15.03618
23.2586,0.007022911,15.16803
23.27792,0.008489389,14.96734
23.29623,0.008545708,15.23964
23.31192,0.008530521,15.3447
23.32828,0.008621186,15.34671
23.34276,0.008851188,15.36872
23.35775,0.009238242,15.33146
23.37401,0.009340583,15.42884
23.38995,0.009750201,15.44869
23.4061,0.009860558,15.34433
23.42158,0.01007086,15.29119
23.43693,0.01057591,15.2396
23.45352,0.0111147,15.46214
23.50957,0.01103716,15.58532
23.56993,0.01161529,15.74235
23.62534,0.01332315,15.36015
23.69956,0.01482773,15.17572
23.78518,0.0162112,15.57707
23.85222,0.01635168,15.80875
23.9278,0.01641918,16.1277
23.98405,0.0165145,16.64998
24.03878,0.01729321,16.76416
24.09694,0.01793847,17.21342
24.14959,0.01830487,17.62928
24.20129,0.01853964,17.93467
24.25533,0.01830082,18.29548
24.31336,0.01824321,18.75773
24.36563,0.01843595,19.04663
24.41852,0.0170163,19.48297
24.47375,0.01925797,19.88645
24.5311,0.01733313,20.59541
24.59019,0.01569706,21.05531
24.64414,0.01484343,21.78048
24.69642,0.01334583,22.77039
New Try
New Try
New Try
New Try
New Try
New Try
New Try
New Try
New Try
New Try
New Try
New Try
New Try
3.712392,0.007526082,13.20568
3.720086,0.007871832,13.17711
3.739178,0.008101401,13.12919
3.757621,0.007753748,13.41797
3.78034,0.007907473,13.39455
3.797156,0.008249407,13.43257
3.814834,0.008217135,13.51695
3.832952,0.008202359,13.54955
3.8504,0.008212738,13.61435
3.868222,0.007910319,13.69582
3.892374,0.007899025,13.75793
3.908792,0.007915091,13.80791
3.927584,0.007774111,13.82134
3.944565,0.007599538,13.85652
3.961237,0.007565877,13.88198
3.978821,0.007168392,13.98785
3.998922,0.006239485,14.12387
4.020465,0.006159157,14.05768
4.041792,0.006109185,14.06254
4.062231,0.006319913,14.07628
4.081835,0.005992004,14.21411
4.107263,0.006183205,14.16518
4.123878,0.005892368,14.243
4.143497,0.00576686,14.24166
4.16056,0.005834871,14.19417
4.177178,0.005648075,14.27901
4.194604,0.005626428,14.30893
4.211391,0.005772895,14.30003
4.229021,0.005745104,14.41955
4.246017,0.005752712,14.40377
4.263101,0.005766964,14.41859
4.280249,0.005810542,14.40413
4.298084,0.005786338,14.43807
4.323516,0.005843906,14.49506
4.339025,0.00579017,14.52117
4.356547,0.005852588,14.49072
4.374408,0.005812393,14.5684
4.391758,0.005825688,14.57995
4.41064,0.005761886,14.61664
4.427921,0.005715094,14.71162
4.444496,0.005340909,14.69968
4.460882,0.005027591,14.7574
4.478269,0.005304001,14.62969
4.49516,0.005123324,14.77242
4.512054,0.004944218,14.8106
4.536596,0.005184739,14.76694
4.552013,0.005145326,14.92499
4.571233,0.005640651,14.89004
4.589542,0.005900665,14.89907
4.606798,0.006279182,14.86402
4.623908,0.006492889,14.86185
4.642114,0.006419418,14.90016
4.659191,0.006406893,14.94923
4.679778,0.006473909,14.94015
4.696763,0.006449779,14.98033
4.713996,0.006484692,15.05128
4.742134,0.007260638,15.08423
4.758657,0.007575249,15.08509
4.780218,0.007702548,15.06274
4.799863,0.007817285,15.05591
4.82249,0.008445047,14.97284
4.843921,0.008914081,14.94799
4.866683,0.008960583,15.01484
4.887027,0.009275792,14.99517
4.911723,0.009347809,14.99812
4.934111,0.009473893,15.01748
4.961947,0.009496899,15.02791
4.979431,0.009591808,15.02474
5.000726,0.009741098,15.04305
5.020827,0.00964221,15.11736
5.038488,0.00959557,15.19972
5.055815,0.009645823,15.27312
5.073955,0.00964958,15.34087
5.091344,0.009669054,15.41303
5.10817,0.009616666,15.44965
5.125627,0.01047413,15.54759
5.145591,0.01049461,15.56754
5.172827,0.01070035,15.61659
5.192327,0.01080281,15.71668
5.211407,0.01081852,15.76639
5.233521,0.01086185,15.83796
5.254497,0.01115167,15.85715
5.275012,0.01117403,15.88252
5.295061,0.0112954,15.9299
5.312635,0.01138563,16.00348
5.329964,0.01141821,16.08284
5.3475,0.01143335,16.11783
5.371058,0.01143046,16.18026
5.387951,0.0112913,16.30697
5.410357,0.01129531,16.39484
5.431334,0.01138825,16.41495
5.452147,0.01109411,16.5273
5.473313,0.01085177,16.71657
5.490205,0.01099613,16.57513
5.507219,0.01067693,16.78963
5.524117,0.01145079,16.65726
5.541505,0.01157761,16.68372
5.560689,0.0118241,16.75687
5.588912,0.0118276,16.8129
5.608203,0.0118013,16.82241
5.627294,0.01188971,16.88142
5.648787,0.01190599,16.8955
5.668835,0.01186673,16.9586
5.690413,0.01175054,17.07346
5.70967,0.01223898,16.979
5.726549,0.01227227,16.94741
5.743398,0.01226659,16.95968
5.76097,0.01223149,16.99677
5.777376,0.0121956,17.02663
5.801375,0.01214687,17.08788
5.816749,0.01235802,17.16019
5.835699,0.01227331,17.22521
5.853728,0.01310169,17.28534
5.871076,0.01304444,17.35989
5.888856,0.01328085,17.41494
5.906569,0.01327152,17.46088
5.923804,0.01328357,17.47287
5.942617,0.01300842,17.59018
5.959746,0.01285542,17.65591
5.978428,0.01294358,17.56644
6.001102,0.01280056,17.67601
6.015697,0.01289313,17.69939
6.034453,0.01300399,17.76432
6.063081,0.01299462,17.88004
6.080432,0.01298125,17.88418
6.097363,0.01287543,17.96863
6.114944,0.01286972,17.98362
6.134118,0.01286746,18.01525
6.153213,0.012855,18.08419
6.171921,0.0128587,18.17219
6.191606,0.01286785,18.2042
6.217665,0.01281112,18.27265
6.23811,0.01274728,18.33068
6.257069,0.01253326,18.48639
6.276975,0.01256623,18.52279
6.297536,0.01243208,18.5945
6.318392,0.01266847,18.59007
6.337008,0.01296976,18.54609
6.355262,0.01280802,18.71643
6.371724,0.01318164,18.69582
6.388865,0.01300255,18.84409
6.405622,0.01298298,18.8778
6.427949,0.01315506,18.87167
6.442164,0.01296504,18.99236
6.458744,0.01298576,18.96716
6.475429,0.01293078,19.02117
6.492021,0.01289693,19.05909
6.508715,0.01286657,19.12896
6.525213,0.01271367,19.19554
6.541931,0.01264821,19.25648
6.558571,0.01279489,19.27111
6.575554,0.01335274,19.11381
6.592209,0.01313578,19.3034
6.609295,0.01282568,19.46927
6.632086,0.01305691,19.44875
6.648614,0.01303158,19.48259
6.66624,0.01306569,19.50924
6.684133,0.01300344,19.5766
6.702249,0.01304265,19.60397
6.72444,0.01303486,19.66558
6.741453,0.0133038,19.6799
6.759727,0.01330712,19.81682
6.776208,0.01328263,19.83333
6.794284,0.01306013,19.93062
6.81082,0.01300277,19.98393
6.83423,0.01301503,20.04025
6.84901,0.01293808,20.11198
6.866937,0.01292056,20.17435
6.884465,0.01282199,20.23936
6.901651,0.01271392,20.30433
6.920705,0.01261743,20.377
6.938077,0.0125135,20.45904
6.956661,0.012431,20.53392
6.97288,0.01238818,20.57268
6.989494,0.01230689,20.67297
7.005384,0.01155668,21.10376
7.06649,0.01115582,21.33803
7.129428,0.01126136,21.5181
7.185954,0.01106174,21.69734
7.245465,0.01097633,21.96803
7.30449,0.0116637,22.2649
7.365775,0.01208599,22.56976
7.422457,0.01196086,22.78472
7.479511,0.01194428,22.81861
7.53685,0.01187381,23.16186
7.5982,0.006428596,23.34525
7.654673,0.005305327,22.41858
7.710361,0.004297748,20.21803
7.776002,0.00366595,18.2732
7.852422,0.003128059,17.17924
7.920114,0.002491921,16.6145
7.978775,0.002626698,15.9754
8.037587,0.00332617,14.32624
8.093885,0.00445779,13.70994
8.150815,0.004971914,13.71438
8.209074,0.00512794,13.85593
8.269078,0.005766142,14.16507
8.326225,0.006542027,14.17886
8.385602,0.007018529,14.68242
8.442188,0.006415449,13.77124
8.501922,0.006401613,12.25594
8.55757,0.006041143,11.01506
8.617656,0.004565366,9.063805
8.673396,0.004674975,8.389221
8.719329,0.004205797,7.398529
8.764832,0.004152775,6.820694
8.817188,0.004002202,6.255623
8.865527,0.0042473,5.694962
8.91078,0.003991932,5.805305
8.958721,0.00328185,6.639442
9.002975,0.003423899,6.74295
9.048118,0.004260279,6.501808
9.090947,0.005285148,5.945557
9.13375,0.006673373,5.573456
9.180268,0.006958365,6.951073
9.225848,0.006178901,8.418633
9.269817,0.0065559,9.43689
9.313607,0.004903443,10.36156
9.35712,0.005991124,9.630417
9.404314,0.006477859,9.103317
9.450953,0.006047856,9.339737
9.493287,0.005268306,9.033035
9.535476,0.005801685,9.223457
9.577307,0.004362781,9.42659
9.626343,0.004238382,9.032501
9.669455,0.003943503,9.619209
9.710919,0.003335375,9.513351
9.754058,0.002650723,9.802826
9.803305,0.002269126,9.920731
9.825227,0.002197985,9.663666
9.846223,0.002166297,9.502663
9.867802,0.00302311,10.00315
9.885319,0.002055541,9.781052
9.904674,0.001499787,8.633469
9.927839,0.002351001,9.062782
9.943698,0.001379233,9.878426
9.961992,0.0004804805,10.45084
9.984544,0.0002519228,10.76218
10.00283,8.515269E-05,10.48106
10.02022,0.0005304888,10.86057
10.04027,0.0001158342,10.82168
10.05875,0.0002290495,10.58766
10.07719,0.0001047812,9.759071
10.09627,0.0006371513,9.88414
10.11376,0.0009966157,10.15169
10.13301,0.001184732,9.745483
10.15113,0.001314349,9.594505
10.17099,0.0006332807,10.4711
10.1888,0.0009833984,10.09139
10.20727,0.001102325,9.704102
10.22739,0.001505557,9.925423
10.25044,0.002592146,9.32943
10.26947,0.002479441,10.50535
10.28778,0.002837386,8.834877
10.30828,0.003733601,9.465157
10.32718,0.003983032,9.738976
10.34792,0.004344899,9.104683
10.36645,0.005383138,9.436897
10.38398,0.005357005,8.866798
10.4024,0.005552594,8.820999
10.4218,0.005936921,8.586578
10.43818,0.006428055,8.533958
10.46184,0.006927662,8.517097
10.48278,0.007106047,8.226677
10.50181,0.007235501,8.329132
10.52069,0.007265117,8.285416
10.53848,0.007393803,8.115288
10.55517,0.007367551,8.042343
10.57422,0.00731618,7.765297
10.59044,0.007249389,7.802879
10.605,0.007731337,6.800697
10.61998,0.00792753,7.578667
10.63505,0.008269429,6.923836
10.6502,0.008300468,7.582375
10.66882,0.008622367,7.64183
10.68397,0.007415466,7.367371
10.69972,0.007746872,7.542885
10.71416,0.007752664,7.552658
10.72875,0.007672627,6.859222
10.74512,0.007805005,7.193962
10.76031,0.007235501,6.379471
10.77586,0.006714519,5.601326
10.79597,0.00621587,5.809982
10.81396,0.00475521,5.352684
10.82907,0.004584383,5.533257
10.84334,0.003958847,5.487961
10.85936,0.00366576,5.177216
10.87779,0.003099572,5.101143
10.89207,0.00279979,4.97995
10.90862,0.002131589,4.527473
10.92484,0.00107855,4.387756
10.94099,0.0004537664,4.20594
10.95545,0.0003814884,3.932251
10.96995,0.001620032,3.635529
10.98697,0.002567016,3.033768
11.00138,0.004859325,3.078758
11.01801,0.005990434,3.02417
11.03326,0.006542154,1.29084
11.04943,0.006871406,2.845711
11.07014,0.007921431,3.302864
11.09917,0.009242348,2.184044
11.11626,0.009395286,0.8186646
11.13212,0.009950828,0.5037918
11.1495,0.01066903,1.144524
11.16496,0.01165933,1.011009
11.18019,0.01274946,0.9730148
11.19631,0.01328459,0.6627655
11.21278,0.01380171,0.4552917
11.22854,0.01353689,0.338974
11.24422,0.01362127,0.7748718
11.26044,0.01349012,0.9770203
11.27958,0.01313811,1.42794
11.29927,0.01290958,1.755547
11.3191,0.0130366,1.729042
11.33567,0.01256738,2.353699
11.35229,0.01249053,2.913635
11.36811,0.01239957,3.1315
11.38406,0.01228515,3.700974
11.39956,0.01250786,5.598289
11.41479,0.01145239,4.580666
11.42996,0.01089475,6.223335
11.44565,0.01050711,6.561264
11.46123,0.009791829,7.608459
11.47759,0.00899455,5.917641
11.49422,0.008103352,6.589851
11.51466,0.00734321,6.72747
11.53023,0.006445184,6.971664
11.54683,0.005587146,7.580612
11.56341,0.004889503,7.871361
11.57975,0.00396451,7.701515
11.59602,0.003181219,7.761261
11.61255,0.002773095,8.143188
11.6283,0.002240729,8.304779
11.64341,0.001526866,8.669685
11.66168,0.001290105,8.885094
11.67803,0.0006827079,9.542076
11.69453,0.0003471635,9.524071
11.71607,0.0003520399,9.656937
11.73263,0.0009246692,9.912354
11.74915,0.001018159,10.15521
11.76713,0.001525003,9.747742
11.78368,0.001952112,9.142021
11.79838,0.002193112,8.952309
11.81504,0.002750281,9.261932
11.83704,0.003565382,8.950348
11.85392,0.004236184,8.479698
11.86966,0.004110277,8.490097
11.8851,0.004275441,8.7118
11.90292,0.004228298,9.122978
11.92275,0.004649974,8.748764
11.93822,0.004554674,9.406792
11.95384,0.004480828,9.76767
11.97037,0.004524972,9.812515
11.98917,0.004631955,11.404
12.01147,0.005237263,11.65869
12.03248,0.005437803,11.9845
12.04888,0.005639289,12.2834
12.06576,0.006086659,12.85507
12.08187,0.006382693,13.20001
12.09786,0.006619129,14.30866
12.11476,0.00676078,14.58925
12.13501,0.00613118,16.24833
12.15136,0.004944254,18.58267
12.16782,0.005669154,19.06497
12.18406,0.003340684,15.36835
12.20492,0.002905112,17.05198
12.22046,0.00264544,17.01626
12.23597,0.003134444,17.66027
12.25147,0.002489876,16.26292
12.26732,0.002241183,14.58093
12.28308,0.002808463,16.59948
12.30058,0.002968401,17.4601
12.31609,0.003648315,23.01888
12.33827,0.003568131,21.68085
12.35333,0.004112065,23.24144
12.3698,0.004931927,25.26428
12.38612,0.005262557,25.71397
12.40169,0.005620409,26.23645
12.41715,0.007477321,27.61596
12.43239,0.007350771,27.57145
12.44736,0.008007411,27.07893
12.46304,0.008713749,26.93299
12.4808,0.008270837,26.40704
12.50107,0.009598427,25.02512
12.52015,0.008093095,25.48122
12.54063,0.008173178,25.07125
12.55648,0.008306859,24.69725
12.5766,0.008433085,24.32911
12.59416,0.008372128,24.11639
12.61176,0.008554052,23.76947
12.63196,0.008131134,23.7327
12.64907,0.008592372,23.1791
12.66749,0.008802528,22.92011
12.68568,0.009174063,22.58212
12.70343,0.009200144,22.48553
12.71922,0.009165754,22.33611
12.73547,0.009595674,21.95108
12.7566,0.0100381,21.63586
12.7754,0.01033069,21.22706
12.79821,0.01040078,20.84707
12.81639,0.01076212,20.25684
12.83659,0.01042353,19.76555
12.8588,0.009190836,19.28906
12.8769,0.008969015,19.08829
12.89556,0.0102682,17.85922
12.91467,0.009729192,18.34758
12.93142,0.01051951,18.0194
12.94972,0.01091706,17.44691
12.97149,0.01105556,17.24312
12.99018,0.0116937,16.84749
13.01452,0.01181371,16.49843
13.03386,0.01216783,16.15993
13.05389,0.0121072,15.83281
13.07135,0.01230392,15.65006
13.09079,0.01267266,15.30469
13.11172,0.01282034,15.19249
13.13016,0.01308574,14.95533
13.14848,0.01339442,14.60279
13.16626,0.01354373,14.50176
13.1881,0.01282067,14.00524
13.20592,0.0120557,14.00532
13.22755,0.01156135,13.98689
13.24713,0.01145577,13.95255
13.26532,0.01125897,13.88441
13.28274,0.01136695,13.81295
13.30001,0.01134364,13.74636
13.3171,0.01102815,13.53193
13.33595,0.01077083,13.50408
13.35764,0.0107822,13.41396
13.37615,0.0107231,13.4053
13.39855,0.01053552,13.21497
13.41764,0.01051765,13.13225
13.43549,0.01084488,13.02641
13.45261,0.01068659,12.96012
13.4709,0.01088087,12.91028
13.48904,0.01094983,12.8375
13.50681,0.01083847,12.78219
13.5245,0.01103807,12.7162
13.54316,0.01093806,12.71695
13.56091,0.01052366,12.64905
13.58012,0.009864736,12.75867
13.60214,0.0104896,12.8801
13.62122,0.01091462,12.92181
13.64053,0.01111813,13.09476
13.65951,0.01119552,12.97488
13.67914,0.01144004,13.05903
13.69717,0.01153492,13.13932
13.71562,0.01174503,13.28757
13.73377,0.01201218,13.39856
13.75147,0.01244218,13.51116
13.76867,0.01241618,13.62666
13.78686,0.01299975,13.83206
13.81144,0.01317585,13.8042
13.83079,0.01320157,13.74291
13.85052,0.01322252,13.72725
13.86976,0.009224989,34.49318
13.89363,0.009428535,34.29258
13.91351,0.009222358,34.03175
13.93108,0.009219777,33.60858
13.94965,0.00996618,32.3557
13.9678,0.01026161,31.10289
13.98609,0.01169452,31.95535
14.00636,0.01117148,29.04716
14.03554,0.01228499,27.33855
14.05334,0.01266381,26.01697
14.0711,0.01272377,23.13868
14.08917,0.01153066,22.75014
14.10824,0.01164999,21.90073
14.13047,0.01108993,20.9898
14.15332,0.01155263,19.95429
14.17643,0.01102065,20.49338
14.19492,0.01064881,20.33472
14.21577,0.01059376,20.62683
14.23763,0.01019611,20.45277
14.25671,0.0097843,20.45997
14.27609,0.009379048,19.28482
14.29636,0.009564161,18.36013
14.31524,0.008794598,17.90373
14.33312,0.009135865,15.34176
14.35206,0.00883114,13.21766
14.37005,0.00861397,11.78923
14.39062,0.007877328,10.36514
14.41028,0.007355679,8.855568
14.42935,0.007681634,7.007607
14.45152,0.007269092,5.590416
14.46937,0.005787719,3.554428
14.48842,0.005072877,0.984108
14.51354,0.004731372,0.3355942
14.53113,0.005118903,0.2270813
14.5484,0.00516456,0.009147644
14.56598,0.00496887,1.122429
14.58294,0.004833303,1.767273
14.60033,0.004348963,1.742142
14.61814,0.004473832,1.953758
14.63635,0.004226405,3.378334
14.65859,0.00402477,4.501007
14.67743,0.003478855,4.78714
14.69768,0.004068363,3.64547
14.71922,0.004762359,5.453598
14.74183,0.002790269,6.848907
14.76606,0.003779154,6.468269
14.79012,0.005899638,0.7079315
14.81339,0.00610118,0.0008163452
14.83331,0.00764646,2.808182
14.85763,0.00756292,3.644821
14.88155,0.008513492,8.517235
14.90555,0.008706562,10.4436
14.92579,0.008852463,12.3238
14.94868,0.008687329,14.41662
14.96947,0.008591708,17.1899
14.98796,0.008695908,16.3596
15.00947,0.00907645,22.02211
15.03131,0.009489119,23.1489
15.04899,0.01182451,23.22746
15.06663,0.01243575,27.18715
15.08808,0.01324292,24.62218
15.10615,0.0148343,17.74144
15.12771,0.0153728,20.55811
15.1506,0.01607848,19.58173
15.1687,0.01620341,19.8065
15.18663,0.01624199,20.02812
15.20413,0.0163581,19.7848
15.22284,0.01649813,18.53471
15.24046,0.01681386,16.93538
15.25918,0.01685588,15.06852
15.27781,0.01645227,15.02142
15.30077,0.0161247,15.23418
15.31956,0.01582459,14.81129
15.33871,0.01583168,14.46676
15.35877,0.01582048,13.96257
15.37754,0.01602934,11.1683
15.3969,0.0160402,9.229996
15.41482,0.01589043,7.421242
15.43259,0.01572578,6.596596
15.44968,0.01570795,6.18428
15.46766,0.01559159,5.150078
15.48607,0.01533356,4.409286
15.50809,0.01498374,4.919945
15.52666,0.01490797,4.600319
15.54529,0.01474259,3.840363
15.56403,0.01453015,2.691902
15.58135,0.01405503,1.412735
15.59923,0.01386249,0.3709183
15.6171,0.01288755,0.8727722
15.63417,0.01266601,0.6463318
15.65212,0.0122419,0.9652557
15.66962,0.01203972,1.335609
15.69491,0.01199069,1.214371
15.71782,0.01185698,0.9953003
15.73596,0.01130312,1.423668
15.75379,0.01098231,1.683037
15.77278,0.0106678,2.52037
15.79245,0.009797826,4.021233
15.81303,0.00984123,3.627457
15.83061,0.00905345,2.970863
15.85005,0.00936871,2.421051
15.86863,0.009024259,1.325439
15.88582,0.008535523,2.87529
15.90443,0.008258179,1.869171
15.93304,0.008809671,1.238892
15.95108,0.008253057,0.7535172
15.96946,0.008547876,0.6408768
15.98737,0.008971613,2.332283
16.00542,0.008759078,4.220833
16.02486,0.008957043,6.322502
16.04577,0.009171929,10.13576
16.06367,0.009157795,11.31708
16.08506,0.008809295,14.04298
16.10304,0.009176418,16.18581
16.1219,0.009519055,18.28001
16.14482,0.01004866,30.13226
16.16377,0.01060248,26.81089
16.1817,0.01158297,29.43315
16.19978,0.01118786,24.90532
16.21733,0.01117437,28.46318
16.23495,0.01198962,27.47446
16.25252,0.01361419,27.37326
16.27059,0.01371081,27.38186
16.28876,0.0142593,27.59791
16.30671,0.01436081,27.69464
16.32596,0.01433703,28.5999
16.34816,0.01464011,28.81058
16.36735,0.01469061,29.30543
16.39008,0.01436559,30.29435
16.41163,0.01410602,31.08571
16.43041,0.01424743,31.26385
16.44832,0.01373374,31.79962
16.46569,0.01374539,31.94335
16.48345,0.01354412,32.437
16.50117,0.01363451,33.05659
16.52142,0.01412159,33.45478
16.54029,0.01560736,33.51317
16.56273,0.01574107,32.40747
16.58104,0.01607918,31.73702
16.5989,0.01797564,29.74855
16.61632,0.01870478,28.15989
16.63431,0.01786727,27.23195
16.65163,0.01784566,26.90091
16.66888,0.01825444,25.8107
16.68698,0.01835502,24.99657
16.70582,0.01863582,23.7548
16.72437,0.01906868,22.08068
16.74282,0.01862681,22.07542
16.76537,0.0183927,22.3127
16.78329,0.01827368,21.66175
16.80069,0.01786711,21.88293
16.81949,0.01765892,21.91672
16.8374,0.01742576,20.96872
16.86191,0.01734079,19.73167
16.87947,0.01751192,17.69749
16.89697,0.01721925,14.78921
16.91444,0.01631946,12.49116
16.93553,0.01578325,10.99811
16.9588,0.01522651,9.081757
16.98673,0.01478695,6.6493
17.01241,0.01459185,4.996674
17.0378,0.01389014,3.163818
17.06536,0.01371643,3.857117
17.08811,0.01301503,2.83371
17.10842,0.01260319,3.757713
17.13305,0.01243844,4.469612
17.15316,0.01236391,4.55909
17.17068,0.01234986,4.978592
17.19238,0.01205999,5.49131
17.21069,0.01176526,6.422981
17.22864,0.01155483,6.20282
17.2474,0.01131521,7.141853
17.26452,0.0104979,5.043137
17.28264,0.009819191,3.723198
17.29991,0.008834347,3.779549
17.318,0.009681534,3.276688
17.33834,0.009555053,2.072174
17.35784,0.011036,3.387413
17.37651,0.01179398,1.277184
17.40071,0.01217202,0.739151
17.41954,0.01248508,0.5330429
17.43958,0.01289978,0.3231201
17.45955,0.01212996,0.3176193
17.47705,0.01192011,0.4792023
17.49419,0.0118407,0.7265244
17.51168,0.01187005,0.9986954
17.52952,0.01192809,1.31366
17.54627,0.01207671,1.664917
17.56426,0.01212528,2.009132
17.5815,0.0123045,1.306519
17.60371,0.01261729,1.851891
17.62094,0.01075974,2.238686
17.63904,0.01312815,0.2404327
17.65849,0.0132721,2.018227
17.67847,0.01375943,1.507172
17.69905,0.01364519,2.148125
17.71704,0.01410081,2.312157
17.73413,0.01438854,2.611977
17.75221,0.01471755,1.524246
17.76999,0.01537216,1.647537
17.78931,0.01603574,2.839027
17.8131,0.0169959,2.842346
17.8323,0.01737583,3.748634
17.85006,0.01742184,3.319466
17.87044,0.01706281,2.204857
17.88903,0.01776744,1.981308
17.90929,0.01771734,0.7205582
17.92801,0.01795027,3.131805
17.94622,0.01715666,2.112488
17.96952,0.01633243,3.335197
17.98725,0.01590859,5.80468
18.01046,0.01581472,5.466644
18.03241,0.01507835,6.044556
18.05305,0.01631163,5.470497
18.07164,0.01619941,5.402275
18.09101,0.01543482,5.540009
18.10933,0.01504225,5.237961
18.12809,0.01422201,5.514854
18.14555,0.01340631,5.325783
18.16282,0.0116045,6.427208
18.18032,0.009770881,6.506538
18.19851,0.009778,6.100449
18.21588,0.009321582,5.188126
18.23914,0.007943697,5.187088
18.25765,0.007218894,4.525673
18.27811,0.006722394,4.026527
18.29575,0.006390784,3.632668
18.31448,0.005908847,3.913147
18.3324,0.005387761,4.283302
18.35263,0.00334299,4.71917
18.37025,0.002584193,5.453262
18.39108,0.002296194,5.472359
18.40982,0.001759827,5.518288
18.42874,0.0005335659,5.685074
18.45123,0.0002358519,6.200768
18.47011,0.0002449192,6.147751
18.48957,0.0008065663,6.913216
18.51023,0.00102669,7.622688
18.52896,0.0009818599,7.907173
18.54772,0.00135177,8.131516
18.56541,0.001070064,8.325249
18.58393,0.0009708218,8.320457
18.60849,0.001001664,8.322777
18.63072,0.000864774,8.070976
18.66051,0.0008204877,8.109596
18.68286,0.001099814,8.205948
18.70148,0.0007932819,8.795494
18.72045,0.0003936663,8.740746
18.73996,0.0005342774,8.59137
18.75876,0.0002901591,8.43029
18.77685,0.0003459752,8.058899
18.79381,0.0003054701,7.835167
18.81321,0.0004706718,7.487495
18.83358,0.000949204,6.89473
18.85716,0.001016777,6.56192
18.87654,0.001037803,5.927109
18.89529,0.0007477887,5.491898
18.91513,0.0005155392,5.069298
18.93251,0.0006257892,5.03363
18.94991,0.0005195849,4.780029
18.96791,0.0002582781,4.499626
18.98973,0.0003843792,3.908226
19.00915,0.0007364824,3.000984
19.02694,0.00106243,2.056
19.04426,0.0008020997,1.220314
19.07024,0.0008604638,0.3742371
19.0882,0.0006067641,1.200417
19.10687,0.001230963,1.514198
19.12661,0.0002980195,0.9106827
19.14458,0.001446426,2.547089
19.16351,0.001463063,2.070641
19.19041,0.001187444,2.767853
19.21056,0.0004607327,2.504372
19.22928,0.0005621649,2.543663
19.24571,0.0008798838,2.660194
19.26761,0.001198534,3.340355
19.28628,0.001999106,3.958435
19.30666,0.002363827,4.139107
19.32538,0.002571411,4.256416
19.34305,0.00280086,4.480042
19.36074,0.00289645,4.752213
19.37971,0.003200289,5.411171
19.39798,0.003317244,5.35788
19.41525,0.00345185,5.567909
19.43314,0.003760405,5.673409
19.45012,0.003568809,5.223068
19.47244,0.003166456,4.210762
19.4908,0.002278265,1.657104
19.50952,0.002106532,1.438187
19.52814,0.002548244,0.8673859
19.54526,0.001844723,0.4831009
19.56316,0.001365684,1.356339
19.58067,0.001027558,1.88504
19.59919,0.001204528,3.444023
19.61936,0.001182072,3.315453
19.64109,0.001670267,3.394135
19.66347,0.001880091,2.953049
19.69315,0.001799598,3.043991
19.71362,0.001653031,2.899994
19.73096,0.001593843,3.036957
19.7486,0.001875743,2.933548
19.76692,0.002197534,2.538574
19.78618,0.002212398,3.965851
19.80543,0.001877509,3.906517
19.82505,0.002333649,5.941605
19.84249,0.002341364,5.571037
19.86051,0.003399856,7.32299
19.87853,0.003856309,7.342873
19.90358,0.003634915,6.887169
19.92421,0.003543463,6.126869
19.94356,0.003628138,6.130684
19.96127,0.003633186,6.022224
19.98382,0.00334594,5.796066
20.0076,0.003317099,5.145287
20.03068,0.003521688,4.906975
20.05515,0.003518213,3.618561
20.07901,0.003285762,3.336685
20.10692,0.002976175,2.129791
20.12759,0.002765305,0.7880859
20.14739,0.002949387,0.3367081
20.17065,0.003068563,1.244896
20.19456,0.003322978,1.882286
20.21603,0.003899809,2.373352
20.23405,0.00334543,2.665886
20.25156,0.003773045,2.365479
20.27031,0.004272569,2.79718
20.28871,0.004510164,3.509834
20.31281,0.005520262,5.055542
20.33566,0.005844776,5.94693
20.3596,0.006237715,6.221672
20.37717,0.007473364,6.592865
20.39668,0.006451145,6.307884
20.4144,0.006439209,5.984367
20.43311,0.006314978,6.44455
20.45036,0.006203242,6.833397
20.46817,0.006048851,7.557243
20.48584,0.006116647,8.129333
20.50479,0.006069344,8.603317
20.52701,0.005548589,7.634872
20.54465,0.005348362,7.100006
20.56469,0.005798355,7.343384
20.58246,0.005481165,6.438354
20.60053,0.005748861,5.908394
20.61843,0.00591208,4.961914
20.6368,0.00566287,4.347977
20.65611,0.006296325,3.810371
20.67393,0.006835971,2.543808
20.69206,0.006096937,1.33828
20.70963,0.006088462,0.7786484
20.73198,0.005925868,0.1841354
20.75021,0.006240342,0.7040634
20.76961,0.00655191,1.22229
20.78873,0.006209396,1.112724
20.80689,0.005948614,1.666008
20.82446,0.005793858,1.92981
20.84212,0.006031025,2.457352
20.86059,0.005717553,2.938972
20.87806,0.005578268,3.924088
20.89784,0.00532778,5.112862
20.91473,0.006853413,5.722427
20.93685,0.005601916,6.414635
20.9555,0.005355362,6.681679
20.97435,0.006349504,8.354141
20.99319,0.005258303,8.706429
21.01096,0.004984416,8.978325
21.0311,0.005077422,10.55844
21.04983,0.004442941,12.26931
21.07194,0.004549187,13.00641
21.09376,0.004318677,15.05558
21.11896,0.004175432,15.77738
21.14466,0.003841922,16.6869
21.1628,0.003533397,16.85299
21.18028,0.003318496,17.12158
21.19913,0.003127266,17.46841
21.22252,0.003125627,17.50173
21.24298,0.002900869,18.66183
21.26052,0.002812274,19.33998
21.27787,0.002073105,21.23213
21.29579,0.0030548,21.14437
21.31462,0.002291561,20.88713
21.33172,0.002112429,20.74976
21.35414,0.002338369,20.47347
21.37371,0.001963975,20.49771
21.39142,0.002087252,20.41748
21.4104,0.002716051,20.2764
21.42821,0.002753523,20.28569
21.44759,0.003033501,20.22694
21.46607,0.003135612,20.1873
21.48901,0.003348351,20.05061
21.50661,0.003405996,19.91394
21.52676,0.0033837,19.75916
21.54384,0.003501258,19.5133
21.56521,0.003621145,19.33179
21.58269,0.003584951,19.19928
21.60041,0.003598611,19.0752
21.62157,0.003601649,18.95558
21.64485,0.004244229,18.90106
21.66747,0.004339832,18.29391
21.69169,0.005410511,18.48653
21.7113,0.004863966,18.07144
21.72921,0.005026148,17.944
21.74691,0.005483821,17.74416
21.76972,0.005519262,17.07147
21.78951,0.005613045,17.17103
21.80751,0.005586342,16.93493
21.82642,0.006083491,16.97001
21.84476,0.006010142,16.89778
21.8632,0.006885529,16.82956
21.88202,0.006399558,16.63002
21.90216,0.006371368,16.50294
21.9216,0.006329241,16.47676
21.93952,0.006371663,16.39058
21.95873,0.006382465,16.10734
21.98123,0.00678304,15.89022
21.99911,0.006957676,15.6716
22.0172,0.006846863,15.5606
22.03739,0.007638438,15.56805
22.05901,0.008179775,15.38881
22.08086,0.008501994,15.2068
22.09922,0.008540235,15.31356
22.11756,0.008782998,15.35813
22.13679,0.009149952,15.14789
22.15546,0.009264186,15.27268
22.17229,0.009508277,15.33499
22.19493,0.009853831,15.29371
22.2152,0.009829529,15.33434
22.23211,0.009806709,15.37127
22.25003,0.009820342,15.39385
22.26779,0.009923973,15.4132
22.28674,0.0100118,15.51324
22.30485,0.01000478,15.5386
22.32349,0.009955642,15.62561
22.34085,0.01006994,15.67004
22.35904,0.01024117,15.82142
22.37725,0.01042474,15.79097
22.4001,0.01094022,15.84332
22.41807,0.01138406,16.17684
22.43784,0.0127944,15.8455
22.45672,0.01271016,16.12379
22.47423,0.01351733,15.99626
22.49187,0.01340502,16.12776
22.51011,0.01334352,16.21765
22.52768,0.01398058,16.25344
22.54553,0.01395305,16.33453
22.5632,0.01414423,16.29535
22.58022,0.01431532,16.39022
22.60411,0.0145597,16.38458
22.6227,0.01466613,16.394
22.64404,0.01493883,16.44463
22.67453,0.01493595,16.33563
22.6923,0.01534358,16.40041
22.71157,0.0152962,16.48948
22.73593,0.01594714,16.497
22.7563,0.01601016,16.7047
22.77461,0.01630722,16.81532
22.79183,0.01583087,17.05563
22.81426,0.01640575,17.0085
22.83252,0.01617632,17.09927
22.85011,0.01589613,17.15009
22.87052,0.01583651,17.24634
22.88899,0.01616945,17.2878
22.90997,0.01558635,17.61727
22.92747,0.01634445,17.58922
22.94556,0.01606452,17.78364
22.96261,0.01600256,17.86529
22.98117,0.01554617,18.13015
22.99938,0.01538903,18.19948
23.02199,0.01531405,18.35652
23.04089,0.0152274,18.43586
23.05842,0.01427614,18.89433
23.08048,0.01414059,18.9024
23.1026,0.01323352,19.09228
23.12078,0.01250174,19.65807
23.13995,0.01290284,19.37027
23.15829,0.01238528,19.57453
23.17597,0.01210651,19.70023
23.1936,0.01189679,19.86957
23.2114,0.01148812,20.10281
23.23348,0.01177036,20.04564
23.25276,0.01124184,20.29025
23.27492,0.01091504,20.38371
23.29262,0.01059882,20.61955
23.31065,0.01045755,20.77403
23.32844,0.01039226,20.86873
23.34615,0.01037644,20.93087
23.36522,0.01021042,21.08041
23.38412,0.01013292,21.20813
23.40344,0.009967993,21.34164
23.42366,0.009857376,21.47789
23.44942,0.01015672,21.73884
23.47175,0.01055181,21.89052
23.48988,0.01059117,22.01698
23.50831,0.01051988,22.17247
23.52564,0.01055032,22.16908
New Try
New Try
New Try
New Try
New Try
New Try
New Try
New Try
New Try
New Try
New Try
2.915313,0.002720196,15.04933
2.924012,0.002633516,15.13428
2.945529,0.002519652,15.19869
2.967375,0.002570023,15.27131
2.98913,0.002717919,15.33897
3.009033,0.002615753,15.39214
3.030241,0.002192578,15.47366
3.057219,0.002648708,15.52722
3.074995,0.002193479,15.60941
3.094331,0.002090324,15.66847
3.113885,0.002002162,15.77777
3.134191,0.002437703,15.7789
3.154728,0.002528508,15.83685
3.180601,0.002159929,15.89143
3.200131,0.002110896,15.89732
3.221051,0.001843551,15.82991
3.240768,0.002212852,15.80291
3.266939,0.001640881,15.83381
3.284647,0.001099697,15.81174
3.303963,0.0003256912,15.83113
3.324924,0.001474083,15.68806
3.343856,0.001623552,15.7553
3.363392,0.001505375,15.8091
3.384685,0.001423867,15.92232
3.405591,0.001469044,15.96685
3.425748,0.001327207,15.98203
3.447599,0.00106895,15.98286
3.475585,0.001022351,16.0623
3.493378,0.0008945722,16.07357
3.513642,0.0009053672,16.10295
3.534888,0.001099252,16.14449
3.556406,0.001121836,16.26749
3.576187,0.001496435,16.09483
3.595654,0.001736124,16.02391
3.614836,0.002659646,15.77794
3.634953,0.003189442,15.73168
3.659529,0.00348229,15.74418
3.685837,0.004335144,15.63863
3.704128,0.004787725,15.51742
3.724461,0.004676073,15.62953
3.744535,0.005380985,15.55904
3.76509,0.006252205,15.27438
3.78442,0.00623777,15.44065
3.805239,0.006198957,15.44433
3.825034,0.006517712,15.45264
3.844449,0.006862203,15.34216
3.863766,0.006773201,15.4655
3.89423,0.007866793,15.37306
3.916882,0.007927655,15.55933
3.940358,0.009135673,15.3851
3.960796,0.009334783,15.36952
3.979759,0.01004723,15.37062
4.000964,0.01084764,15.49072
4.020087,0.01130387,15.47807
4.040342,0.01155245,15.56903
4.059811,0.01158102,15.70114
4.080033,0.01217046,15.75627
4.105953,0.01287535,15.74823
4.124133,0.01327018,15.86314
4.143964,0.01353663,15.92725
4.163076,0.01362273,15.96411
4.182828,0.01369186,16.02788
4.202634,0.01403234,16.09732
4.223485,0.01414822,16.13294
4.24329,0.01509817,16.04832
4.263392,0.01517705,16.21873
4.283656,0.01556215,16.29031
4.310445,0.01667387,16.33611
4.332846,0.01690107,16.39625
4.352773,0.01691021,16.45193
4.373936,0.01745202,16.52246
4.392719,0.01769278,16.66927
4.412396,0.01802402,16.67065
4.433349,0.01833848,16.75382
4.455111,0.01866114,16.91549
4.479305,0.01864973,17.05608
4.5021,0.01854532,17.03548
4.528183,0.01862677,17.11024
4.546729,0.01861887,17.14126
4.568448,0.01855463,17.20391
4.592138,0.01861375,17.27276
4.618277,0.01826357,17.33642
4.63771,0.01768037,17.37438
4.663424,0.0174598,17.34993
4.687542,0.01740398,17.42497
4.709698,0.01684575,17.55092
4.739808,0.016366,17.66419
4.758132,0.01632071,17.67342
4.778043,0.01546003,17.77394
4.798837,0.01524236,17.80619
4.819683,0.0147727,17.90253
4.83954,0.01451367,17.99157
4.858862,0.01431216,18.06459
4.878334,0.01423017,18.16929
4.897858,0.01394296,18.28062
4.916737,0.01369315,18.34958
4.941638,0.013265,18.46091
4.958772,0.01269953,18.69579
4.980388,0.01219479,18.84891
4.998524,0.01200664,18.9115
5.021513,0.01162103,19.01826
5.041425,0.01068281,19.18235
5.061005,0.009380581,19.47866
5.079697,0.009284575,19.37945
5.100311,0.008621048,19.54007
5.119998,0.008516029,19.78247
5.1457,0.008834786,19.83032
5.16432,0.008753678,19.97443
5.185242,0.008906341,20.08866
5.206524,0.008843042,20.16021
5.226941,0.008804727,20.23135
5.246652,0.008421625,20.39156
5.2666,0.00835178,20.4869
5.285238,0.008244662,20.56075
5.305368,0.008181732,20.61686
5.324787,0.008056537,20.6347
5.350604,0.007766158,20.79242
5.368876,0.007726958,20.77051
5.390465,0.007653254,20.78442
5.410269,0.007634526,20.85783
5.429552,0.008657238,20.59351
5.448835,0.008641692,20.87649
5.472963,0.008817406,21.00279
5.497912,0.008834282,21.07933
5.517819,0.008750985,21.17306
5.536556,0.008730057,21.27045
5.563152,0.008576986,21.4606
5.58113,0.008964289,21.38264
5.600385,0.008957871,21.52355
5.620362,0.008803868,21.75668
5.639779,0.00878969,21.77133
5.659344,0.008650892,21.80878
5.679255,0.00859254,21.86698
5.701099,0.008438474,21.94182
5.719812,0.008327846,22.07863
5.739984,0.008319381,22.06215
5.764699,0.008240343,22.12486
5.781761,0.008173831,22.18587
5.802029,0.008182228,22.26785
5.823373,0.008224556,22.34941
5.842712,0.008585589,22.38422
5.861378,0.008888262,22.59847
5.881317,0.009429998,22.58884
5.900434,0.009776562,22.61804
5.920035,0.01000601,22.73659
5.939739,0.009907302,22.78499
5.959083,0.01030915,22.88508
5.983871,0.01064696,22.96633
6.001003,0.01094574,23.02811
6.021732,0.0109455,23.06613
6.040427,0.01088833,23.18659
6.059425,0.01093935,23.30805
6.077912,0.01130376,23.28361
6.100798,0.01160406,23.40189
6.122017,0.008556891,23.56866
6.141589,0.008518536,22.8235
6.163121,0.009094808,21.70409
6.19693,0.009379886,21.11747
6.216038,0.009147234,20.87118
6.235776,0.008994754,20.52251
6.259568,0.01235132,24.01751
6.284554,0.008635584,20.19896
6.304498,0.008446038,19.51474
6.324159,0.008516237,19.30619
6.348239,0.01208344,24.47193
6.369684,0.00831522,19.3567
6.393604,0.007957179,18.7353
6.411268,0.007842321,18.57404
6.430805,0.007771611,18.53638
6.450657,0.007744838,18.31417
6.471085,0.00778437,18.25198
6.493015,0.007972166,17.50864
6.511656,0.00790254,17.28295
6.531577,0.008891068,17.7664
6.550183,0.008512501,17.28241
6.569912,0.008796122,17.45079
6.594022,0.008629851,17.07919
6.611922,0.008542698,17.29532
6.630401,0.008356288,17.1284
6.650239,0.008631617,16.51482
6.674848,0.008506332,16.43012
6.693904,0.008444287,16.54704
6.715844,0.008366842,16.39317
6.735138,0.008410126,16.16486
6.757951,0.008527141,15.94886
6.775622,0.008590758,15.85763
6.798263,0.008470956,15.68467
6.815664,0.008749366,15.52876
6.836693,0.008817479,15.04215
6.855986,0.008735679,15.23196
6.874465,0.008849975,15.65678
6.894109,0.008843478,15.12572
6.912151,0.008896928,15.21924
6.931496,0.00832773,14.76139
6.950694,0.008840039,14.91931
6.970692,0.008961275,15.07348
6.990456,0.008755635,15.31592
7.018362,0.009327855,15.37193
7.037867,0.009157799,15.30327
7.056821,0.009092379,16.19979
7.074694,0.009209566,16.63662
7.092764,0.009323921,16.66818
7.111078,0.009369496,16.69601
7.129815,0.009558368,16.51509
7.149599,0.009514283,16.77491
7.16865,0.009445652,17.06451
7.187541,0.009776959,37.68754
7.205975,0.009363003,38.08612
7.229846,0.009629173,38.56836
7.248745,0.008797605,20.21427
7.272211,0.00874399,20.17392
7.296868,0.01005514,39.4479
7.321374,0.01000107,39.88336
7.347237,0.01053916,21.03712
7.366339,0.01035568,21.46218
7.387185,0.01044901,40.84853
7.405052,0.01031489,41.39205
7.426068,0.01035471,41.70605
7.451082,0.01039034,41.86885
7.471918,0.0102157,42.17378
7.492623,0.01027898,42.54924
7.510255,0.009990305,42.84029
7.528714,0.009744283,43.22159
7.548038,0.009499,43.55693
7.567928,0.009428424,43.94385
7.58692,0.009188699,44.45789
7.603928,0.008756414,45.08292
7.621696,0.008557848,46.01806
7.640227,0.008579929,45.57519
7.662302,0.008107596,46.36182
7.680382,0.008278823,46.47108
7.700127,0.008133898,46.80569
7.720985,0.008011708,47.08125
7.741026,0.007902379,47.08747
7.75858,0.007681499,47.40106
7.776265,0.007578841,47.62565
7.794412,0.007283996,47.90604
7.812361,0.007323933,47.93614
7.837067,0.00735845,47.92078
7.85436,0.007339116,48.09727
7.875908,0.007267497,48.19008
7.892646,0.007220412,48.34685
7.910553,0.007039985,48.78745
7.928235,0.006886645,48.86995
7.946704,0.006370731,49.06392
7.966517,0.006449487,49.11423
7.985391,0.006392044,49.26955
8.002141,0.006114683,49.89059
8.020323,0.005665197,49.74707
8.038206,0.005560651,50.18618
8.058215,0.004801389,50.60375
8.080699,0.004190612,51.25211
8.099717,0.00397424,51.48367
8.118384,0.003478463,52.04633
8.136843,0.003286168,52.29361
8.154355,0.00958531,19.39659
8.172091,0.009591587,19.185
8.190327,0.009527389,18.76987
8.207602,0.009630606,18.35601
8.225202,0.009587325,17.89996
8.242175,0.009604264,17.69733
8.260413,0.009669963,17.30233
8.281455,0.01005993,16.60413
8.304185,0.01020781,16.04276
8.325937,0.01007482,15.19096
8.349333,0.01020272,14.56646
8.372286,0.01039603,13.35152
8.392871,0.01085144,13.03041
8.410615,0.01142178,12.00251
8.429142,0.01170292,10.86729
8.446771,0.01191996,10.44792
8.465895,0.01202197,9.930115
8.488508,0.01207702,9.75666
8.510951,0.01210358,9.425949
8.529556,0.01255918,9.251747
8.548662,0.01262522,9.54158
8.567916,0.01244105,9.252701
8.585617,0.0123813,9.229599
8.602968,0.01259497,9.002785
8.621265,0.01278323,8.839706
8.641323,0.01234242,9.292793
8.659184,0.01191925,9.421371
8.678122,0.0121566,9.659996
8.700634,0.01174252,10.50308
8.719214,0.01133187,10.53041
8.737045,0.01084172,10.47636
8.758659,0.01106096,10.35621
8.78167,0.0109612,10.39204
8.799548,0.01086824,10.43574
8.816811,0.01101458,10.2459
8.835401,0.01095043,10.30766
8.852956,0.01086972,10.36987
8.870316,0.0102382,11.21838
8.888492,0.009713985,11.7895
8.910052,0.009400722,12.11406
8.92773,0.009134091,12.25612
8.946226,0.008994769,12.59991
8.968098,0.008432981,12.77303
8.987772,0.007898893,12.89722
9.004325,0.007362992,13.26373
9.022399,0.007393878,13.62804
9.047445,0.00716484,13.9602
9.065497,0.007380296,14.49429
9.083302,0.006455809,15.37577
9.101353,0.006156534,15.91542
9.128342,0.005796473,17.31542
9.152662,0.005138434,18.23257
9.175738,0.005201101,18.78501
9.195926,0.004418768,19.7702
9.220645,0.00507842,19.69018
9.246493,0.005474348,19.90502
9.267932,0.005491171,20.43203
9.290809,0.005507745,20.17638
9.310769,0.005658571,20.09582
9.335234,0.005451087,19.78026
9.353411,0.005544819,19.56819
9.371445,0.005507596,19.45059
9.388707,0.005091585,19.44894
9.407879,0.004936472,19.70332
9.426435,0.004869357,19.55613
9.44454,0.005111434,19.23347
9.464174,0.005062349,19.08824
9.483712,0.005157921,18.83258
9.50345,0.005522437,19.29728
9.524262,0.005376652,19.08031
9.546183,0.005497713,19.3766
9.565762,0.005126465,19.01029
9.584208,0.004841376,19.09589
9.602454,0.004243128,18.66344
9.620383,0.004342955,19.20682
9.637403,0.0038714,18.97799
9.655393,0.003902573,19.11822
9.672823,0.003777638,19.08272
9.689691,0.003293846,18.97494
9.70721,0.003133703,19.28946
9.724913,0.002650976,19.3661
9.747727,0.002372861,19.51544
9.770374,0.00176486,19.17391
9.789974,0.001550406,19.15865
9.808113,0.0007977933,19.44165
9.825621,0.0006823055,19.01827
9.844843,0.000242833,19.85307
9.864803,0.0001701564,20.02885
9.882575,0.0009383559,20.69144
9.900176,0.001927417,22.28424
9.918192,0.001981921,22.42684
9.936155,0.002789259,21.79723
9.957335,0.002739664,21.37007
9.974764,0.002735402,23.45687
9.994009,0.002986696,22.66061
10.01245,0.003975678,24.04415
10.03284,0.004348278,23.2809
10.05014,0.004790433,24.82769
10.06886,0.005088955,24.28093
10.08687,0.005584229,23.77057
10.10416,0.005764119,22.8371
10.12139,0.005871538,22.66206
10.13867,0.005912185,23.35046
10.16064,0.006651163,22.73638
10.17899,0.005304933,16.55987
10.20407,0.004248824,21.76261
10.22164,0.005354542,20.71569
10.23957,0.003807541,20.79219
10.2576,0.003710859,18.61776
10.27533,0.003274743,16.66799
10.29303,0.002916161,15.45157
10.31182,0.003194336,16.42544
10.32989,0.003062963,15.12198
10.34806,0.002749339,15.24513
10.37366,0.002150256,13.92715
10.39145,0.002028432,14.3611
10.4107,0.001826975,13.75996
10.43062,0.001493953,14.01761
10.44914,0.001250885,13.8222
10.46786,0.001059685,14.09704
10.48534,0.0008561574,13.48663
10.50304,0.0003543049,13.70639
10.52556,0.0004712157,12.20548
10.54675,0.0005245991,13.49488
10.56468,0.001241893,12.60417
10.58734,0.001403108,13.63787
10.60475,0.001339693,13.66872
10.62253,0.001567401,13.51174
10.64081,0.001748372,13.36263
10.65938,0.002092745,12.90933
10.6787,0.002119303,13.06006
10.69712,0.002256043,12.49034
10.71629,0.001900315,12.5603
10.73436,0.002008274,12.40932
10.75162,0.001836088,12.35698
10.77236,0.001760788,11.92622
10.80682,0.001332935,11.53236
10.83024,0.001248308,11.47681
10.8533,0.001187444,11.09608
10.87087,0.001127109,10.55635
10.89196,0.0005910583,9.927139
10.91615,0.0007854179,9.991516
10.93502,9.594858E-05,9.327995
10.95154,0.0006220676,9.599373
10.96937,0.0003141351,8.982582
10.9869,0.0002146959,7.605064
11.0106,0.0007370859,8.190994
11.03048,0.001812983,7.168106
11.05104,0.002022088,6.918945
11.06935,0.002705283,5.719406
11.0877,0.003300216,4.729019
11.1057,0.003922585,3.734009
11.12371,0.005092394,3.31105
11.14054,0.004509799,3.205627
11.15776,0.004453115,2.645187
11.1758,0.004854325,2.056953
11.19422,0.004732255,1.33931
11.217,0.005393989,0.6557846
11.23507,0.005076956,0.1766129
11.25286,0.005116522,0.6471176
11.27042,0.005607586,2.119865
11.28794,0.006788429,4.703384
11.30652,0.006369315,5.845688
11.32432,0.006425142,6.489029
11.35033,0.006223004,7.405334
11.36972,0.006204598,6.814232
11.38787,0.006232262,7.144859
11.40649,0.00607793,8.196281
11.42941,0.006079681,8.367584
11.44909,0.006153058,8.473953
11.47178,0.006487556,9.955223
11.49041,0.006782178,10.99068
11.5107,0.00675502,11.33633
11.53224,0.006811298,11.58938
11.55113,0.00692118,11.34779
11.56898,0.007022168,11.51464
11.5881,0.006578468,11.55499
11.60629,0.006578509,11.98546
11.62457,0.006654941,12.43363
11.6473,0.00677846,10.81049
11.66604,0.006158609,8.582542
11.68381,0.00590153,8.825813
11.70156,0.005775642,10.04176
11.71861,0.005747881,10.06907
11.73596,0.005635757,10.21084
11.75331,0.005638305,10.85455
11.7717,0.005362205,10.86282
11.79001,0.005040262,11.63574
11.80787,0.004698455,11.67173
11.83318,0.004655123,12.38325
11.86103,0.004244994,13.00332
11.87976,0.003905058,13.68181
11.90092,0.003519151,13.53876
11.91898,0.003459878,13.84076
11.93623,0.002669554,14.06094
11.9537,0.002297528,14.36606
11.97157,0.00237472,14.55665
11.98937,0.001743495,14.80994
12.00741,0.001480728,14.84139
12.02611,0.00095094,15.19762
12.0455,0.0007861368,14.95668
12.06767,0.0008394271,16.12708
12.08932,0.0003812648,15.26741
12.11095,0.00143978,13.51079
12.13459,0.00142657,12.86045
12.15791,0.002619255,12.25234
12.18423,0.003409099,12.75315
12.20206,0.003871545,13.71489
12.21919,0.004418731,13.11301
12.23778,0.005040068,13.23345
12.25572,0.005590547,13.47172
12.278,0.005904667,13.34902
12.2971,0.004683657,32.03457
12.31612,0.005323775,31.37796
12.33412,0.0057518,30.77089
12.3516,0.005929718,30.26202
12.36959,0.006754989,29.457
12.38728,0.006052306,29.38688
12.40487,0.007210251,28.50863
12.42234,0.007110569,28.05296
12.44325,0.006363811,27.67074
12.46368,0.00781105,26.40514
12.49201,0.007864255,25.63483
12.50998,0.008084722,25.31314
12.53328,0.008102208,15.46423
12.55257,0.00823256,16.11696
12.57075,0.007923096,16.54283
12.58948,0.007720139,16.79744
12.60886,0.007644154,17.17531
12.62759,0.007461093,17.42101
12.64626,0.007624894,18.52789
12.66497,0.007778831,18.98901
12.68759,0.007975761,20.15423
12.70537,0.00794033,20.71999
12.72334,0.008152656,20.87276
12.74172,0.01028335,20.7725
12.76077,0.01048259,20.5377
12.77967,0.008377705,23.28648
12.79827,0.008149486,23.41669
12.81738,0.009983089,19.77983
12.84082,0.006578792,27.36369
12.86391,0.009563829,19.2975
12.88163,0.009884026,18.80664
12.90354,0.009705328,18.74519
12.92152,0.0102449,18.27951
12.93902,0.01004868,18.32224
12.95755,0.01037917,18.0926
12.97724,0.01054973,18.01789
12.99554,0.01069248,17.84693
13.01384,0.01086432,17.66557
13.03242,0.01105092,17.56406
13.04994,0.01141198,17.35915
13.06908,0.01151385,17.05113
13.08808,0.01168667,16.91343
13.11261,0.01226345,16.48151
13.13221,0.01199702,16.22354
13.14994,0.01129654,15.94567
13.16837,0.01136611,15.9629
13.18639,0.01065485,15.82
13.20547,0.01049116,15.66503
13.22591,0.01026827,15.61166
13.24841,0.01014478,15.42557
13.26748,0.01020411,15.46399
13.28516,0.01021172,15.3029
13.30383,0.01006967,15.08628
13.32566,0.01030844,14.81619
13.34385,0.01048538,14.67278
13.36303,0.01037158,14.51759
13.38201,0.01011869,14.42736
13.3992,0.01025771,14.24248
13.41641,0.0102452,14.18136
13.43398,0.01014889,14.09493
13.45161,0.01053465,13.51568
13.46944,0.01041038,13.84736
13.48709,0.01017654,13.5851
13.50475,0.009839156,13.75126
13.52881,0.009495134,13.86178
13.55003,0.009468064,13.27944
13.56783,0.009571768,13.35534
13.58773,0.01009448,13.21443
13.60541,0.01052924,13.28161
13.63016,0.01104448,13.26738
13.65784,0.01128068,13.34324
13.67877,0.01153848,13.40849
13.69902,0.01157848,13.45396
13.7202,0.01218358,13.47474
13.74765,0.01261021,13.53393
13.7718,0.01257827,13.43257
13.79319,0.01342326,13.33521
13.81745,0.01374975,13.26274
13.84058,0.01405989,13.0256
13.86627,0.01617599,12.86684
13.89073,0.01763488,12.7075
13.91332,0.01828613,12.65657
13.93334,0.01840854,12.58632
13.95893,0.0183995,12.49206
13.97688,0.01882188,12.41214
13.99658,0.01874457,12.23952
14.01701,0.01870842,12.27035
14.03621,0.01810673,12.31151
14.05553,0.01822089,12.30706
14.07982,0.01737131,12.32099
14.10009,0.01767862,12.30721
14.1198,0.01723995,12.26722
14.1377,0.01683567,12.23653
14.16111,0.01654504,12.12385
14.17999,0.01573154,12.28533
14.19861,0.01477728,12.20786
14.21757,0.01404842,12.16927
14.23677,0.01313871,12.13642
14.25419,0.0124303,12.03113
14.27263,0.01375202,12.08509
14.29052,0.0125786,11.96792
14.30947,0.01250897,11.98464
14.32847,0.01198894,11.82065
14.34639,0.01190388,11.95408
14.36964,0.01138404,11.90867
14.38976,0.01087226,11.85031
14.41015,0.01067812,11.85942
14.42959,0.01057538,11.84116
14.44752,0.01017161,11.79939
14.46539,0.01035765,11.79624
14.48393,0.01016494,11.8021
14.5011,0.01011655,11.80459
14.51817,0.0101533,11.81918
14.53548,0.01015317,11.79092
14.5557,0.01018162,11.81263
14.57833,0.0102954,11.84601
14.59736,0.01033724,11.87008
14.61564,0.01028269,11.88065
14.63278,0.009994959,11.80994
14.6504,0.01012446,12.06609
14.66895,0.006815854,29.11338
14.68611,0.007060882,28.1263
14.70366,0.007375527,27.53825
14.72149,0.007821362,26.25379
14.7385,0.008194193,24.98925
14.76037,0.008760843,23.62277
14.78721,0.009329941,21.96323
14.81254,0.009472173,21.38562
14.83633,0.009697881,21.10091
14.8634,0.009630911,21.38486
14.88821,0.00989484,20.75131
14.91455,0.01003035,20.29044
14.93684,0.01005802,19.86517
14.95996,0.01114633,15.41506
14.9835,0.01182488,13.78172
15.00964,0.01192612,10.78072
15.03262,0.01202172,9.84259
15.05223,0.01205337,7.464256
15.07443,0.01197973,5.130806
15.09901,0.01213741,4.858879
15.12025,0.01146083,3.341415
15.14061,0.0116878,2.936638
15.16005,0.01174456,3.133438
15.17853,0.01148789,3.151711
15.19741,0.01124288,3.266441
15.21974,0.01103762,3.630096
15.23798,0.01114142,3.709602
15.25793,0.01098615,3.416206
15.27728,0.01055749,3.120323
15.29559,0.01052395,3.28801
15.31392,0.01065764,2.667404
15.33122,0.01047634,0.1395035
15.34874,0.01000271,2.448593
15.36683,0.009939071,2.714912
15.38672,0.009790074,3.142105
15.40433,0.009413101,6.083229
15.42577,0.009334683,5.557457
15.44615,0.009069867,5.314735
15.46368,0.008868676,4.995872
15.48152,0.008870687,4.672829
15.49875,0.008936547,3.299477
15.51602,0.008613385,2.854736
15.53379,0.008388244,2.323036
15.55634,0.008297298,0.3835602
15.57714,0.008230682,0.5124512
15.59693,0.008067586,0.9534531
15.61726,0.008007415,2.514793
15.64258,0.00819286,4.292152
15.6634,0.008011196,3.053391
15.6863,0.007350352,0.1742935
15.71003,0.007451199,1.831055
15.73219,0.007828299,3.992088
15.75306,0.008626889,5.196091
15.77837,0.008830883,5.000938
15.79844,0.008851808,4.550659
15.82021,0.009018436,5.022507
15.84632,0.009348806,5.157913
15.86791,0.009598676,6.358482
15.88633,0.00974099,6.84214
15.9048,0.009800322,6.354607
15.9297,0.009787146,7.226357
15.94844,0.009730201,8.493507
15.96515,0.00951156,9.788124
15.9824,0.009545974,10.28355
16.0003,0.00967763,14.97677
16.01893,0.009906065,17.4234
16.04337,0.00983382,21.81442
16.0649,0.009642273,20.86037
16.08352,0.00964136,19.88757
16.10127,0.009514719,21.97198
16.11927,0.009869125,19.9873
16.13934,0.01041123,16.89954
16.15999,0.01044603,19.71785
16.1782,0.01055352,19.2217
16.19577,0.01084617,20.12875
16.21334,0.0110676,19.7047
16.23061,0.01132016,21.67593
16.24821,0.01141111,20.9175
16.26992,0.01112106,21.43863
16.28718,0.01107068,20.93659
16.30568,0.01094646,20.89338
16.32446,0.01076721,20.68562
16.34399,0.01065744,20.80166
16.36131,0.01079799,19.26278
16.3793,0.0109385,16.90981
16.39668,0.01088708,15.99049
16.41465,0.01062027,12.70598
16.43184,0.01039652,10.45869
16.45578,0.009973034,7.216049
16.48411,0.009874206,6.711594
16.50832,0.009833865,6.980492
16.53126,0.009444725,6.713264
16.55283,0.009095673,5.793442
16.58055,0.009227041,5.671616
16.60658,0.009233333,5.189522
16.6304,0.00906688,5.44381
16.65083,0.008766305,6.50647
16.67526,0.008610379,7.393761
16.69736,0.008614581,8.333748
16.71808,0.008468688,8.922737
16.74166,0.008356579,9.517235
16.76561,0.007451907,6.935738
16.788,0.007847916,7.29467
16.81244,0.007986307,7.402359
16.83531,0.007952962,7.105423
16.85803,0.007696226,6.426422
16.87582,0.00776355,6.995338
16.90331,0.007351503,6.962212
16.92247,0.007074255,6.280777
16.94695,0.007201262,4.820053
16.96899,0.007255524,5.327026
16.99332,0.007560767,5.995499
17.0142,0.007525265,6.545113
17.03531,0.00781367,7.72641
17.05819,0.007919632,8.508186
17.07984,0.00828068,10.00246
17.10684,0.008559782,10.71025
17.12482,0.008731596,11.38525
17.14852,0.008828793,11.99809
17.16596,0.008899249,13.08411
17.18484,0.01005725,14.86514
17.2071,0.009683926,13.7176
17.22913,0.01027695,13.20889
17.24562,0.01073254,13.8672
17.26379,0.01089025,12.25954
17.28115,0.01111308,12.32258
17.30579,0.01127729,12.93733
17.32351,0.0113004,13.49014
17.34184,0.01183822,14.55517
17.36036,0.01186192,14.19901
17.37834,0.01156557,14.53104
17.39566,0.0115418,15.00088
17.413,0.01137432,15.75802
17.43093,0.01144389,16.11549
17.44907,0.01127676,16.89641
17.47253,0.01162457,17.05493
17.49066,0.01084492,15.77729
17.51371,0.01141462,15.09798
17.53205,0.01158462,14.62886
17.55095,0.0120724,14.75472
17.57032,0.01183685,13.94265
17.59243,0.012116,13.4327
17.61025,0.01238864,12.78068
17.62811,0.01219666,12.59044
17.64532,0.01210754,12.57153
17.66391,0.01193617,12.19122
17.68188,0.01206704,11.90453
17.69945,0.01188047,10.61399
17.7215,0.01167129,10.58866
17.74159,0.01119094,10.42126
17.76134,0.01105507,10.69099
17.77947,0.01058336,11.43625
17.79697,0.01013875,11.78044
17.8145,0.009780183,12.45956
17.83286,0.00952664,12.39494
17.85032,0.009311706,13.1389
17.86883,0.009183832,13.72553
17.88742,0.008839995,14.5026
17.90689,0.008241739,13.83705
17.92981,0.007767342,13.26295
17.94884,0.007580899,12.56047
17.96862,0.007171389,10.21013
17.98659,0.007162426,9.141716
18.00431,0.007006742,8.755264
18.02223,0.007574446,9.511063
18.04014,0.008037753,7.655495
18.05966,0.007568415,7.069344
18.08035,0.007930715,6.240906
18.10258,0.008155607,6.001167
18.12593,0.008053195,6.552773
18.14869,0.007957835,7.154556
18.1678,0.007938359,7.45858
18.185,0.00793821,7.905334
18.20317,0.007799249,8.838516
18.22154,0.007619895,8.71373
18.24347,0.007616706,8.216003
18.26222,0.007995877,6.857719
18.28087,0.007603895,8.053581
18.2978,0.007642765,7.435768
18.31592,0.007106125,6.896935
18.33419,0.007155098,6.66037
18.36239,0.006926544,6.34742
18.38028,0.006731492,6.522545
18.39812,0.006774869,6.698166
18.41541,0.006659426,7.135681
18.43345,0.006824918,6.699387
18.45506,0.006630071,6.791862
18.47286,0.006624538,7.328674
18.49179,0.006575976,7.919716
18.50938,0.006361134,8.760155
18.52699,0.006225612,9.505463
18.54451,0.007164925,9.856407
18.56969,0.008350782,10.02554
18.58945,0.01100806,9.295906
18.60999,0.01154666,8.179779
18.62775,0.01327969,9.031807
18.64627,0.01239714,7.516777
18.66465,0.01190846,6.71685
18.68551,0.01210221,6.056618
18.70688,0.01165847,5.032814
18.72868,0.01232322,3.848312
18.75208,0.01250102,3.953568
18.77452,0.01293907,2.983307
18.79238,0.01311427,3.040001
18.81075,0.01334757,3.129333
18.82831,0.01321041,3.165977
18.84631,0.01337496,3.024857
18.86381,0.01340041,3.936882
18.88201,0.01355608,3.808624
18.89936,0.0132925,4.247421
18.92223,0.01299174,5.766602
18.94272,0.01289265,5.157425
18.96028,0.01269469,6.220322
18.98647,0.01206964,2.930679
19.00446,0.01133968,5.570091
19.02428,0.01031433,3.823334
19.0433,0.01060099,3.814842
19.06252,0.01046437,4.568222
19.08079,0.01059015,5.169067
19.09963,0.01021526,4.633339
19.11665,0.01030092,3.985558
19.13497,0.01113363,4.305672
19.15232,0.01111336,3.941879
19.17137,0.01147839,4.462387
19.19636,0.01051482,3.171417
19.21437,0.01051867,2.81179
19.23157,0.009558078,5.397583
19.24863,0.01003071,5.461998
19.26619,0.010155,5.933701
19.28374,0.0101723,7.274681
19.30234,0.01019172,7.313034
19.3202,0.01017272,7.205521
19.33906,0.01043799,5.361992
19.35744,0.009034339,6.910179
19.37492,0.009675127,6.435249
19.39788,0.009999983,5.083282
19.4153,0.009930294,4.083893
19.43481,0.01078438,4.221375
19.45312,0.0111187,4.406235
19.47614,0.009780809,5.101898
19.50487,0.008374471,5.529793
19.52868,0.008804765,5.792549
19.54787,0.008732758,5.997704
19.56798,0.008685421,6.863098
19.5941,0.007692184,8.20121
19.62144,0.007670421,9.343185
19.64466,0.007347688,10.34717
19.66842,0.006394923,11.35519
19.68834,0.006406721,11.62945
19.70735,0.005739078,12.12186
19.72536,0.004907556,12.68866
19.74331,0.004908375,12.025
19.76097,0.005419862,11.22937
19.77849,0.005222138,10.94807
19.79672,0.003454249,6.593697
19.8183,0.002917312,5.516495
19.83711,0.00218682,5.231331
19.85867,0.001787193,4.637077
19.87698,0.0009665452,3.91732
19.89547,0.0003834963,2.392021
19.91414,0.0005033985,1.60585
19.93259,0.001985818,0.9858246
19.95031,0.002456427,1.500267
19.96841,0.002876073,1.600067
19.98719,0.003186278,0.9259186
20.00766,0.00345315,1.184219
20.02983,0.004123569,0.805954
20.04803,0.004994925,0.08248138
20.06698,0.005239844,0.5891724
20.08373,0.006184667,1.219711
20.10236,0.007124778,4.402161
20.12123,0.008245107,5.648376
20.14068,0.006663188,1.498306
20.15899,0.0119509,3.291
20.17747,0.01331231,5.415184
20.19793,0.01339432,5.116913
20.2152,0.01359508,6.48056
20.23764,0.01419136,8.523186
20.25624,0.01396762,9.281578
20.275,0.01426188,9.956741
20.29321,0.0144989,10.44554
20.31109,0.014505,11.24014
20.32854,0.01371086,10.86576
20.34657,0.01406477,11.10542
20.36524,0.01399053,10.91969
20.38314,0.01360595,10.57475
20.40002,0.01356954,10.96532
20.41803,0.01353339,11.13667
20.4404,0.01306171,10.5703
20.45968,0.01223193,9.702202
20.47722,0.0122957,8.872635
20.49566,0.01344451,9.794464
20.51356,0.01276181,9.421921
20.53171,0.01318907,9.976898
20.55011,0.01137118,39.78931
20.56931,0.01107565,11.21486
20.58685,0.01066012,11.27446
20.6077,0.01017916,11.6787
20.62556,0.009452824,12.47361
20.64886,0.009070218,12.61704
20.67377,0.00877618,12.78527
20.69297,0.008841619,12.54198
20.71041,0.008476529,12.45915
20.72787,0.008190025,12.47215
20.7466,0.008231249,11.70975
20.76626,0.008128725,10.90549
20.78415,0.007723298,10.84059
20.80314,0.007189851,11.26394
20.82139,0.007082552,11.26924
20.83963,0.006372422,11.27274
20.86212,0.00590416,11.29547
20.8801,0.004807476,13.4969
20.89734,0.005166572,9.962631
20.91454,0.005345426,12.60033
20.93447,0.004845977,9.8032
20.95647,0.005467217,11.08509
20.97371,0.005314119,8.987305
20.99214,0.005726568,8.836128
21.0106,0.006254543,7.256393
21.03191,0.006042734,6.710274
21.05242,0.006237246,6.098457
21.08175,0.006213907,4.575798
21.10671,0.006124355,3.31279
21.12749,0.005882092,3.386253
21.15154,0.006508447,2.931763
21.17057,0.005813546,2.189018
21.19365,0.006720893,21.03067
21.21707,0.007330954,2.964951
21.23508,0.007903829,2.435677
21.2529,0.009137996,3.009895
21.27678,0.01007016,18.70636
21.29479,0.01035135,18.20755
21.31323,0.01125669,17.17737
21.33084,0.01029759,16.8893
21.35162,0.01094805,16.63073
21.37045,0.01161659,16.06984
21.38872,0.009811947,15.13544
21.40662,0.008847279,15.06353
21.42429,0.00846204,14.54244
21.44192,0.008157512,14.30819
21.45947,0.007977294,13.67368
21.48248,0.008372256,13.03816
21.50246,0.008558693,12.76211
21.5216,0.009138469,7.746819
21.5403,0.009350963,7.839478
21.55886,0.01004707,8.822548
21.57838,0.01077426,9.443138
21.59626,0.01013304,8.958855
21.61771,0.00946185,8.527954
21.63704,0.009179191,10.8587
21.65755,0.008641645,8.041168
21.67752,0.008594673,7.454124
21.69953,0.008438468,8.331329
21.71752,0.007162701,7.128502
21.73735,0.006312858,5.279327
21.75624,0.005474672,4.64135
21.77417,0.005005773,5.318253
21.79142,0.004701678,5.289383
21.80934,0.004030522,5.203735
21.82637,0.003231011,4.819603
21.84405,0.002727762,3.562447
21.86852,0.002042744,3.227722
21.88651,0.001377162,2.690918
21.90979,0.0006049052,1.981125
21.93153,0.001030736,0.5516205
21.94871,0.002032474,3.162659
21.96784,0.002336763,1.996826
21.98649,0.003678441,4.237808
22.00479,0.004360355,4.825493
22.02254,0.005342506,6.338181
22.04234,0.006255809,7.173996
22.06042,0.007115711,8.399437
22.0782,0.008102003,10.27879
22.09781,0.009132087,11.84664
22.12039,0.009893555,12.69485
22.14146,0.01099317,14.33598
22.16738,0.01117481,14.69398
22.19069,0.01141031,15.177
22.21268,0.01171331,15.89437
22.2339,0.01194574,17.24718
22.25244,0.01203052,18.63828
22.27126,0.01197522,18.32864
22.28874,0.02142424,11.73571
22.30706,0.02254631,11.83714
22.32963,0.0239292,12.02416
22.34826,0.02345161,11.98155
22.36638,0.02390009,12.20022
22.38635,0.0239957,12.21248
22.40432,0.02360783,12.33112
22.42255,0.02359797,12.45984
22.44022,0.02345644,12.5505
22.46063,0.02332507,12.73721
22.48403,0.02305836,12.96277
22.50943,0.02287961,13.09702
22.53604,0.02298835,13.25097
22.55989,0.02295985,13.28109
22.5799,0.02283892,13.37528
22.59726,0.02236718,13.49024
22.61842,0.02255353,13.50427
22.64168,0.02232565,13.6731
22.66463,0.02168224,13.73792
22.68643,0.02046254,13.99632
22.70801,0.02051754,13.9084
22.72458,0.02022649,13.9948
22.7464,0.01966386,14.12298
22.7639,0.01905487,14.21194
22.78211,0.01835247,14.34315
22.80081,0.01778989,14.37734
22.81948,0.01744903,14.4255
22.83791,0.0171411,14.45803
22.85576,0.01630863,14.584
22.8735,0.01629538,14.72499
22.89093,0.0160898,14.78585
22.90805,0.01575216,14.89873
22.92501,0.01554476,15.00297
22.94873,0.01529062,15.15902
22.96804,0.01494868,15.32725
22.9906,0.01452045,15.48249
23.01098,0.01431805,15.66812
23.02824,0.01352742,15.80557
23.05161,0.01296981,15.98335
23.07518,0.01214475,16.05189
23.093,0.01149594,16.335
23.11054,0.01245361,16.16269
23.128,0.01226435,16.16391
23.15249,0.01200257,16.28276
23.1708,0.01239208,16.36114
23.19007,0.01224425,16.41851
23.20807,0.01198001,16.44846
23.22683,0.01173036,16.55602
23.24414,0.01161526,16.63662
23.26166,0.01173748,16.70373
23.28,0.0116618,16.71182
23.29825,0.01168118,16.74853
23.316,0.01167489,16.75254
23.33387,0.01164215,16.80204
23.35629,0.01174085,16.89547
23.37464,0.01185658,16.99642
23.39263,0.01189485,17.00731
23.40979,0.01174203,17.10099
23.42797,0.01196017,17.13513
23.44545,0.0116407,17.3159
23.46316,0.01145665,17.39992
23.48096,0.01185807,17.56335
23.49926,0.01164608,17.64462
23.51795,0.01195478,17.75231
23.5365,0.01181634,17.88307
23.56001,0.01157246,18.12423
23.57784,0.01128191,18.22904
23.59642,0.01067342,18.46618
23.61408,0.01044336,18.6227
23.63536,0.01077323,18.69425
23.65551,0.01053849,18.84863
23.67303,0.01049905,19.02427
23.6906,0.01041464,19.09181
23.70806,0.01030992,19.20523
23.7262,0.01010639,19.33568
23.7433,0.00990901,19.51065
23.76525,0.009665239,19.62156
23.78345,0.01012028,19.78075
23.80266,0.01052448,19.76451
23.8208,0.009854608,20.04906
23.8379,0.009298466,20.21724
23.85605,0.008606801,20.44415
23.87361,0.008529263,20.51921
23.89212,0.007804272,20.76402
23.90939,0.007593341,20.87458
23.92751,0.007378318,21.03531
23.9472,0.006784131,21.09212
23.97407,0.006236652,21.42839
23.99186,0.006140229,21.45351
24.00876,0.005922057,21.74098
24.02563,0.005865527,21.79815
24.04333,0.005853498,21.87883
24.06042,0.005774658,21.9827

