New Try
New Try
New Try
New Try
New Try
New Try
New Try
New Try
New Try
New Try
New Try
New Try
New Try
New Try
New Try
New Try
New Try
New Try
New Try
New Try
New Try
New Try
1.589454,0.01386378,11.03255
1.597843,0.01315835,11.03037
1.61148,0.01285776,10.93477
1.624239,0.0130114,10.79395
1.637268,0.01305602,10.74398
1.650354,0.01313572,10.60948
1.664544,0.01285788,10.55734
1.68058,0.01283306,10.49571
1.69601,0.01291825,10.35712
1.709437,0.01314796,10.22784
1.722396,0.01308783,10.23403
1.735807,0.01350257,10.08073
1.754858,0.01314877,10.07304
1.767051,0.01308522,10.0347
1.779726,0.0131242,9.980776
1.792657,0.01295966,9.875238
1.805376,0.01307585,9.751348
1.826321,0.01310524,9.61008
1.837868,0.01330036,9.486573
1.851267,0.01320557,9.483713
1.864795,0.01306906,9.344852
1.878311,0.01337207,9.266646
1.891475,0.01362621,9.189107
1.904061,0.01327161,9.101851
1.918287,0.01368082,9.027328
1.931107,0.01332403,9.163217
1.944223,0.01338039,9.222856
1.957117,0.01338556,9.247625
1.970718,0.01361191,9.251025
1.98369,0.01367624,9.278177
1.996954,0.0135533,9.260027
2.010185,0.01358969,9.246648
2.030566,0.01353162,9.148493
2.041196,0.01357577,9.093471
2.056002,0.01349034,8.975443
2.070274,0.01340419,8.944811
2.083817,0.0131479,8.886991
2.09704,0.01302374,8.83509
2.11104,0.01287423,8.778813
2.125576,0.01264906,8.612378
2.138734,0.01257089,8.510755
2.15224,0.01245767,8.398472
2.165457,0.01218047,8.336328
2.178546,0.01211524,8.314676
2.191931,0.01196155,8.245669
2.205067,0.0116301,8.139695
2.218815,0.01135865,8.073824
2.238977,0.01079869,8.068838
2.251284,0.01041961,8.070517
2.266458,0.01043997,8.100624
2.283897,0.009754001,8.117016
2.297328,0.009218108,8.12086
2.310842,0.008690541,8.094612
2.324786,0.008713104,8.169286
2.338077,0.008108079,8.210782
2.352078,0.007902181,8.231393
2.36533,0.008029604,8.276923
2.379107,0.007936123,8.296259
2.393574,0.007624754,8.29536
2.40725,0.007232122,8.289179
2.420677,0.006900011,8.323315
2.442327,0.006663881,8.312101
2.453138,0.006428828,8.337435
2.467293,0.006232214,8.332582
2.481011,0.006120835,8.322536
2.494978,0.005795313,8.27448
2.508082,0.005756161,8.238761
2.521869,0.005751714,8.208487
2.53542,0.005539681,8.172289
2.54886,0.005038686,8.16693
2.562404,0.005003714,8.161135
2.57599,0.004632534,8.142565
2.58979,0.004437895,8.105155
2.603657,0.004149334,8.063557
2.635086,0.00285695,8.020274
2.678222,0.001690283,8.04674
2.689985,0.001025113,8.016774
2.707173,0.001352254,8.098443
2.723225,0.001251071,7.983402
2.737474,0.001323501,7.950632
2.751279,0.0014644,7.930558
2.76429,0.001626384,7.89414
2.777668,0.001697247,7.873051
2.791384,0.001878681,7.872128
2.805378,0.001997431,7.873973
2.819149,0.001635577,7.918495
2.833335,0.001588722,7.931276
2.847133,0.001712592,7.97863
2.869601,0.001476027,7.986106
2.88131,0.001548773,8.018758
2.895682,0.001593801,8.034264
2.909401,0.001640265,8.028789
2.923138,0.001888911,8.002337
2.937032,0.00243179,8.010111
2.951488,0.002509768,7.977671
2.965149,0.003041349,7.959786
2.979341,0.003203364,7.95732
2.993205,0.003277818,7.945494
3.007855,0.00374582,8.062096
3.022691,0.003934916,8.029326
3.036531,0.004318176,7.978335
3.050494,0.004803468,8.012709
3.070176,0.005187782,7.94752
3.081851,0.004986345,8.032724
3.097678,0.004847978,8.099267
3.111886,0.004962528,8.162601
3.12726,0.0050729,8.199058
3.14642,0.005168932,8.261157
3.159749,0.005571787,8.28534
3.174517,0.005560446,8.3327
3.188181,0.00584516,8.36302
3.202112,0.005477635,8.431609
3.215627,0.00525551,8.463551
3.228953,0.005337991,8.47665
3.243011,0.00581586,8.494471
3.256109,0.00584823,8.494841
3.278422,0.005893635,8.511378
3.291108,0.00579644,8.51772
3.305984,0.006047825,8.531452
3.321275,0.006316187,8.607154
3.337324,0.00637284,8.543206
3.351353,0.006285087,8.638633
3.365352,0.006557539,8.547321
3.379013,0.006611404,8.560294
3.393853,0.006495875,8.549159
3.408325,0.006533863,8.585288
3.423248,0.006485929,8.611854
3.438852,0.006425897,8.647314
3.453067,0.006580243,8.603571
3.467386,0.007607547,8.608409
3.487609,0.007307778,8.642838
3.499754,0.007441492,8.698136
3.514217,0.008034271,8.726476
3.528953,0.008537235,8.77964
3.543319,0.008514588,8.743253
3.556638,0.009386394,8.796138
3.571295,0.009610861,8.842979
3.585086,0.009806964,8.971501
3.598853,0.009821974,9.020337
3.61283,0.01023088,9.067829
3.627558,0.01021474,9.117619
3.642411,0.01061283,9.146646
3.655978,0.01040581,9.24941
3.671366,0.01156241,9.387556
3.692929,0.01124196,9.329824
3.70421,0.01153998,9.210809
3.720137,0.01137751,9.259986
3.738633,0.01146051,9.331088
3.755269,0.01131097,9.302399
3.769996,0.0104443,9.493782
3.785094,0.01090478,9.40494
3.799021,0.01100768,9.40404
3.812798,0.01078945,9.495273
3.826572,0.01112418,9.525512
3.840669,0.01104658,9.550655
3.854808,0.0116176,9.593086
3.868987,0.01197219,9.676297
3.884401,0.01243291,9.680299
3.904303,0.01239497,9.738577
3.916636,0.01244107,9.789585
3.931229,0.01266583,9.792397
3.945345,0.01283998,9.908735
3.959892,0.0129284,9.815921
3.973808,0.01298327,9.781286
3.989937,0.01300896,9.757718
4.004528,0.01317235,9.745802
4.021209,0.01330908,9.779536
4.036094,0.01332896,9.663713
4.049754,0.01251859,9.65777
4.064301,0.01312689,9.633128
4.078397,0.01357315,9.635393
4.091134,0.01378161,9.442608
4.111969,0.01389089,9.351097
4.125069,0.01358537,9.258478
4.14074,0.01364841,9.180827
4.155753,0.0134542,9.198576
4.17132,0.01326005,9.030656
4.185475,0.01264245,9.093146
4.199564,0.01261755,9.061912
4.213356,0.01247955,9.047676
4.227901,0.01236329,9.031396
4.24132,0.01256758,9.067656
4.255947,0.01195648,8.972837
4.270588,0.01160698,9.08891
4.286327,0.01120512,9.057834
4.3019,0.01089136,9.087569
4.322722,0.01057162,9.079371
4.333964,0.01055158,9.107549
4.34829,0.01046019,9.116088
4.362833,0.01055847,9.174361
4.377455,0.01032678,9.198704
4.391238,0.01005033,9.283492
4.405876,0.008330659,9.169884
4.420028,0.008210674,9.433402
4.435144,0.008317137,9.196867
4.44905,0.00757532,9.202186
4.463706,0.006949638,9.343885
4.482065,0.006401112,9.519381
4.496832,0.005958212,9.501998
4.511095,0.005736692,9.647953
4.531689,0.005147336,9.637372
4.544109,0.004894905,9.850636
4.558483,0.004210271,10.19968
4.578939,0.004099093,10.24884
4.594375,0.004081703,10.43019
4.608437,0.003648621,10.67448
4.623315,0.004421649,10.67944
4.63759,0.004478615,10.76262
4.651806,0.004392033,10.949
4.666882,0.004632783,11.02334
4.682012,0.00447253,11.23559
4.69621,0.004684901,11.30909
4.711512,0.004745808,11.37833
4.733138,0.004719636,11.58194
4.746277,0.004731129,11.69568
4.763142,0.004761765,11.84538
4.779131,0.004988315,11.83623
4.793135,0.004425697,12.27549
4.807459,0.004794704,12.0537
4.821231,0.004769641,12.14729
4.835583,0.005615782,12.2276
4.850121,0.004967623,12.29088
4.863974,0.005518037,12.40691
4.878108,0.005524095,12.55209
4.89195,0.005105475,12.49121
4.906302,0.005409922,12.64153
4.920321,0.005826454,12.66704
4.941308,0.005735388,12.75283
4.952792,0.006043316,12.8548
4.967171,0.006221571,12.94936
4.986455,0.006555745,13.05103
5.0053,0.006551388,13.14339
5.022007,0.007145493,13.16677
5.037296,0.007264923,13.2646
5.051427,0.007434846,13.28522
5.065542,0.00741544,13.34964
5.079346,0.007403134,13.39309
5.093324,0.007506298,13.44023
5.106707,0.007524512,13.56639
5.120323,0.007498074,13.7056
5.141953,0.00769787,13.85233
5.154057,0.007712886,14.05402
5.171025,0.007413719,14.17371
5.185537,0.007418987,14.64995
5.201892,0.00783147,14.68283
5.217224,0.007731393,15.32926
5.231596,0.007911704,15.35063
5.245207,0.007662851,16.02999
5.259199,0.007510142,16.23186
5.273374,0.007310581,16.54548
5.286942,0.007036494,17.02164
5.303155,0.006758855,17.40523
5.317342,0.006642276,17.63221
5.331791,0.006057938,18.20616
5.352974,0.00530579,19.15308
5.367395,0.00480101,19.77993
5.384912,0.00442645,20.37148
5.401965,0.004464806,21.26744
5.419363,0.004174218,22.10073
5.436604,0.004099268,22.46595
5.452719,0.003854713,23.35762
5.469425,0.004095028,24.14359
5.487054,0.003821464,24.80419
5.506216,0.004135113,25.82323
5.522273,0.003532596,26.12194
5.537048,0.00328099,26.40625
5.558434,0.002563034,27.12956
5.570289,0.002187157,28.35676
5.600905,0.003551328,29.91681
5.632238,0.001935996,30.7616
5.66129,0.003658457,32.72565
5.693102,0.005856186,34.57656
5.724051,0.003852037,34.71069
5.754815,0.004344706,36.95795
5.794269,0.006399114,39.55024
5.80712,0.00682926,40.20469
5.823991,0.007405081,41.30833
5.842366,0.008350889,42.64807
5.859734,0.009394614,43.88731
5.877049,0.01088137,45.6815
5.894151,0.009707125,46.16476
5.910684,0.0103097,47.13546
5.925337,0.01015698,47.08395
5.938434,0.009137331,47.90806
5.951867,0.008963856,48.53217
5.965847,0.01150319,51.51195
5.986561,0.007962826,50.55814
5.998976,0.008105525,50.86028
6.013843,0.008741684,52.25061
6.028233,0.008033732,51.65587
6.043308,0.00886353,52.26275
6.056052,0.008226528,53.49863
6.070197,0.00902708,53.2357
6.083639,0.00916775,54.03267
6.097454,0.009106561,54.39484
6.110571,0.008601043,38.26813
6.124571,0.008736049,55.65917
6.145367,0.008673407,56.29865
6.16071,0.008653255,56.87374
6.175608,0.008277325,35.34252
6.19421,0.008099979,34.76653
6.206661,0.007802274,33.70625
6.219681,0.00764699,32.873
6.234468,0.007516065,31.93537
6.248623,0.007704049,31.12085
6.261824,0.007331979,29.39243
6.275795,0.00797334,29.62066
6.289265,0.008096047,28.97044
6.306291,0.007985603,27.95319
6.323123,0.008415316,27.42829
6.339763,0.006242545,25.4665
6.356963,0.007798638,25.75855
6.372767,0.00768949,25.18033
6.386922,0.006165566,23.95038
6.410838,0.006062906,23.58671
6.42649,0.005416307,22.68039
6.444267,0.006048816,22.12191
6.460349,0.005777652,21.46841
6.477322,0.005047101,20.53453
6.494788,0.005491275,20.27025
6.508659,0.005260961,19.84593
6.521119,0.004947972,19.28832
6.534706,0.006761052,18.64268
6.547728,0.006446301,18.13577
6.560447,0.00653762,17.90614
6.573722,0.006216647,17.16095
6.587566,0.006081379,16.8054
6.60653,0.006403687,16.13187
6.619791,0.006286768,15.78892
6.63573,0.006349658,15.13144
6.650923,0.006348048,14.67061
6.665143,0.006662529,14.04299
6.681541,0.0068949,13.93087
6.694225,0.01049712,13.05779
6.708039,0.008817701,12.97205
6.720973,0.009742831,12.84936
6.736345,0.009583795,12.40518
6.752622,0.009582247,12.20397
6.766671,0.01409407,12.02531
6.780308,0.01650276,10.78246
6.793909,0.01498115,11.6975
6.816334,0.01604364,11.36337
6.829646,0.01683964,11.35886
6.84321,0.01685627,11.33385
6.856362,0.01699124,11.26773
6.869244,0.01769251,11.25822
6.883348,0.01789493,11.26526
6.897336,0.01794299,11.24772
6.912375,0.0182283,11.14184
6.926758,0.01820927,11.10154
6.9394,0.01850066,11.09276
6.952717,0.01830681,11.03772
6.96719,0.0183189,10.95255
6.980219,0.01817308,10.84361
6.993556,0.01877737,10.74845
7.00682,0.01946127,10.82127
7.026674,0.01921173,10.63081
7.040156,0.02006122,10.55879
7.052795,0.02058669,10.37248
7.066618,0.02058217,10.30641
7.080408,0.02111717,10.21517
7.09338,0.02049398,10.20806
7.10611,0.0202672,10.03625
7.119027,0.02013199,10.0541
7.134018,0.01961408,9.923767
7.147564,0.01979359,9.88336
7.162334,0.01954399,9.80219
7.178069,0.01941593,9.746185
7.19267,0.01904359,9.633474
7.207685,0.01874595,9.519773
7.228757,0.01839016,9.385965
7.244111,0.01863077,9.395844
7.259756,0.01852232,9.415257
7.275401,0.01820316,9.490095
7.291245,0.01778784,9.526399
7.30652,0.01735038,9.501874
7.324452,0.01698406,9.522993
7.33852,0.01672132,9.487486
7.350651,0.01671098,9.577498
7.363692,0.01641761,9.704276
7.37675,0.01600151,9.733731
7.389618,0.01594677,9.749736
7.402591,0.01504791,9.823351
7.415614,0.01568155,9.855546
7.43422,0.01540845,9.964486
7.446691,0.01520759,10.02719
7.460823,0.01461799,10.11118
7.474699,0.01464367,10.03807
7.490713,0.01408413,10.00954
7.503886,0.0140253,10.12976
7.517402,0.01375291,10.2045
7.530879,0.01358519,10.23656
7.544235,0.01315159,10.23718
7.563104,0.01322709,10.26094
7.577051,0.0132097,10.29543
7.590402,0.0132884,10.35015
7.602635,0.01306782,10.41637
7.616567,0.01294881,10.44073
7.635012,0.01284174,10.4764
7.648732,0.01292982,10.45971
7.663188,0.01309999,10.54736
7.676708,0.01315017,10.61743
7.692508,0.0131904,10.66701
7.706121,0.01322889,10.73317
7.720025,0.01299453,10.61098
7.734133,0.01347519,10.76139
7.748981,0.01364498,10.81292
7.762642,0.0139959,10.8674
7.776636,0.01375074,10.94913
7.790189,0.01359801,11.09746
7.804297,0.01382448,11.15715
7.818118,0.01408247,11.22686
7.840105,0.01457353,11.38358
7.855033,0.01462505,11.58689
7.868715,0.01438047,11.64263
7.88411,0.01497053,11.88271
7.899638,0.01531596,12.07424
7.913675,0.01568626,12.11209
7.930001,0.01461819,12.27917
7.945909,0.01470424,12.44177
7.960114,0.01423456,12.51964
7.974024,0.01452401,12.60541
7.987473,0.01487008,12.66173
8.000811,0.01511191,12.71217
8.015406,0.01562421,12.81039
8.029422,0.01545215,12.87133
8.047933,0.01606516,12.93116
8.062838,0.01638211,12.90753
8.077719,0.01694164,13.04386
8.09145,0.01718128,13.23348
8.105487,0.01619909,12.91755
8.119045,0.01692886,13.44354
8.133114,0.01629979,13.43737
8.147379,0.01656181,13.51912
8.163908,0.01699679,13.70969
8.18017,0.01472435,13.54302
8.196193,0.01652141,14.069
8.21119,0.01643245,14.1478
8.228024,0.01617084,14.30343
8.242624,0.01582246,14.54197
8.263599,0.01560143,14.72368
8.278887,0.01531948,14.88426
8.295627,0.01538031,15.05481
8.311834,0.01506154,15.15371
8.327632,0.01416209,15.00391
8.341723,0.0145785,15.40107
8.356163,0.01517225,15.72545
8.370035,0.01512503,15.9594
8.384316,0.01510355,16.09236
8.398088,0.01523135,16.18433
8.412506,0.01561301,16.51031
8.426273,0.01597471,16.68962
8.439895,0.0159954,16.86013
8.454032,0.01610387,17.1113
8.475382,0.01540307,17.19469
8.489616,0.01532602,17.2158
8.502809,0.01504641,17.26885
8.517508,0.01272285,17.44701
8.533682,0.01326808,17.5266
8.548162,0.01188721,17.47872
8.561277,0.01111243,17.1686
8.575632,0.01121209,17.46295
8.593646,0.01086856,17.57344
8.607481,0.01092614,17.59034
8.620423,0.01032209,17.70292
8.636003,0.008737351,17.07435
8.650026,0.00915897,17.62164
8.663585,0.008361946,17.56285
8.683645,0.008421592,17.84884
8.697278,0.008022344,17.89953
8.713183,0.008033572,17.98111
8.727354,0.007928365,18.07174
8.740922,0.007941501,18.07853
8.756588,0.007974345,18.13936
8.770471,0.008040898,18.20801
8.785177,0.007985715,18.36049
8.798693,0.00785816,18.45647
8.811924,0.007458047,18.46212
8.825086,0.007039856,18.56907
8.838869,0.006818328,18.69485
8.853476,0.006773013,18.98889
8.870687,0.005522066,18.89624
8.8883,0.005464183,19.44937
8.901599,0.005299044,19.5963
8.916518,0.005176116,19.75292
8.930783,0.00503323,19.9814
8.944739,0.004902934,20.35809
8.95831,0.004475482,20.48964
8.972035,0.003968401,20.58467
8.990902,0.003699678,20.61529
9.00712,0.00388875,20.95382
9.023352,0.003599376,21.17588
9.037356,0.003496869,21.33111
9.050982,0.003058403,21.35917
9.065056,0.003087478,21.48422
9.078258,0.003031723,21.56948
9.09551,0.003292876,21.78277
9.109355,0.0033375,21.88247
9.123203,0.003170731,21.95614
9.13547,0.003266142,22.09117
9.149122,0.003050565,22.18878
9.164604,0.003300953,22.28743
9.178957,0.003276938,22.39744
9.191961,0.003396943,22.43442
9.204679,0.00333438,22.57299
9.222342,0.003122467,22.65229
9.235372,0.003307853,22.74148
9.24894,0.003236551,23.07222
9.264165,0.002705511,23.03032
9.27732,0.002664391,23.01203
9.29007,0.003250664,23.39565
9.311759,0.00149677,23.12621
9.328295,0.001653394,23.25241
9.347838,0.001163899,23.30117
9.364423,0.002248191,23.13008
9.38082,0.003187768,23.2655
9.396575,0.003180346,23.41586
9.413599,0.00398452,23.52935
9.429915,0.004150164,23.67016
9.446496,0.003937123,23.77381
9.46353,0.004104428,23.97043
9.476875,0.00405722,24.09391
9.49062,0.004073096,24.22858
9.507715,0.004444761,24.46057
9.521148,0.004345657,24.56466
9.535278,0.004969749,24.69591
9.549425,0.00499147,24.86637
9.563642,0.005567664,25.02398
9.576715,0.005675224,25.22729
9.590187,0.006490093,25.26376
9.603917,0.006065993,25.42438
9.617475,0.007779167,25.17634
9.631351,0.007244566,25.65817
9.645638,0.00706283,25.70431
9.659673,0.00726926,25.84979
9.675482,0.00734619,25.92587
9.688917,0.007466842,26.06878
9.702584,0.007588564,26.14301
9.724992,0.007827424,26.25543
9.741276,0.007559392,26.39915
9.759122,0.00719601,26.56759
9.774449,0.007229328,26.69679
9.79065,0.007479905,26.87486
9.807155,0.007508598,26.88517
9.824865,0.006841869,27.10177
9.841013,0.006325582,27.35301
9.859106,0.006152368,27.53142
9.875701,0.005990614,27.64049
9.889707,0.006121084,27.75234
9.902707,0.0053263,28.10191
9.922305,0.004693991,28.64025
9.93777,0.004643062,28.75714
9.950208,0.00660386,29.12794
9.965014,0.007327188,29.40659
9.98102,0.007584698,29.6285
9.99574,0.00723552,29.98915
10.00961,0.007369546,30.11299
10.02317,0.007209725,30.51572
10.03782,0.007189516,30.65333
10.05065,0.008587616,30.34577
10.06471,0.008567344,30.93277
10.07964,0.009390754,31.18278
10.09368,0.008652491,31.80491
10.10771,0.009391073,32.06441
10.12566,0.009928336,33.14989
10.14025,0.01014452,32.83177
10.15452,0.009837177,33.39603
10.16913,0.01064505,33.97966
10.183,0.01006589,34.19566
10.19884,0.01023764,34.4796
10.21398,0.009944676,35.0018
10.22845,0.009886836,35.23709
10.24272,0.009367493,35.71835
10.25652,0.009180669,35.97763
10.27019,0.009901396,36.19007
10.28438,0.01016328,36.83755
10.30305,0.01065953,37.11928
10.31854,0.01178456,37.67237
10.34473,0.01084504,38.21539
10.35864,0.01218069,38.7776
10.37672,0.01196169,39.06197
10.38978,0.01178965,39.52864
10.40441,0.01126339,39.9549
10.41783,0.0107088,40.29454
10.4324,0.01042973,41.01599
10.44712,0.01020961,41.77749
10.46703,0.0113139,42.16644
10.48172,0.01063322,42.89432
10.49629,0.01219526,43.50171
10.51037,0.01212322,43.72846
10.52531,0.01190009,44.72292
10.54468,0.01338072,45.3334
10.55872,0.01296504,45.73246
10.57367,0.01278348,46.56763
10.58788,0.01207114,46.97655
10.60188,0.01114019,47.77518
10.61853,0.01182443,48.3637
10.6309,0.0116898,48.88227
10.64678,0.01316674,49.15689
10.6626,0.01346623,49.61836
10.67818,0.01581805,50.6157
10.69221,0.01467176,50.28181
10.7091,0.01673036,50.67916
10.72399,0.01954251,50.84362
10.73816,0.02076281,51.2148
10.75723,0.02043635,51.57358
10.77277,0.02310958,51.26205
10.78718,0.0231783,52.08003
10.8022,0.02451113,51.97063
10.81851,0.02385569,52.4197
10.83261,0.02382371,52.68636
10.84699,0.0239457,52.8366
10.86132,0.02324441,53.22722
10.8753,0.02327229,53.34985
10.88995,0.02328007,53.59361
10.90684,0.02524325,53.13144
10.92311,0.02430947,53.7369
10.9369,0.02446192,53.84964
10.9518,0.02447642,53.94742
10.97047,0.02508369,54.12284
10.98414,0.02518978,54.30809
10.99896,0.02498984,54.42438
11.014,0.02477721,54.70137
11.02905,0.02459245,54.83733
11.04287,0.02469391,55.09956
11.05689,0.02489408,55.39083
11.07107,0.02543707,55.46023
11.08646,0.02540411,34.39758
11.10176,0.02480817,33.90765
11.11627,0.02328414,33.5166
11.13103,0.02304334,33.17929
11.14447,0.02225817,32.79376
11.15932,0.02334736,32.08703
11.17866,0.02181814,32.15999
11.19505,0.02131928,31.69637
11.21189,0.02139199,31.37516
11.22722,0.02147663,31.18333
11.24212,0.02104764,30.813
11.25695,0.02051471,30.60931
11.27168,0.02089764,30.19404
11.28618,0.02059902,29.96743
11.30029,0.02050847,29.76157
11.3157,0.02106937,29.25343
11.33011,0.02135239,28.89619
11.35281,0.02187926,28.31056
11.37587,0.02248438,27.74874
11.40185,0.02288835,27.37136
11.41421,0.02362962,27.09491
11.4299,0.02374241,26.58988
11.44474,0.02395171,26.32056
11.45913,0.02351904,26.15693
11.47303,0.02416598,25.80186
11.48764,0.0248815,25.50891
11.5011,0.02505126,25.34404
11.51612,0.02582218,24.84902
11.53096,0.02553755,24.87446
11.54503,0.02638542,24.63082
11.55974,0.02726858,24.27927
11.57374,0.02718061,24.31333
11.58684,0.02736536,24.1738
11.60989,0.02805369,23.81772
11.62296,0.02783396,23.48406
11.63637,0.02821427,23.47439
11.64888,0.0284015,23.36485
11.66386,0.02862376,23.01431
11.67852,0.02880675,22.91809
11.69139,0.02893451,22.72141
11.70468,0.02924432,22.39253
11.71996,0.02994834,21.99787
11.73306,0.02998762,22.00772
11.7464,0.0302829,21.83475
11.75983,0.03043507,21.66343
11.7732,0.03055751,21.38168
11.78601,0.03082074,21.13868
11.79932,0.03019702,20.9166
11.81779,0.03028982,20.24731
11.83114,0.03014355,20.40117
11.84678,0.0289615,71.27607
11.86142,0.02867104,71.13953
11.87569,0.0286301,71.72253
11.88855,0.02968988,71.71463
11.90778,0.02891708,71.84779
11.92324,0.02946364,71.99003
11.93786,0.03035143,72.43945
11.95286,0.02960238,19.04877
11.96662,0.02994857,18.71651
11.9802,0.03003509,18.52898
11.9935,0.02928964,18.5468
12.0075,0.0287152,18.44526
12.02466,0.02887308,18.35026
12.03886,0.02863338,18.26324
12.05258,0.02850062,18.20006
12.06531,0.02805704,18.12084
12.07939,0.02791626,18.10621
12.09392,0.02763714,18.04578
12.10779,0.02739931,18.02334
12.12092,0.0269834,18.02074
12.13434,0.02612174,17.98089
12.1481,0.02557128,17.91507
12.16226,0.02442416,18.01903
12.17732,0.02316935,18.03696
12.19152,0.02191944,18.00811
12.20536,0.02011584,18.00886
12.22176,0.01924399,18.05486
12.24139,0.01784883,18.06716
12.25651,0.0170251,18.0415
12.27202,0.01617022,18.06698
12.28736,0.01560061,18.07426
12.30178,0.01525474,18.06782
12.31555,0.01470119,18.08865
12.33136,0.01421678,18.10425
12.34664,0.01339075,18.13836
12.36257,0.01237359,18.1039
12.37999,0.01193225,18.12162
12.3953,0.01134881,18.09797
12.40993,0.01109916,18.08182
12.42484,0.01060692,18.03687
12.44387,0.009792133,17.96023
12.45822,0.009539838,17.92574
12.47283,0.008707915,17.89922
12.48809,0.00689203,17.66692
12.50355,0.005775515,17.81381
12.51784,0.004597345,17.68776
12.53138,0.004405926,17.78209
12.54689,0.004456758,17.76588
12.56105,0.004608622,17.71415
12.57605,0.004918492,17.7847
12.5898,0.005262725,17.72224
12.60345,0.005507618,17.75966
12.61838,0.006302641,17.71925
12.63506,0.006272592,17.62057
12.65433,0.007154763,17.65857
12.66885,0.007439639,17.63766
12.6856,0.008056824,17.58722
12.71383,0.008362827,17.58887
12.73807,0.00854694,17.5216
12.75969,0.008540099,17.51845
12.78119,0.008452971,17.50753
12.80376,0.008165304,17.49575
12.82731,0.008118729,17.47377
12.84994,0.00808089,17.449
12.87714,0.008475337,17.49089
12.91366,0.008355441,17.37534
12.96335,0.007621875,17.51457
13.0122,0.007602414,17.58534
13.05334,0.00772381,17.70824
13.09478,0.007446919,17.77718
13.13354,0.006967317,17.95229
13.17455,0.006339914,18.03832
13.21773,0.005759257,18.29881
13.26163,0.005615557,18.42199
13.30774,0.004938119,18.62152
13.35404,0.004448983,18.7594
13.39392,0.00435774,18.84151
13.40839,0.00409539,18.94464
13.44536,0.004030665,19.00285
13.45865,0.004041492,19.09482
13.49452,0.003986874,19.14786
13.51225,0.003916414,19.25928
13.55631,0.003746664,19.40653
13.59373,0.003658624,19.53363
13.63231,0.003794434,19.71008
13.67204,0.004721537,19.90083
13.7066,0.005194924,20.10633
13.7515,0.0051939,20.32648
13.7619,0.005172397,20.47833
13.7758,0.004955817,21.08866
13.81716,0.004952405,21.24626
13.83255,0.004868186,21.51817
13.87211,0.004482034,21.93843
13.91208,0.004396241,22.06792
13.92984,0.004398635,22.36289
13.94217,0.004552494,22.64458
13.95769,0.004626627,22.87324
13.97366,0.004809173,22.91915
13.98873,0.005304332,23.08764
14.00216,0.005111896,23.14218
14.01592,0.005178042,23.2639
14.03445,0.004877221,24.04563
14.0476,0.005532531,23.65326
14.06168,0.005590207,23.99509
14.0761,0.005470604,24.17722
14.08901,0.005031724,24.74403
14.10372,0.005323533,24.63165
14.11792,0.004905377,25.00104
14.13568,0.005101807,25.07265
14.14997,0.004742419,25.45149
14.16384,0.00454505,25.77402
14.17905,0.004657497,25.85585
14.19513,0.00419648,26.46753
14.20853,0.004088997,26.72045
14.22222,0.004093272,26.93708
14.238,0.004005866,27.18206
14.25132,0.003917125,27.43436
14.26437,0.003833843,27.92081
14.27866,0.00378009,28.14454
14.29312,0.003694627,28.59438
14.30702,0.003671428,28.85746
14.31992,0.003746393,29.14753
14.33713,0.003887889,30.02326
14.35055,0.004047103,30.31112
14.3646,0.004440796,30.8901
14.38157,0.004720552,31.10487
14.3953,0.005240521,31.49652
14.40983,0.005742519,32.34142
14.42604,0.007062329,34.06794
14.43981,0.006337441,33.35846
14.45401,0.006814092,34.01342
14.46845,0.006612301,33.85054
14.48333,0.006970635,34.48764
14.49642,0.007205617,34.95515
14.51028,0.0074946,35.50493
14.52467,0.007610187,36.52841
14.5436,0.007835065,37.32472
14.5577,0.007925943,33.66868
14.57241,0.007642645,33.61532
14.58593,0.007351662,33.32761
14.60042,0.007287819,32.97441
14.61416,0.006969726,32.14978
14.62822,0.0067739,31.73286
14.64231,0.006615044,31.35485
14.65543,0.006304389,30.73099
14.66946,0.0059771,30.48699
14.68424,0.005562,30.03315
14.69743,0.00553531,29.79667
14.71159,0.004630111,29.15228
14.72662,0.0033871,27.68433
14.74659,0.002735299,28.19187
14.76056,0.002028219,27.10853
14.7753,0.002744866,27.47118
14.79005,0.00325821,27.02508
14.80481,0.00406993,26.77036
14.81899,0.004434482,26.52246
14.83321,0.005372783,26.0689
14.84743,0.005957288,25.68888
14.86206,0.006080676,25.41012
14.87982,0.006232143,25.12624
14.89367,0.006397565,24.42083
14.90825,0.007154644,24.05763
14.92304,0.00748525,23.45808
14.93675,0.007546372,23.07413
14.95493,0.008101508,22.72653
14.96888,0.008066489,22.46913
14.98532,0.008245903,21.87622
15.00114,0.008761886,21.55466
15.01501,0.00924295,21.07998
15.02886,0.009341932,20.88733
15.04343,0.009169464,20.53751
15.05717,0.009205858,20.22551
15.07114,0.009721588,19.98461
15.08416,0.009943222,19.52952
15.09792,0.01035184,19.14767
15.11249,0.01112408,18.97399
15.12578,0.01199858,18.55169
15.13929,0.01224201,18.03593
15.15791,0.01275888,17.87081
15.17093,0.01319023,17.57694
15.1855,0.01368706,17.30505
15.20082,0.01367093,17.10629
15.21387,0.01392636,16.93085
15.22998,0.01405735,16.83483
15.24481,0.0139569,16.58339
15.25866,0.01386915,16.42012
15.27272,0.01412403,16.11842
15.28666,0.01412942,16.02863
15.30553,0.01386659,15.89351
15.31923,0.01392221,15.82845
15.33373,0.01366603,15.6931
15.34738,0.01348909,15.61176
15.36569,0.01319701,15.43606
15.37893,0.01301402,15.29255
15.39874,0.01287715,15.25307
15.41256,0.01251669,15.23279
15.42813,0.0123124,15.25691
15.44223,0.01200463,15.30162
15.45603,0.01173043,15.20375
15.4696,0.01161802,15.21847
15.48501,0.01137376,15.063
15.49963,0.01122233,15.0853
15.51343,0.01092844,15.04129
15.52732,0.01072928,15.03388
15.54142,0.01090235,15.06398
15.55462,0.01040529,15.06069
15.57571,0.01030816,15.09292
15.58902,0.01067442,15.1314
15.60297,0.01035623,15.11779
15.61731,0.01019991,15.12473
15.63099,0.009914214,15.23245
15.64524,0.009703238,15.17835
15.65923,0.009483116,15.23273
15.67323,0.009233202,15.2906
15.68775,0.008971734,15.33887
15.70188,0.008886249,15.39399
15.7162,0.008599615,15.38859
15.7299,0.008440643,15.39342
15.74489,0.008074233,15.38782
15.75862,0.007884621,15.42191
15.77829,0.007460969,15.40434
15.79221,0.00700702,15.36567
15.80715,0.006828168,15.36787
15.82095,0.006638509,15.35601
15.83576,0.006529771,15.39875
15.8497,0.006067081,15.68891
15.864,0.006264174,15.37909
15.87778,0.006163952,15.38893
15.89214,0.005829233,15.40661
15.90701,0.00560193,15.65538
15.92138,0.005706396,15.48801
15.93553,0.005487673,15.52706
15.9499,0.005619249,15.56885
15.96406,0.005423883,15.6814
15.98451,0.005001443,15.73587
16.00015,0.004915649,15.82002
16.01726,0.004782826,15.87161
16.03339,0.004820967,15.95976
16.04729,0.004812499,16.01065
16.06162,0.004711003,16.05319
16.07545,0.004557019,16.18878
16.08994,0.004479229,16.25803
16.10592,0.004340976,16.3985
16.11932,0.004236908,16.47235
16.1338,0.003980704,16.62103
16.1484,0.003884217,16.69899
16.16378,0.003709827,16.84504
16.17769,0.003694962,16.95152
16.19843,0.003250833,17.1044
16.21465,0.003710458,17.34199
16.22931,0.003984412,17.36961
16.24561,0.005015815,17.64404
16.26159,0.005130001,17.62001
16.27483,0.005372835,17.60869
16.28816,0.005638711,17.71832
16.30144,0.004949496,18.19087
16.31561,0.005603319,17.88109
16.32934,0.005716495,17.94951
16.34351,0.006091841,18.07463
16.35699,0.006424114,18.18511
16.37031,0.006521337,18.12646
16.38416,0.006786298,18.35064
16.40511,0.007006297,18.51026
16.41851,0.007112137,18.61951
16.43296,0.007002031,18.62656
16.44597,0.006962808,18.79043
16.46019,0.006857644,18.86742
16.47426,0.00667696,19.02472
16.48826,0.006587407,19.10874
16.50178,0.0064738,19.21271
16.51526,0.006353388,19.36413
16.52953,0.006522036,19.49116
16.54216,0.006847044,19.62435
16.55555,0.006965319,19.68682
16.57002,0.006879231,19.68097
16.58381,0.006942296,19.8309
16.59751,0.00697647,19.8613
16.6206,0.00666732,20.08152
16.63496,0.007312777,20.04943
16.64927,0.007383056,20.19049
16.66299,0.007123208,20.18896
16.6771,0.006917409,20.34288
16.69188,0.007042902,20.36068
16.70486,0.007122411,20.42384
16.71978,0.007855702,20.52121
16.7406,0.00793879,20.59582
16.75379,0.008075172,20.75076
16.76911,0.008181226,20.84405
16.78214,0.008147911,20.93433
16.79555,0.008211269,21.12411
16.80857,0.008150958,21.22064
16.82616,0.008251451,21.44577
16.83889,0.008185119,21.55807
16.85447,0.00829481,21.8066
16.86775,0.008250072,21.91906
16.88233,0.008272277,22.13077
16.89698,0.008195731,22.2296
16.9108,0.008164475,22.34146
16.92401,0.008689335,22.58396
16.93762,0.009782716,22.76322
16.95083,0.01032573,22.44813
16.96423,0.00993106,23.14266
16.97732,0.0114005,23.49863
16.99096,0.01135551,23.4171
17.00457,0.01219428,23.80925
17.01816,0.01332036,24.01512
17.03993,0.0137432,24.03645
17.05246,0.01492003,24.30859
17.06639,0.01673355,24.49674
17.08021,0.01749426,24.69507
17.09408,0.01822163,25.00592
17.10819,0.01930902,25.20314
New Try
New Try
New Try
New Try
New Try
New Try
New Try
New Try
New Try
New Try
New Try
New Try
New Try
New Try
New Try
New Try
New Try
New Try
New Try
New Try
New Try
New Try
New Try
New Try
New Try
New Try
New Try
New Try
New Try
New Try
New Try
1.616984,0.02136204,9.773362
1.624728,0.02114855,9.712378
1.639783,0.02007793,9.540441
1.660573,0.01973995,9.417324
1.674976,0.01959461,9.360782
1.689422,0.01892616,9.239355
1.703392,0.01869624,9.165489
1.717621,0.01836495,9.045071
1.738614,0.0168117,8.796562
1.7511,0.01655032,8.89373
1.765121,0.01588793,8.830553
1.780169,0.01577563,8.778008
1.795605,0.0154864,8.671743
1.810065,0.01502101,8.491673
1.824021,0.0146527,8.402562
1.838636,0.01467978,8.217213
1.852941,0.01450615,8.107238
1.866985,0.01455722,7.90768
1.881366,0.0145629,7.820118
1.895292,0.01430516,7.689548
1.909974,0.01373198,7.524517
1.923847,0.01319706,7.364152
1.944529,0.0129651,7.231041
1.956768,0.01158097,7.111768
1.97203,0.01125306,7.026353
1.986422,0.01098651,6.955702
2.001401,0.01019641,6.909527
2.015411,0.009875349,6.862414
2.030667,0.009724363,6.792838
2.046606,0.009639064,6.7761
2.061215,0.009452449,6.754647
2.07552,0.009442525,6.725025
2.089243,0.009126437,6.644493
2.103291,0.008724257,6.566681
2.118206,0.008550549,6.554367
2.132307,0.00777718,6.53645
2.153692,0.007589085,6.452057
2.164985,0.007654971,6.408452
2.179698,0.00721117,6.383466
2.194676,0.007229822,6.365102
2.209629,0.007320594,6.419945
2.223919,0.007329421,6.417349
2.238845,0.007284916,6.357181
2.25751,0.007124651,6.324993
2.273148,0.006957517,6.322481
2.287129,0.007112028,6.380363
2.301948,0.006986247,6.381009
2.316603,0.006822662,6.415607
2.330253,0.007078491,6.393319
2.34516,0.006762457,6.527565
2.367649,0.005797344,6.485916
2.378795,0.005740345,6.496851
2.393686,0.005775957,6.53813
2.408044,0.00459043,6.636312
2.42502,0.00463065,6.637405
2.439536,0.004350297,6.690026
2.457005,0.003959632,6.71516
2.470978,0.003776596,6.762135
2.484777,0.003772244,6.739154
2.499082,0.003599388,6.805876
2.513484,0.0033445,6.83558
2.527834,0.003117584,6.833313
2.542243,0.002921955,6.822886
2.556508,0.002860395,6.825042
2.577651,0.002860907,6.902114
2.58989,0.002946235,6.951471
2.604118,0.002981161,6.968634
2.61965,0.003002205,7.038236
2.633939,0.003167983,7.077038
2.650004,0.003116136,7.126263
2.663637,0.00306976,7.187145
2.678797,0.002945274,7.241262
2.694285,0.002889288,7.28152
2.708265,0.002771235,7.33647
2.722609,0.002772216,7.388518
2.737488,0.002928101,7.459773
2.751492,0.002774297,7.516403
2.765099,0.00284128,7.567271
2.787551,0.003009303,7.642597
2.799325,0.002959293,7.797824
2.814132,0.002612636,8.043812
2.828507,0.002376589,7.995834
2.843722,0.002351054,8.108207
2.858275,0.002374451,8.149772
2.87246,0.00260823,8.412279
2.886595,0.002638777,8.273104
2.900795,0.002598779,8.379159
2.914802,0.003165295,8.508031
2.92925,0.003139769,8.539321
2.943227,0.003205825,8.656691
2.957491,0.003144623,8.731067
2.971912,0.003176176,8.795401
2.994142,0.003357114,8.939604
3.00615,0.003289114,9.009418
3.020874,0.002730607,9.067093
3.035732,0.003082979,9.134844
3.050122,0.002115038,9.185128
3.069403,0.001982761,9.455609
3.083447,0.001835694,9.349794
3.098056,0.00231811,9.614477
3.112614,0.001814661,9.516303
3.127059,0.00133727,9.59489
3.141582,0.001559684,10.09773
3.15725,0.001465855,9.812375
3.171829,0.001562823,9.948764
3.186659,0.00178301,9.987394
3.207286,0.001730652,10.04723
3.220125,0.001723686,10.18014
3.233979,0.00148941,10.24912
3.248202,0.001204804,10.34254
3.263069,0.001260019,10.3669
3.278682,0.001255146,10.62249
3.295165,0.00104216,10.6723
3.309914,0.000823475,10.86566
3.325732,0.0007979094,10.9185
3.340244,0.0007752153,10.99524
3.354177,0.0009999822,11.12861
3.367908,0.0007885559,11.24138
3.382352,0.0007722692,11.34417
3.39725,0.0005966395,11.52027
3.418279,0.000683944,11.58808
3.429645,0.0007360546,11.75435
3.445875,0.0006263501,11.90668
3.466782,0.0005572479,12.003
3.48134,0.0009096133,12.06067
3.495924,0.0002592456,12.21335
3.510084,0.002112788,12.25916
3.524554,0.001871635,12.84199
3.539023,0.0005919349,12.58055
3.55319,0.001432097,12.98553
3.567535,0.0009711506,12.97114
3.582608,0.001054733,13.04209
3.597437,0.001580617,13.20309
3.618554,0.002427777,13.24809
3.63029,0.002401756,13.53157
3.645519,0.002389039,13.64148
3.660783,0.001460075,13.54561
3.678039,0.001445007,13.66674
3.692755,0.001522589,13.75613
3.707891,0.001709533,13.97822
3.722662,0.001797737,14.05768
3.736583,0.002611468,14.38517
3.750672,0.001757875,14.15919
3.76464,0.001988881,14.31998
3.779955,0.002110239,14.5756
3.793908,0.003788738,15.10518
3.807938,0.002861723,14.9111
3.827831,0.003006165,15.08959
3.840392,0.002982333,15.28243
3.855752,0.003228389,15.40326
3.869696,0.003414131,15.66962
3.883703,0.003455447,15.7905
3.898089,0.003845253,16.04543
3.912268,0.003616266,16.13663
3.926914,0.004251195,16.4941
3.94128,0.004248429,16.68854
3.95583,0.004454916,16.87873
3.970223,0.004504983,17.1063
3.983492,0.005047863,17.28528
3.997932,0.004108212,17.25969
4.012252,0.0037417,17.3699
4.033239,0.003690491,17.74555
4.044432,0.003457174,17.84448
4.060572,0.00369226,18.15998
4.077067,0.003779982,18.34315
4.092148,0.003941342,18.44149
4.10602,0.003803658,18.54943
4.120214,0.004023768,18.78613
4.134214,0.004189721,18.91909
4.148333,0.004451666,19.15553
4.165081,0.00463629,19.41566
4.181289,0.005244049,19.91573
4.195567,0.005007347,19.81313
4.211252,0.005536045,20.34325
4.226188,0.005292982,20.46554
4.24712,0.004212332,20.25845
4.258699,0.004057358,20.53882
4.274017,0.00541003,20.77629
4.287604,0.005226368,20.93785
4.305473,0.005462393,21.16421
4.321481,0.005952604,21.56107
4.336728,0.005764931,21.61189
4.351043,0.005749839,21.73651
4.365068,0.005705819,21.85513
4.379212,0.005689791,22.11281
4.394094,0.005651445,22.23877
4.408166,0.005631412,22.48779
4.422274,0.005467462,22.58554
4.436392,0.005450934,22.68338
4.457377,0.005610779,23.10897
4.471978,0.005394783,23.30195
4.486574,0.005369422,23.62315
4.501421,0.00542803,24.08199
4.520888,0.00543031,24.59495
4.535482,0.003788507,24.84328
4.550407,0.00500544,25.71874
4.564681,0.00434815,26.62338
4.578745,0.003872966,27.04101
4.592904,0.003774024,27.36971
4.607472,0.00376892,27.89487
4.621137,0.003451848,28.20008
4.635718,0.004068786,28.80675
4.650429,0.006294014,30.5271
4.671517,0.003407828,31.07687
4.685125,0.005052144,32.22951
4.699959,0.004228808,33.91718
4.715384,0.004858813,34.76273
4.731452,0.007675014,53.71844
4.748333,0.006598594,53.00832
4.762355,0.006255215,52.82989
4.777097,0.00583028,51.40125
4.792369,0.006116346,50.59212
4.80672,0.006493379,49.73458
4.820536,0.007415919,48.02228
4.834675,0.006699745,47.22386
4.848574,0.008346846,45.36943
4.862693,0.008564689,44.4138
4.883943,0.00551632,44.36233
4.896335,0.004408619,43.90509
4.911557,0.003322165,43.27142
4.929348,0.003323165,41.88807
4.945374,0.002222425,41.29013
4.959066,0.001059099,40.63689
4.974144,0.005182306,37.91821
4.988082,0.0005746993,39.36808
5.002374,0.0004207091,38.48706
5.0164,0.0006881658,37.49191
5.030308,0.0004020197,35.73274
5.043925,0.0005794741,35.08504
5.058028,0.001372751,34.31559
5.07276,0.001448803,33.66682
5.092352,0.001246085,32.0475
5.105382,0.001874123,30.23309
5.120983,0.001868966,29.55046
5.135573,0.00194508,29.00688
5.150051,0.002563747,27.84673
5.1633,0.002508715,27.30834
5.178338,0.00246511,25.67203
5.192913,0.002575348,24.86301
5.207054,0.00303188,23.61328
5.221744,0.00324181,22.92373
5.236935,0.002718139,21.85433
5.251023,0.003169569,21.15524
5.265078,0.003441423,20.31139
5.2788,0.003144624,19.52641
5.298453,0.00215907,18.79839
5.311465,0.002145006,17.53106
5.32997,0.003062359,16.143
5.347846,0.003489873,16.86183
5.362438,0.00636014,14.22119
5.376578,0.002702097,15.70826
5.390706,0.002722033,15.71123
5.404892,0.002042582,15.83955
5.419085,0.001954817,15.15979
5.432869,0.002017428,15.28282
5.447006,0.002701517,14.49273
5.460506,0.003037927,14.54233
5.478998,0.002952448,14.31008
5.500133,0.003841637,14.37331
5.512076,0.003828358,14.27102
5.525864,0.004100157,14.17074
5.539652,0.004300836,13.99068
5.55491,0.004385083,13.88794
5.568442,0.004496387,13.7186
5.582519,0.004528713,13.57857
5.596768,0.004711852,13.08099
5.610896,0.00635682,13.57748
5.624834,0.006247899,13.00342
5.638523,0.006582343,12.93976
5.65178,0.007742724,12.24613
5.666579,0.008698094,12.21416
5.680351,0.0104872,12.40241
5.703207,0.0118496,12.34801
5.715774,0.01298549,12.14426
5.730939,0.01346683,12.00191
5.745815,0.01381709,11.97676
5.760007,0.01450619,11.96293
5.773966,0.01472815,11.98744
5.788699,0.01506858,12.0019
5.802573,0.01545119,11.92446
5.816861,0.01579217,11.88272
5.830075,0.01606078,12.08239
5.843816,0.0160816,11.87735
5.857614,0.01633134,11.92299
5.871487,0.01635645,11.90587
5.88526,0.01638699,11.87891
5.907335,0.0163324,11.98387
5.919744,0.01632124,11.92238
5.933329,0.01633838,11.926
5.945825,0.01631394,12.0083
5.965889,0.0163237,12.02987
5.979639,0.01618748,12.10957
5.992731,0.01613393,12.17024
6.00647,0.01615827,12.19563
6.019698,0.01638862,12.34764
6.032868,0.01636785,12.23148
6.048025,0.0160636,12.27546
6.065172,0.01622662,12.23469
6.078589,0.01615536,12.27633
6.094123,0.01627515,12.29584
6.117218,0.01580492,12.29254
6.127975,0.01484605,12.232
6.142641,0.01404093,12.16744
6.156449,0.01376338,12.17317
6.170499,0.01348992,12.14161
6.184997,0.01242473,12.05772
6.198735,0.0121239,12.04001
6.213004,0.01196126,12.07029
6.228719,0.01138252,12.05965
6.241968,0.01140848,12.06683
6.255676,0.01095457,12.06944
6.269119,0.01104791,12.1239
6.28252,0.01101692,12.13232
6.29586,0.01099116,12.12031
6.315502,0.01059575,12.17613
6.32678,0.01024372,12.29032
6.342363,0.01002717,12.38109
6.36017,0.009298299,12.56032
6.374195,0.008694859,12.52576
6.388749,0.007485799,12.68242
6.40189,0.006186066,12.62011
6.415686,0.006594246,12.82131
6.428236,0.005904651,12.87071
6.441737,0.004926269,12.89775
6.455483,0.004335844,12.93454
6.470683,0.003696903,13.03767
6.487185,0.003576709,13.07691
6.501057,0.003405116,13.15289
6.520103,0.00294182,13.2704
6.532487,0.002969091,13.30652
6.545906,0.002978507,13.36996
6.55967,0.002845126,13.45803
6.575207,0.002398266,13.59167
6.587909,0.002235535,13.59821
6.601649,0.002287255,13.6472
6.614995,0.002044416,13.65701
6.628444,0.002226607,13.74333
6.641986,0.002268103,13.78071
6.655467,0.002306821,13.831
6.66955,0.002211772,14.0647
6.683826,0.002103836,13.96315
6.697593,0.001581994,13.99591
6.709765,0.001323542,14.0635
6.729403,0.001227765,14.10796
6.741851,0.0007699038,14.20059
6.756527,0.001147968,14.23436
6.770915,0.0007465062,14.16411
6.785199,0.0008405237,14.24593
6.800544,0.0004184016,14.23405
6.813547,0.000842896,14.33246
6.826209,0.0009952261,14.37055
6.839424,0.001371902,14.47324
6.853767,0.001922697,14.5923
6.86701,0.002008036,14.56132
6.880377,0.002149533,14.59536
6.893044,0.002277847,14.68359
6.906926,0.002620101,14.76051
6.920172,0.002753505,14.81532
6.938073,0.002789078,14.98762
6.951378,0.002779817,15.05034
6.965402,0.002813428,15.06146
6.978062,0.003239352,15.17461
6.992144,0.003640203,15.28159
7.007097,0.003913971,15.38417
7.020363,0.004019284,15.44927
7.033142,0.004182324,15.51495
7.04797,0.004610553,15.65915
7.06081,0.004556629,15.7042
7.074179,0.005088075,15.95063
7.087601,0.005437539,16.11833
7.10091,0.005721241,16.37941
7.113943,0.005136789,16.37528
7.127991,0.00664026,16.8565
7.145993,0.006516752,17.21483
7.159098,0.008129639,17.78322
7.173865,0.00866539,18.05609
7.188712,0.009638835,18.56354
7.20197,0.01029763,18.94594
7.215222,0.0101553,19.15932
7.229362,0.01134772,19.871
7.24432,0.01147359,20.3791
7.257821,0.01252482,20.95135
7.271821,0.01277118,21.20475
7.285042,0.01321928,21.70521
7.298885,0.01104641,21.996
7.312619,0.0111418,22.44978
7.332669,0.01059617,22.9122
7.349689,0.008850354,23.72773
7.365079,0.01033511,23.6477
7.379888,0.01098708,24.18921
7.394117,0.01138025,24.48178
7.407998,0.01171112,25.05191
7.4224,0.01101365,25.44528
7.435751,0.01204803,25.76136
7.449733,0.01064455,26.12702
7.465397,0.009586793,26.25183
7.47867,0.01126323,27.01672
7.494125,0.01082608,27.21606
7.50793,0.01144537,27.65751
7.521432,0.0110958,27.88738
7.535106,0.01194135,28.75988
7.553154,0.01177772,28.95323
7.567122,0.01213953,29.07285
7.581259,0.01328552,29.62936
7.59421,0.01342568,30.07203
7.607831,0.01359964,30.60894
7.622969,0.01391493,30.95888
7.636741,0.01432029,31.6487
7.650638,0.01417023,32.15667
7.664797,0.01472084,32.30873
7.678504,0.0160356,33.01959
7.693058,0.0156797,33.12514
7.707018,0.0165066,34.14891
7.720333,0.01681909,34.55262
7.73445,0.01691872,34.96132
7.749063,0.01755634,35.70028
7.766976,0.01793973,36.19587
7.780904,0.01761047,36.68092
7.795061,0.01859576,37.03362
7.808226,0.01936588,37.72278
7.822341,0.01975002,38.02161
7.835391,0.02008332,38.27213
7.848086,0.02077334,38.7137
7.861776,0.01992766,38.96039
7.876582,0.02038024,39.46326
7.890404,0.02008772,39.92665
7.903834,0.02030323,39.89566
7.917699,0.01981758,40.208
7.93224,0.02014153,40.35373
7.944853,0.01841036,41.29009
7.958451,0.02063824,40.88212
7.977046,0.01957829,41.45148
7.98968,0.0212218,41.34295
8.004776,0.02206338,42.21133
8.018475,0.02324349,41.51382
8.033037,0.02306398,41.71816
8.046799,0.0231604,41.8479
8.059711,0.02350201,41.89715
8.073092,0.02341022,41.72659
8.087142,0.02351949,41.98159
8.100139,0.02354334,42.04646
8.112925,0.02362052,42.21904
8.127791,0.0235979,42.25555
8.143421,0.02363596,42.34303
8.157942,0.02362638,42.4364
8.172277,0.02355332,42.47083
8.189563,0.02360147,42.54689
8.204252,0.02300981,43.05461
8.219255,0.02347673,42.64397
8.233763,0.02351793,42.5826
8.248022,0.02357334,42.54274
8.26129,0.02227665,48.07645
8.275943,0.02268355,48.0133
8.289863,0.02308323,47.90819
8.303611,0.02312001,47.92447
8.316953,0.01958013,47.95824
8.330401,0.01974641,47.96941
8.343486,0.01169337,47.50824
8.356978,0.01251903,48.01931
8.371154,0.004898799,47.97552
8.38436,0.009619279,48.47097
8.405745,0.0056832,47.86736
8.419966,0.006096835,47.64896
8.434329,0.007997097,47.65525
8.448087,0.007440376,47.3022
8.462521,0.007777405,47.21645
8.476271,0.008942643,47.14624
8.490315,0.008988994,46.55126
8.507105,0.008924033,46.07512
8.521337,0.009166555,45.82229
8.53507,0.009249354,45.45611
8.548853,0.009823248,44.89475
8.564226,0.008479812,44.5091
8.577995,0.007503088,43.85939
8.591885,0.008711566,43.36057
8.609923,0.01134914,42.79983
8.622738,0.0123748,42.28645
8.636963,0.01113554,41.48706
8.650755,0.01354402,41.21318
8.664776,0.01678289,39.62371
8.678554,0.01379447,40.27451
8.692206,0.01434391,39.28158
8.707266,0.01420072,39.17606
8.727586,0.01465599,38.45898
8.741553,0.01386599,37.93523
8.7549,0.01614222,37.35336
8.768012,0.01582481,37.10655
8.783813,0.0157425,36.43029
8.797276,0.0155075,36.18674
8.815779,0.01624477,35.73253
8.829544,0.01603107,35.40697
8.842653,0.01728121,35.12883
8.856334,0.01753213,34.67524
8.87026,0.01744845,34.44035
8.884558,0.01788055,34.2014
8.897925,0.01922675,33.83161
8.911247,0.01988123,33.44952
8.923985,0.01833107,32.83011
8.938047,0.0163975,32.59876
8.951544,0.02061634,32.8476
8.964479,0.02089163,31.89013
8.978444,0.02051833,31.64489
8.992641,0.02109567,31.45224
9.006584,0.02328253,30.90226
9.02471,0.02164958,30.60067
9.04287,0.02172818,30.38318
9.058193,0.02232363,29.97621
9.072635,0.02376582,29.60896
9.086577,0.02324123,29.52876
9.099566,0.02509814,28.79596
9.113144,0.02417679,28.83077
9.126907,0.02461862,28.43879
9.140858,0.02512805,28.25262
9.154315,0.02580433,27.95262
9.16882,0.02527235,27.69791
9.183488,0.02572161,27.47376
9.201403,0.02529292,27.12197
9.217409,0.02598638,26.85913
9.236684,0.02584345,26.64086
9.252144,0.02568522,26.53451
9.265514,0.02582039,26.32956
9.279204,0.02613082,26.15616
9.292419,0.02604768,26.17067
9.306123,0.02647011,25.82632
9.319058,0.02553196,25.94263
9.33267,0.02526934,25.92921
9.345535,0.02500153,25.79033
9.360042,0.0244881,25.68862
9.374205,0.02320008,25.74969
9.3879,0.0234581,25.43889
9.401247,0.02252756,25.13548
9.414941,0.02182291,25.16535
9.430069,0.02115208,24.92765
9.448866,0.02082541,24.78396
9.462963,0.0207807,24.64404
9.476788,0.02033502,24.532
9.489674,0.02032956,24.39786
9.505832,0.02022243,24.27996
9.52034,0.0197699,24.10568
9.533786,0.01949962,24.00829
9.547567,0.01903798,23.91416
9.560802,0.01881857,23.82921
9.574425,0.01849115,23.80025
9.588015,0.018031,23.64837
9.601233,0.01780489,23.56117
9.614193,0.01677121,23.23241
9.657393,0.01647533,23.18033
9.673442,0.01586094,23.14536
9.685059,0.01503322,23.06147
9.699522,0.01406263,23.033
9.713619,0.01389876,23.01558
9.727178,0.01363473,22.97504
9.742085,0.01331653,22.93836
9.755727,0.01321117,22.90419
9.768824,0.01289171,22.84131
9.782885,0.01263013,22.81337
9.797452,0.01204057,22.75049
9.810975,0.01192032,22.73921
9.824382,0.01138428,22.68284
9.837326,0.01095347,22.62735
9.851018,0.01074924,22.58276
9.864347,0.01091714,22.53351
9.882497,0.0111355,22.52815
9.896118,0.01080133,22.4787
9.911475,0.0111542,22.44543
9.923862,0.01113159,22.41498
9.938878,0.01110999,22.38227
9.952418,0.0108718,22.35805
9.965629,0.01101584,22.33097
9.980084,0.01076621,22.27948
9.993155,0.01068653,22.2401
10.00685,0.01063374,22.20804
10.02014,0.01053501,22.14439
10.03317,0.01064031,22.14071
10.04681,0.01044988,21.83226
10.05971,0.01031885,21.97815
10.073,0.009995615,21.88177
10.09107,0.01030943,21.62115
10.10496,0.0101493,21.79461
10.1188,0.01018377,21.73263
10.13834,0.0105688,21.62869
10.15268,0.01073006,21.5829
10.16865,0.01075331,21.52648
10.18283,0.01102115,21.46004
10.19628,0.01099084,21.4241
10.20955,0.01104353,21.45509
10.2224,0.01123501,21.41085
10.23628,0.01132176,21.39063
10.24905,0.01142973,21.33884
10.26231,0.0116528,21.35204
10.27615,0.01151134,21.32231
10.2957,0.01161251,21.31041
10.30853,0.0115454,21.31613
10.32194,0.01143353,21.31733
10.33565,0.01141843,21.3232
10.3493,0.01143574,21.32071
10.36307,0.01141526,21.31004
10.37792,0.01139505,21.28952
10.39083,0.01146123,21.22984
10.40417,0.01135288,21.27255
10.41768,0.01138853,21.26681
10.4329,0.01153393,21.2785
10.44769,0.01144564,21.27922
10.46161,0.01158137,21.29881
10.47442,0.0117155,21.27326
10.48777,0.01145121,21.3901
10.50645,0.01133895,21.44163
10.52269,0.01122684,21.50555
10.53675,0.01128949,21.68106
10.55167,0.01118315,21.75221
10.56673,0.01106419,21.85153
10.58044,0.0109997,22.01246
10.59341,0.01090811,22.06839
10.60694,0.01087931,22.01941
10.6205,0.01088546,22.06131
10.63379,0.0107749,22.17756
10.64718,0.01075775,22.34282
10.66041,0.01077031,22.54108
10.67464,0.01072016,22.60477
10.68799,0.01060462,22.84532
10.70609,0.01063143,22.74991
10.71859,0.01063569,22.80548
10.73401,0.01062636,22.88559
10.74798,0.01051643,23.03184
10.76232,0.01008678,23.15763
10.77587,0.009756186,23.43329
10.78963,0.009562534,23.45556
10.80514,0.009358034,23.53848
10.81883,0.009109869,23.67405
10.83191,0.00894029,23.96985
10.84542,0.008946327,23.8265
10.85903,0.008808231,23.99156
10.87272,0.008759456,24.16587
10.88629,0.008691842,24.37388
10.90046,0.008256578,24.55358
10.9192,0.008275664,24.72253
10.93222,0.00815185,24.99749
10.94661,0.0081074,25.13176
10.96105,0.008027688,25.39409
10.97433,0.007893448,25.72329
10.9882,0.007829142,25.87279
11.00264,0.00754816,25.9855
11.01579,0.007370484,26.19908
11.02888,0.007296212,26.30942
11.04254,0.007247393,26.43319
11.05514,0.007104398,26.5897
11.07065,0.006937033,27.18916
11.08548,0.006834816,27.50204
11.10089,0.00677511,27.73421
11.11975,0.00664383,28.08047
11.13432,0.00659322,28.21857
11.14916,0.006552747,28.65914
11.16391,0.006428494,29.10557
11.17914,0.006357609,29.15036
11.1936,0.006306207,29.45786
11.20875,0.005598958,30.16747
11.22263,0.005499548,30.53144
11.23734,0.005275385,31.38473
11.25336,0.005469048,32.55107
11.26806,0.005005732,32.67068
11.28276,0.005037603,33.17096
11.29661,0.005101715,33.93793
11.31113,0.005210966,34.36257
11.32927,0.005582653,35.17189
11.34386,0.006363468,35.9788
11.35759,0.006472163,36.0576
11.37611,0.006926017,36.49955
11.39187,0.007607236,37.10678
11.40751,0.007889593,37.22152
11.42551,0.008099101,37.79192
11.43968,0.008503882,36.95522
11.45398,0.00805016,36.27174
11.4736,0.007837281,35.65158
11.48845,0.007272409,35.20511
11.50285,0.006493642,34.63164
11.51725,0.005801398,35.05746
11.53808,0.00619788,34.62285
11.55685,0.005863542,33.93336
11.57071,0.00567489,33.6004
11.58412,0.005127002,33.30382
11.59876,0.005312616,32.71692
11.61223,0.005336351,32.39764
11.62611,0.005218642,32.14529
11.6395,0.004612634,31.40441
11.65301,0.004686067,31.02635
11.66688,0.004760045,30.25403
11.68156,0.004768286,29.96626
11.69547,0.004950839,29.65586
11.7082,0.005153032,28.99897
11.72155,0.005665228,28.69005
11.73996,0.006343382,27.89671
11.75248,0.006371887,27.50271
11.76793,0.006364994,26.8486
11.78143,0.006318177,26.58096
11.7958,0.006271311,26.31834
11.80984,0.006194649,25.76355
11.82358,0.006254463,25.33442
11.83785,0.006818038,24.93372
11.85188,0.006859171,24.49151
11.86495,0.008153746,24.47243
11.87903,0.008882252,23.9263
11.89263,0.00920989,23.56548
11.90595,0.01047957,23.19737
11.92003,0.01106315,22.74936
11.93336,0.01212063,22.68718
11.95122,0.01271973,22.30072
11.96357,0.01310433,22.04828
11.97792,0.01356677,21.67917
11.99141,0.01424435,21.43886
12.00613,0.0151005,21.28024
12.02039,0.01539284,21.18446
12.03395,0.01545313,21.04074
12.04747,0.01575381,20.94087
12.06072,0.01632875,20.89386
12.07458,0.01657321,20.88988
12.0885,0.01702922,20.94118
12.10305,0.01762283,21.03765
12.11742,0.01731795,21.14176
12.13146,0.01742114,21.22898
12.1456,0.0176817,21.297
12.16471,0.01741622,21.23301
12.17929,0.01719647,21.36753
12.19641,0.0173565,21.50664
12.21156,0.01714703,21.63265
12.22462,0.0171124,21.86282
12.23873,0.01785055,22.17669
12.25392,0.01960835,22.80702
12.26891,0.02014031,22.39941
12.28276,0.02004254,22.52969
12.29829,0.02160874,22.78034
12.31164,0.02127061,22.84926
12.32593,0.02215628,23.1192
12.33978,0.02197048,23.03202
12.35381,0.02239112,23.85866
12.37283,0.02290537,23.35396
12.38593,0.02366098,23.61544
12.40175,0.02442965,23.68633
12.41644,0.02511599,23.63381
12.43079,0.02543616,23.72247
12.44416,0.02535159,24.05027
12.45775,0.02557912,23.9779
12.47236,0.02596286,24.09003
12.48684,0.02542058,24.21342
12.50304,0.02549902,24.43449
12.51738,0.02523269,24.48638
12.53319,0.02506477,24.57748
12.54847,0.02502168,24.75335
12.56235,0.02537423,24.84634
12.58113,0.02442496,25.29715
12.5953,0.0263095,25.61606
12.60965,0.02605413,25.45105
12.62276,0.0268005,26.40166
12.63753,0.02725547,25.90797
12.65177,0.02733694,26.02079
12.66481,0.02785038,26.25886
12.67878,0.02717377,26.36555
12.69301,0.02775223,26.52447
12.70636,0.02785283,26.84146
12.72147,0.02878108,26.92687
New Try
New Try
New Try
New Try
New Try
New Try
New Try
New Try
New Try
New Try
New Try
New Try
New Try
New Try
New Try
New Try
New Try
New Try
New Try
New Try
New Try
New Try
New Try
New Try
New Try
0.4321622,0.04572822,9.941328
0.4400999,0.04531472,9.925411
0.4557716,0.04542159,9.93468
0.4766302,0.04525094,9.963796
0.489638,0.04524331,10.19538
0.5351329,0.04283212,10.05575
0.5445675,0.04085359,10.16581
0.5621563,0.04004464,10.08972
0.5803952,0.03952015,10.04224
0.5979373,0.03969903,10.10005
0.6127961,0.0392211,9.943742
0.6276814,0.03837156,9.874481
0.6418512,0.03848792,9.789364
0.6562502,0.0380804,9.765553
0.6771083,0.03826577,9.724071
0.6918225,0.03746447,9.73682
0.7103499,0.03381212,9.629004
0.7253314,0.0365853,9.880076
0.7459326,0.03468124,9.473594
0.7608257,0.03345188,9.397914
0.7757778,0.03254993,9.325673
0.7909384,0.03167888,9.284423
0.8064469,0.03110706,9.300814
0.8206298,0.03047477,9.151994
0.834967,0.03044213,8.955062
0.8493997,0.02963628,8.864326
0.8646911,0.02921236,8.67926
0.8859921,0.02853681,8.37787
0.8976566,0.02805853,8.275025
0.9134043,0.02742464,7.850155
0.9278341,0.02681172,7.784472
0.9433381,0.02645872,7.281332
0.9580114,0.02629014,7.095281
0.9724937,0.0259055,6.732807
0.9871631,0.02543482,6.580076
1.002089,0.02492755,6.278791
1.016593,0.02486145,6.150201
1.030907,0.02513291,5.862339
1.045487,0.02485287,5.700077
1.059849,0.02442584,5.529531
1.074704,0.02386369,5.206766
1.094878,0.02345583,5.231207
1.10737,0.02257358,4.951872
1.121689,0.02201824,4.603599
1.136076,0.02077008,4.584796
1.150561,0.01875451,4.285691
1.167489,0.01973969,4.682325
1.182213,0.01961454,4.013662
1.198922,0.01903851,3.890632
1.215219,0.01807969,3.793231
1.230496,0.01822231,3.854223
1.246537,0.01795596,3.595428
1.263116,0.017572,3.437352
1.279938,0.01783292,3.33648
1.303249,0.0173241,3.200695
1.316872,0.01722688,3.117783
1.332837,0.01658973,2.93031
1.348322,0.01660627,2.906701
1.363968,0.01661438,2.816472
1.379711,0.01678943,2.752144
1.396282,0.01655809,2.74545
1.412194,0.01654799,2.693627
1.431487,0.01624702,2.559103
1.450054,0.0161336,2.458776
1.465913,0.01630644,2.452878
1.481227,0.01607469,2.303928
1.504457,0.0168674,2.144206
1.518585,0.01833745,2.155858
1.534726,0.01749634,1.828955
1.549632,0.01806821,1.649601
1.567766,0.01787486,1.532124
1.582759,0.01751138,1.424228
1.599319,0.01734518,1.293617
1.615969,0.01712761,1.151141
1.631493,0.0173187,1.128132
1.645838,0.01725788,1.103935
1.660468,0.01722598,1.084081
1.675476,0.02072322,1.371878
1.693524,0.01936221,0.7999081
1.717189,0.01921915,1.032493
1.729463,0.01919456,0.9454328
1.746656,0.01911145,0.9071976
1.761552,0.01911029,0.7548515
1.777265,0.01988693,0.7574393
1.792468,0.01984269,0.6486109
1.80827,0.01983961,0.6649964
1.82423,0.01945433,0.7102429
1.839676,0.01910002,0.6980155
1.853742,0.01854854,0.7306137
1.869267,0.01817653,0.7356848
1.884307,0.01723184,0.8292154
1.898796,0.01568417,0.8158936
1.920311,0.01576521,0.8524867
1.933189,0.01415048,0.899834
1.948367,0.01325999,1.036654
1.963341,0.01300458,0.9341894
1.978486,0.01239637,0.9679322
1.993173,0.01231932,0.9975998
2.007834,0.01181387,1.049225
2.023058,0.01146918,1.097892
2.037383,0.01138441,1.175864
2.052268,0.01135337,1.186962
2.067078,0.01132963,1.216275
2.081228,0.01144424,1.27993
2.096451,0.01126709,1.326184
2.110783,0.01132402,1.417755
2.132174,0.01118808,1.516719
2.14408,0.01071637,1.656231
2.161352,0.01067921,1.734719
2.17661,0.010509,1.821772
2.191584,0.01052565,1.877114
2.207621,0.01068302,2.170876
2.225693,0.009938246,2.032014
2.245417,0.009655483,2.126148
2.259679,0.009092759,2.443204
2.274863,0.008950967,2.207442
2.289249,0.009196978,2.198557
2.303302,0.009328771,2.1974
2.319002,0.009146712,2.280446
2.339962,0.008930872,2.240007
2.353395,0.008410588,2.238608
2.369434,0.008532318,2.198914
2.386239,0.008270928,2.230287
2.404028,0.0077016,2.243063
2.419183,0.0076552,2.23992
2.434648,0.00758108,2.294564
2.451249,0.00733555,2.372814
2.475619,0.007389608,2.457502
2.499382,0.007587097,2.498105
2.518142,0.007334019,2.576255
2.539942,0.007718116,2.608195
2.564434,0.008000015,2.784107
2.580899,0.008700054,2.957772
2.596048,0.009121127,2.830822
2.61325,0.008668706,2.908249
2.632679,0.009146987,3.121611
2.650922,0.008197586,3.347611
2.667494,0.008569244,3.437067
2.682297,0.008973293,3.61368
2.697203,0.008671983,3.813259
2.715495,0.008614777,3.981724
2.730169,0.009459556,4.050623
2.745884,0.008840852,4.150864
2.767795,0.009679144,4.315067
2.780762,0.01012329,4.404377
2.796967,0.01015288,4.437517
2.813535,0.01049399,4.463614
2.830469,0.01066784,4.515315
2.846292,0.01075372,4.564372
2.863308,0.0110722,4.696694
2.878295,0.01118348,4.75139
2.895051,0.01174548,4.851028
2.910434,0.01240186,4.951872
2.925534,0.01138711,4.994967
2.94034,0.01264953,5.299606
2.954968,0.0134877,5.43253
2.974318,0.01360523,5.268754
2.987445,0.01374731,5.383904
3.001661,0.01376528,5.513418
3.016165,0.01378104,5.701487
3.029578,0.01415021,5.628174
3.043212,0.01443002,5.580369
3.058158,0.01440653,5.673954
3.077066,0.01392155,5.996688
3.092439,0.01354236,5.996165
3.106741,0.01394726,5.933792
3.121533,0.01422789,5.958549
3.135249,0.01452167,6.020244
3.148827,0.014747,6.228693
3.163292,0.0150068,6.226992
3.183067,0.0149087,6.307174
3.195345,0.01519303,6.596952
3.212409,0.01538559,6.7111
3.226781,0.01540743,6.815321
3.241442,0.01521799,7.098985
3.256903,0.01477647,7.371236
3.270872,0.01539948,7.482099
3.284514,0.01539735,7.622927
3.29875,0.01555162,8.092478
3.31232,0.01534703,8.134726
3.325857,0.01517277,8.282616
3.340164,0.01515217,8.922753
3.354209,0.01609721,8.682269
3.36806,0.01580385,8.804263
3.388465,0.01556811,9.709279
3.400767,0.01657057,9.33591
3.414564,0.01663953,9.718123
3.427698,0.01726169,79.96644
3.442183,0.01636023,79.64073
3.456537,0.01579621,79.26294
3.473401,0.01546513,78.82611
3.489951,0.01550832,78.62625
3.504292,0.01526609,78.43848
3.518201,0.01504316,78.25858
3.53208,0.01471693,77.8615
3.545669,0.01464266,77.63921
3.559265,0.01446462,77.38676
3.576063,0.01392933,76.77325
3.59673,0.01333402,76.05963
3.608487,0.01288463,75.56188
3.623238,0.01231164,75.04697
3.637592,0.01211924,74.75462
3.651957,0.01129776,74.1159
3.668002,0.01081074,73.58148
3.683036,0.01029829,72.8175
3.700076,0.009342712,71.70217
3.717211,0.00847712,69.79976
3.731918,0.008029558,70.86586
3.746101,0.007532342,70.02058
3.766048,0.007202024,69.47822
3.781301,0.007057075,68.3217
3.80268,0.007060404,67.33549
3.815943,0.007682375,66.85914
3.831911,0.007790345,65.98036
3.84672,0.007564091,65.05163
3.862028,0.007992008,64.23509
3.877305,0.007861768,63.31823
3.892037,0.00790602,62.72854
3.906783,0.00789246,62.38963
3.921554,0.00756826,61.71407
3.935898,0.007400685,61.21555
3.950032,0.007161241,60.70372
3.96494,0.006714795,59.56577
3.980177,0.005944573,58.6339
3.995652,0.006069195,58.19446
4.016,0.005345415,56.81527
4.028984,0.002703219,55.01286
4.043198,0.003101361,54.77631
4.059679,0.003511288,54.25843
4.07615,0.002703428,53.27482
4.092114,0.003134854,52.74023
4.107213,0.00408862,52.23272
4.122453,0.003225122,42.15226
4.137594,0.002715132,43.13061
4.152019,0.005250435,43.87917
4.167874,0.004846097,44.39804
4.183616,0.005044354,45.82304
4.203348,0.006343496,46.82631
4.223834,0.007202135,47.63943
4.237421,0.007359459,48.30097
4.252642,0.009025571,48.85064
4.267244,0.008883172,49.25198
4.28238,0.00834883,50.05644
4.297044,0.008810746,50.39806
4.312325,0.008698467,51.04232
4.326842,0.009778878,51.26456
4.34181,0.009394105,51.86079
4.356181,0.009041281,52.13711
4.371245,0.009482623,52.71061
4.386977,0.009446508,53.00931
4.40187,0.01049719,53.56123
4.41623,0.01327952,53.62865
4.437278,0.01387468,54.70284
4.451123,0.01576196,55.17134
4.4668,0.01200126,56.1614
4.482051,0.01222358,56.29029
4.499764,0.01262566,56.78497
4.515683,0.0117746,57.29841
4.530805,0.01239355,57.80201
4.545043,0.01450453,57.91592
4.560854,0.01322835,58.92115
4.575762,0.01320724,59.4315
4.59476,0.01316971,59.69774
4.609224,0.01355854,59.93294
4.624308,0.01347102,60.47165
4.646935,0.01355874,61.0922
4.66158,0.01390208,32.72658
4.678827,0.01313479,32.04414
4.699689,0.01284015,31.75049
4.715125,0.01283153,31.21109
4.730471,0.0122431,30.59142
4.744841,0.01093282,29.14312
4.759176,0.01143176,29.33371
4.774413,0.01127809,29.64085
4.788456,0.01099796,28.33794
4.80256,0.01217884,28.94338
4.81652,0.01211852,28.4808
4.831525,0.01238529,28.31581
4.852867,0.01184892,27.9782
4.866267,0.01158818,27.78783
4.880786,0.01114272,27.40895
4.895276,0.0111285,27.22095
4.910573,0.01080719,26.91781
4.926119,0.01046909,26.78141
4.941433,0.009374554,26.45954
4.956571,0.008605083,26.08828
4.971983,0.007740841,25.96576
4.987811,0.007322436,25.83691
5.003457,0.006353265,25.1394
5.018994,0.005591955,25.69235
5.032451,0.004972775,25.0663
5.050756,0.004717078,24.88892
5.063894,0.004192652,24.51821
5.076678,0.003475665,23.68268
5.091263,0.002417065,23.96026
5.105493,0.002068933,23.6269
5.118867,0.001884231,23.55902
5.131676,0.001975083,22.98828
5.146378,0.001572237,22.91624
5.158858,0.00319281,22.21393
5.173549,0.003910408,22.41282
5.186974,0.003216316,22.88519
5.200702,0.004377548,21.87855
5.218983,0.005126362,21.50858
5.237673,0.006135563,20.98906
5.258472,0.00753304,20.65215
5.271401,0.008142189,20.65769
5.285138,0.008679406,20.48443
5.298964,0.009395965,20.17983
5.313122,0.009831917,20.17401
5.325928,0.01038014,20.07952
5.338682,0.01083828,19.83852
5.352257,0.01105876,19.68743
5.365771,0.01118717,19.56864
5.379309,0.01188154,19.20691
5.393487,0.01195986,19.28984
5.406474,0.01189386,19.19823
5.420216,0.01195904,19.09326
5.433899,0.01240964,18.80086
5.44753,0.01269737,18.66279
5.465359,0.01414844,18.42066
5.480197,0.01423889,18.39327
5.49291,0.01551686,17.8936
5.507057,0.01585683,17.82606
5.525438,0.01585265,17.89899
5.54113,0.01627394,17.43309
5.555593,0.01637886,17.31315
5.569737,0.0164857,17.19613
5.58334,0.0168724,16.79244
5.602245,0.01703968,16.73489
5.61666,0.01734811,16.63926
5.630996,0.01765776,16.45814
5.644768,0.01855469,16.34871
5.659049,0.01880084,16.17409
5.679591,0.02025637,15.87435
5.69385,0.02023454,16.09181
5.711741,0.0202413,16.00831
5.726452,0.02032491,15.98024
5.743296,0.02067482,15.95463
5.758521,0.02080066,15.94211
5.773392,0.02115942,15.92202
5.791249,0.02136133,15.85795
5.807151,0.02140163,15.93108
5.821944,0.02156401,16.00022
5.835882,0.0216611,16.0111
5.84956,0.02180469,16.02771
5.863128,0.02208397,16.10705
5.881139,0.02191476,15.98644
5.894661,0.02169878,16.23761
5.907514,0.02104878,16.1332
5.923403,0.02126112,16.35293
5.937232,0.0215057,16.41553
5.951575,0.02095166,16.47994
5.964253,0.0204397,16.58734
5.982234,0.01989844,16.63008
5.995811,0.01963716,16.69631
6.009818,0.01925166,16.8499
6.023005,0.01914219,16.69438
6.036904,0.01896415,16.86436
6.049912,0.01842048,16.94699
6.063272,0.0183036,17.12713
6.081123,0.01845883,17.16667
6.094408,0.01823669,17.32708
6.108027,0.01835062,17.42758
6.122372,0.01858028,17.58481
6.136422,0.01862787,17.66287
6.149056,0.01825765,17.7311
6.163563,0.01840946,17.81838
6.178931,0.01813864,17.99076
6.192436,0.01836856,18.22515
6.207932,0.01800054,18.33718
6.221863,0.0176771,18.5782
6.235874,0.01632001,18.93051
6.249169,0.01492715,19.29621
6.262571,0.01440987,19.22433
6.274355,0.01447675,19.36534
6.292787,0.01324015,19.88755
6.304934,0.01234257,19.78167
6.318881,0.01218039,20.04202
6.332592,0.01183983,20.19599
6.345971,0.01154015,20.36492
6.35868,0.01123289,20.58037
6.373612,0.01107536,20.65717
6.387011,0.01106375,20.7515
6.400399,0.01089607,20.86103
6.413578,0.0109456,21.05932
6.426385,0.01077675,21.11806
6.439041,0.01066703,21.26676
6.452535,0.01057775,21.30263
6.46581,0.01056498,21.39103
6.479001,0.01052175,21.56664
6.496587,0.01052864,21.66221
6.508686,0.01057147,21.73516
6.522357,0.01049693,21.88721
6.537104,0.01042877,21.97625
6.552366,0.01050625,22.13535
6.566446,0.01034281,22.22869
6.578487,0.01027963,22.28439
6.59191,0.01035362,22.51073
6.608544,0.009915363,22.92368
6.622396,0.01067588,22.75294
6.640512,0.01063183,22.85775
6.653336,0.01041056,23.12831
6.666307,0.01122603,23.30726
6.680975,0.01122108,23.34076
6.69919,0.01230099,23.19037
6.713341,0.01205855,23.39114
6.73097,0.01211607,23.53828
6.744151,0.01259554,23.47195
6.757517,0.01239315,23.96049
6.771595,0.01309502,23.97252
6.785867,0.01327303,24.02402
6.799331,0.0144476,24.39768
6.812765,0.01474955,24.30738
6.826121,0.01467215,24.43285
6.839315,0.01459321,24.56747
6.85426,0.01445564,24.76795
6.866847,0.014565,24.84633
6.88024,0.01450272,24.93215
6.893196,0.01444153,25.14638
6.911049,0.01437407,25.27774
6.923498,0.01426651,25.56861
6.938303,0.01441568,25.73282
6.953337,0.01432735,25.91291
6.967129,0.01447688,26.04704
6.980051,0.01424263,26.38171
6.993438,0.01424028,26.5443
7.006002,0.0145603,26.78756
7.020078,0.01463115,26.80035
7.032928,0.01518576,26.97382
7.046412,0.0155729,27.09193
7.059024,0.01466337,27.48273
7.074105,0.01676095,27.69526
7.08798,0.01696148,27.49181
7.100907,0.01695271,27.68749
7.118684,0.01716324,27.76291
7.131422,0.0169282,28.24374
7.144988,0.01788518,27.98746
7.157883,0.01878938,28.0148
7.172864,0.02029332,28.20785
7.187193,0.02033412,28.40321
7.201502,0.02107859,28.28233
7.217391,0.02103263,28.3147
7.230762,0.02098289,28.359
7.243708,0.02127144,28.50087
7.256341,0.02113748,28.56099
7.270905,0.0213291,28.66918
7.284273,0.02134837,28.58618
7.297615,0.02135363,28.53696
7.310738,0.02127834,28.70473
7.332415,0.02229186,28.79222
7.346959,0.02361859,28.67612
7.359893,0.02291865,62.75893
7.37279,0.02302924,62.65813
7.386711,0.02251521,62.75309
7.399484,0.02113776,62.4008
7.413644,0.02121313,62.48792
7.426963,0.02087704,62.43946
7.439322,0.02034939,62.53772
7.452779,0.0199617,62.34401
7.46579,0.02001956,62.29433
7.479247,0.02006968,62.24747
7.492486,0.02022087,62.15668
7.505422,0.01913785,62.08604
7.520019,0.01945501,61.96966
7.538229,0.01934182,61.87606
7.551409,0.01970895,61.79314
7.566672,0.01945319,61.70828
7.582405,0.01966317,61.54528
7.596026,0.01973956,61.47085
7.612006,0.01962432,61.30181
7.62461,0.0197448,61.20948
7.638163,0.01861271,61.0974
7.651556,0.01778953,60.80013
7.664449,0.01737238,60.46107
7.679658,0.01646972,60.13371
7.693757,0.01590761,60.06684
7.706869,0.01495282,60.10651
7.722437,0.01552441,59.47759
7.740854,0.01664593,58.88659
7.753438,0.01652201,58.70157
7.768579,0.01624108,58.3618
7.782616,0.0168235,57.77325
7.796126,0.01702494,57.40913
7.809388,0.01767405,56.65675
7.822696,0.01666701,56.19704
7.841567,0.01780164,55.47203
7.861912,0.0177577,54.94166
7.876638,0.01651839,54.39393
7.889931,0.01731838,54.01314
7.903688,0.01707572,53.21757
7.917439,0.01729571,52.79914
7.930453,0.01760626,52.44157
7.948258,0.01863804,51.70403
7.961375,0.01886258,51.16052
7.975612,0.01922731,50.76343
7.988497,0.018693,50.32905
8.003126,0.01964308,49.69385
8.02243,0.02092803,49.26302
8.036675,0.02104641,48.72301
8.050574,0.02340158,47.73212
8.064139,0.02220589,48.01794
8.078165,0.02315924,47.32691
8.094103,0.02322508,46.86926
8.108324,0.02339192,46.63887
8.121862,0.02383761,46.2842
8.135613,0.02389589,46.0793
8.153049,0.02417755,45.44852
8.165632,0.02433672,45.20626
8.180857,0.02459562,44.9383
8.194438,0.02478054,44.51537
8.212237,0.02526126,44.38155
8.225146,0.02595766,44.23474
8.237741,0.02609204,44.0728
8.251425,0.027564,43.59686
8.264695,0.0253769,43.46394
8.277558,0.02481543,43.42606
8.290591,0.02506096,43.19896
8.304255,0.02522071,42.93699
8.31673,0.02551044,42.65951
8.329602,0.02554804,42.5489
8.342788,0.02605745,42.18015
8.360252,0.02615745,42.01613
8.372481,0.02601382,41.7009
8.386345,0.02651274,41.42751
8.400368,0.02595392,41.27633
8.414418,0.02582349,41.16064
8.427594,0.02594242,41.00046
8.440139,0.02549621,40.6642
8.453526,0.02506673,40.5763
8.467523,0.02500541,40.65584
8.48047,0.02387438,40.70833
8.493504,0.02392006,40.45116
8.506777,0.02361737,40.38883
8.520326,0.02318029,40.3148
8.533231,0.02271669,40.2301
8.547761,0.02273993,40.11293
8.565207,0.02226645,39.9162
8.578035,0.02146883,39.79246
8.594331,0.02117194,39.60061
8.608878,0.02096076,39.41612
8.627258,0.02085345,39.22524
8.639884,0.01988868,39.00903
8.653598,0.01961572,38.86181
8.666743,0.01987343,38.70136
8.682477,0.01996644,38.39947
8.696108,0.02013078,38.24533
8.709745,0.0200259,37.93273
8.726359,0.0202817,37.81826
8.740354,0.02048065,37.4996
8.75467,0.02061484,37.32117
8.773238,0.02063283,36.98663
8.786092,0.02060926,36.74957
8.799494,0.02058757,36.52304
8.813306,0.02092558,36.25057
8.827306,0.0200467,35.91421
8.840701,0.02052508,35.81478
8.854183,0.02096874,35.473
8.868524,0.02012245,34.92107
8.882325,0.02060211,34.90216
8.895889,0.02068059,34.62574
8.909131,0.02077499,34.42345
8.921753,0.02103123,34.15687
8.936295,0.02121512,33.97924
8.949109,0.02132214,33.45913
8.962433,0.02164685,33.42857
8.980468,0.02165346,33.40571
8.993779,0.02157665,33.1499
9.007661,0.0216446,33.0164
9.021312,0.02158936,32.73627
9.034806,0.02162937,32.60305
9.047587,0.02153488,32.48632
9.06122,0.02151723,32.37455
9.074514,0.02141544,31.96224
9.09001,0.02098068,32.06089
9.103248,0.02026742,31.84361
9.116725,0.02018478,31.73759
9.130122,0.01999265,31.55758
9.143458,0.01967397,31.43225
9.157067,0.01944686,31.33739
9.171983,0.01945361,30.79683
9.190117,0.01897906,30.95393
9.205562,0.01853973,30.52133
9.220789,0.01856441,30.68992
9.234315,0.01877413,30.61493
9.248945,0.01913486,30.31079
9.264046,0.01856994,30.41743
9.278333,0.01840695,30.37116
9.291741,0.01850919,30.20648
9.304546,0.0184701,30.16045
9.318997,0.01854514,30.10645
9.3325,0.01795831,29.99771
9.345897,0.01717437,30.1568
9.359273,0.01816208,29.69968
9.372807,0.01773655,29.76046
9.398839,0.01781764,29.69525
9.410267,0.0179537,29.60425
9.422913,0.01813297,29.4781
9.436343,0.01822963,29.41532
9.449746,0.01829871,29.38393
9.46291,0.0185083,29.26407
9.476349,0.01863259,29.22611
9.489329,0.01869464,29.19234
9.502325,0.01880336,29.1354
9.515368,0.01862174,29.14087
9.528769,0.01882147,29.06544
9.542353,0.01885678,29.06205
9.556871,0.01917616,29.03336
9.569271,0.01872218,29.08358
9.582484,0.01862569,29.10657
9.600609,0.01669959,29.4761
9.614067,0.01734768,29.21958
9.630797,0.01713995,29.19112
9.645196,0.01730644,29.20092
9.65849,0.01695336,29.29202
9.671943,0.01676062,29.35313
9.68658,0.01686424,29.27528
9.699711,0.01645865,29.45725
9.713377,0.01648395,29.35546
9.72998,0.01652191,29.32408
9.744823,0.01664441,29.34333
9.757464,0.01651551,29.389
9.77093,0.01650078,29.42488
9.784277,0.01618412,29.47045
9.802059,0.01615236,29.53463
9.814665,0.01612756,29.56642
9.829816,0.01611771,29.5906
9.843287,0.01608345,29.62677
9.857667,0.01599429,29.67756
9.871173,0.01621092,29.58507
9.886694,0.01604486,29.63425
9.900406,0.01592636,29.63117
9.91325,0.01638359,29.53094
9.927065,0.01603565,29.56577
9.940206,0.01633848,29.59433
9.953279,0.01636155,29.53389
9.966147,0.01642088,29.52035
9.979832,0.01657437,29.555
9.993471,0.01673451,29.53409
10.01134,0.01705057,29.56107
10.02608,0.01710199,29.58912
10.03863,0.0171515,29.61689
10.05223,0.01722626,29.68576
10.06635,0.01733283,29.76028
10.07999,0.01743721,29.82757
10.0934,0.01748364,29.96035
10.10706,0.01747391,30.07802
10.12079,0.01772543,30.21214
10.13383,0.01750824,30.30569
10.14719,0.01750663,30.40419
10.16049,0.017453,30.51176
10.17334,0.01741506,30.75829
10.18835,0.01727076,30.97203
10.20157,0.01735975,31.13379
10.21934,0.0172671,31.3639
10.2341,0.0176275,31.49536
10.24726,0.01735105,31.63765
10.26184,0.01751918,31.73002
10.27554,0.01730301,31.94959
10.28871,0.01709116,31.90454
10.30247,0.01683193,32.04618
10.31561,0.01623766,32.64758
10.32868,0.0167025,32.20182
10.34227,0.0167728,32.3955
10.35454,0.01677777,32.50238
10.36743,0.01682359,32.64239
10.38034,0.01683991,32.80416
10.39465,0.01691637,32.9196
10.40893,0.01695153,33.11918
10.42617,0.01701388,33.369
10.43849,0.0169973,33.62724
10.4525,0.01705453,33.80943
10.46553,0.01711987,34.04039
10.47957,0.01689533,34.36406
10.49382,0.01696002,34.56584
10.50728,0.01689025,34.77937
10.51998,0.01685221,35.05831
10.53322,0.01675293,35.42495
10.5462,0.01674049,35.70457
10.55963,0.01668,35.85536
10.57251,0.01649193,36.25958
10.58575,0.01616809,36.66913
10.59876,0.01623937,36.65772
10.61279,0.01603022,36.90118
10.63164,0.01613178,37.28664
10.65035,0.01629153,37.7083
10.66356,0.01590974,37.77304
10.67902,0.01586997,37.98472
10.69317,0.01539658,38.28098
10.70615,0.01575335,38.7045
10.72222,0.01519305,33.22077
10.73648,0.01482276,32.73632
10.74994,0.01510682,32.59568
10.76407,0.01482636,31.88493
10.78564,0.01509465,40.0993
10.79902,0.01543766,40.32984
10.81267,0.01536166,40.64709
10.82574,0.01534261,40.94967
10.84346,0.01565463,41.27422
10.85705,0.01565636,41.6503
10.87052,0.01561646,41.97036
10.8858,0.01507936,42.22753
10.90047,0.0149054,42.5097
10.91314,0.01481625,43.07204
10.92658,0.01486511,43.33744
10.93943,0.01439077,27.12889
10.95307,0.01431809,26.54827
10.96675,0.01346946,26.19005
10.97957,0.01297459,25.53979
10.99529,0.0101793,25.2794
11.00845,0.01165993,24.04659
11.02223,0.01091228,46.31625
11.03579,0.009440878,23.09784
11.05502,0.0087555,22.56001
11.06815,0.007200082,21.80113
11.08259,0.006342782,21.4773
11.09617,0.005991473,20.38145
11.10967,0.005629586,19.99945
11.12405,0.005126784,19.74969
11.13651,0.005006033,19.61912
11.14972,0.004430254,19.05674
11.1623,0.004370518,18.7418
11.17718,0.003035261,18.85089
11.18974,0.002695364,18.12745
11.2027,0.002568206,17.45001
11.2194,0.002334169,17.14849
11.23419,0.002280019,16.69315
11.24736,0.002147286,16.3635
11.26555,0.002140076,15.91213
11.28012,0.002103253,15.61701
11.29384,0.001927864,15.2572
11.30807,0.001897221,15.03297
11.32124,0.00186353,14.59708
11.33493,0.001877007,14.39099
11.34809,0.002799191,14.1591
11.36151,0.002506196,13.86795
11.37509,0.002639231,13.73411
11.38753,0.002170134,13.54967
11.40111,0.002137335,13.29512
11.41453,0.003678994,13.2289
11.43049,0.00241381,13.03351
11.44298,0.00188615,12.92256
11.4571,0.002068173,12.78372
11.47752,0.003585945,12.60874
11.4915,0.003283279,12.43406
11.50509,0.006367186,12.41627
11.51848,0.006942125,12.31896
11.53324,0.006871124,12.16713
11.54644,0.006834805,12.09509
11.56155,0.006765258,11.97077
11.57486,0.006665614,11.93528
11.58843,0.006481642,11.8942
11.60311,0.006172983,11.86327
11.61892,0.005897538,11.82347
11.6356,0.005718162,11.81867
11.65549,0.005305223,11.86292
11.67613,0.004095114,12.05275
11.70099,0.003868831,12.04986
11.71711,0.003432686,12.22563
11.7335,0.00218118,12.39147
11.74998,0.002044253,12.48546
11.76711,0.002641998,12.34199
11.78566,0.006153844,12.12343
11.8063,0.006169574,12.58479
11.82137,0.006313465,12.63885
11.83647,0.006621976,12.69631
11.85043,0.006506198,12.81413
11.86392,0.006367223,12.8711
11.8773,0.006588167,12.92902
11.89738,0.007070752,13.04276
11.91042,0.007239897,13.21274
11.92413,0.007638896,13.21846
11.93692,0.007926871,13.30318
11.95108,0.007956977,13.42434
11.96448,0.007979731,13.48002
11.9778,0.008252339,13.59991
11.99125,0.008335201,13.64363
12.00507,0.008302954,13.70948
12.01863,0.008272504,13.77512
12.03201,0.0085617,13.91283
12.04571,0.008607497,13.98241
12.0587,0.008695543,14.0328
12.07279,0.009258517,14.15816
12.08633,0.009338911,14.29767
12.10447,0.009523495,14.34178
12.1168,0.009953506,14.69563
12.13101,0.01075794,14.52791
12.14713,0.01059061,14.93631
12.16131,0.01167745,14.70998
12.17525,0.01206544,14.94177
12.19288,0.01238809,14.92327
12.20802,0.01247547,15.08678
12.22272,0.01275201,15.16998
12.23525,0.0130293,15.31321
12.24826,0.01303381,15.42205
12.26147,0.01383416,15.49397
12.27476,0.01424712,15.58435
12.2881,0.0143397,15.78562
12.30603,0.01481278,15.93684
12.31876,0.01513529,15.95356
12.33322,0.0155001,16.10744
12.34655,0.01548231,16.17597
12.36086,0.01519372,16.31753
12.37567,0.01512953,16.38852
12.38834,0.01505482,16.46572
12.40161,0.01487563,16.62174
12.41515,0.01507552,16.71243
12.42826,0.01499401,16.80008
12.4407,0.01515708,16.91936
12.45399,0.01538141,17.07474
12.46703,0.01568003,17.17393
12.48044,0.01676646,17.3689
12.49374,0.01623972,17.56163
12.51163,0.01844309,17.64978
12.52439,0.01832497,17.7425
12.53795,0.01795545,17.98516
12.55253,0.01790614,18.00086
12.56614,0.01778734,18.13937
12.57907,0.01775283,18.16997
12.59314,0.01757067,18.3362
12.60674,0.01730512,18.41708
12.62119,0.01747497,18.61739
12.63671,0.0160323,18.8908
12.65214,0.01602534,18.84184
12.66645,0.01628982,18.94006
12.68003,0.01556252,19.13651
12.69648,0.01531269,19.2715
12.71714,0.01510658,19.44674
12.73205,0.0149803,19.66238
12.74564,0.01483331,19.76477
12.75892,0.01470909,19.8702
12.77323,0.01431354,20.08851
12.78797,0.01432379,20.20165
12.80373,0.01403344,20.37613
12.81812,0.01331612,20.66718
12.83148,0.01295818,20.79027
12.84496,0.01257509,20.87484
12.85831,0.01264454,20.99464
12.87119,0.01242229,21.23559
12.88496,0.01211065,21.35709
12.89873,0.01240036,21.86629
12.91751,0.01445172,21.84187
12.9307,0.0133012,22.00835
12.94454,0.01340519,22.22587
New Try
New Try
New Try
New Try
New Try
New Try
New Try
New Try
New Try
New Try
New Try
New Try
New Try
New Try
New Try
New Try
New Try
New Try
New Try
New Try
New Try
1.51096,0.01691206,11.39769
1.518441,0.0161145,11.21006
1.533488,0.01482906,11.04817
1.54785,0.0151087,10.91207
1.562017,0.01509775,10.83029
1.576324,0.0143568,10.82244
1.590198,0.01404716,10.57339
1.61018,0.01402117,10.44966
1.623062,0.01396525,10.18644
1.637248,0.01373891,9.981977
1.652187,0.01356998,9.887178
1.667252,0.01392106,9.841928
1.681105,0.01270447,9.668167
1.695491,0.01439443,9.552425
1.70966,0.01413305,9.418973
1.723775,0.01414807,9.34256
1.737888,0.01401647,9.242205
1.751061,0.01450242,9.035703
1.764596,0.01435773,8.943119
1.779471,0.01414659,8.816325
1.793652,0.01414031,8.741118
1.813622,0.01432517,8.57492
1.826427,0.01440349,8.50011
1.841183,0.01467441,8.410085
1.855297,0.01470697,8.36039
1.869922,0.01462158,8.430141
1.883649,0.01475301,8.421378
1.898025,0.01518135,8.420959
1.912401,0.01505137,8.399453
1.926642,0.01598267,8.480726
1.941075,0.01625185,8.381596
1.954883,0.01554822,8.317369
1.969333,0.01617262,8.299785
1.982847,0.01699827,8.40915
1.997055,0.01690643,8.293016
2.018762,0.01723929,8.293939
2.030176,0.01738538,8.23063
2.045074,0.01756262,8.224641
2.059673,0.01784899,8.191127
2.07408,0.01823425,8.2175
2.09134,0.01851352,8.158151
2.105097,0.01897727,8.115637
2.120999,0.01923614,8.026392
2.135569,0.01928822,7.991979
2.149228,0.01945208,7.960329
2.162832,0.01948614,7.939019
2.177289,0.01951072,7.89486
2.190992,0.01960912,7.786665
2.206132,0.01973676,7.68965
2.231106,0.01973643,7.600858
2.244378,0.01928027,7.605607
2.258931,0.01980824,7.438646
2.273606,0.01985415,7.379802
2.287526,0.02028766,7.326435
2.302551,0.02057211,7.439517
2.318904,0.02068559,7.217816
2.335873,0.02062896,7.161714
2.351148,0.02036105,7.096525
2.365131,0.02048711,7.099814
2.379749,0.0202727,7.047149
2.393762,0.01991835,7.027888
2.408021,0.01982632,7.002387
2.428823,0.01947125,6.981317
2.440825,0.01920671,6.986401
2.455314,0.01866616,6.922913
2.469645,0.01851773,6.924556
2.483552,0.01845956,6.897452
2.497501,0.01836088,6.873437
2.511628,0.01798787,6.842434
2.525768,0.01805981,6.85944
2.541458,0.01796881,6.794195
2.555302,0.01798787,6.792578
2.571131,0.01792698,6.768686
2.586589,0.01757821,6.729456
2.60106,0.01690115,6.77277
2.614455,0.0165374,6.73636
2.636288,0.01553997,6.633889
2.647103,0.0151908,6.679288
2.662098,0.01427062,6.62611
2.677267,0.01379841,6.641422
2.692881,0.01315671,6.620928
2.706304,0.01279428,6.576827
2.721259,0.01241514,6.563246
2.735111,0.01166528,6.546134
2.748679,0.01134929,6.535011
2.762777,0.01119796,6.515417
2.776855,0.01138031,6.53942
2.790775,0.01085969,6.499627
2.805405,0.01033081,6.446372
2.82141,0.01059363,6.458649
2.841752,0.01015064,6.450568
2.853677,0.009324093,6.36196
2.874866,0.009238816,6.479019
2.889337,0.008997547,6.503035
2.903905,0.008941201,6.495613
2.918387,0.008756614,6.471296
2.933855,0.008672028,6.484071
2.949494,0.008466772,6.521313
2.963705,0.008303713,6.526093
2.978288,0.008127607,6.511804
2.992283,0.008012481,6.511804
3.005587,0.007920835,6.52477
3.020144,0.007776349,6.573486
3.035837,0.007631851,6.570682
3.056566,0.00737601,6.607319
3.069739,0.00772998,6.637287
3.087967,0.007715392,6.742994
3.104596,0.007875536,6.786945
3.119071,0.008046723,6.841747
3.133584,0.008180643,6.822742
3.147828,0.008524819,6.899925
3.1622,0.008671032,6.953474
3.176346,0.009180699,6.98466
3.190845,0.009532893,6.941107
3.20458,0.009802756,6.969647
3.218646,0.0100866,6.959762
3.232575,0.01019137,7.018532
3.246994,0.0103857,7.060387
3.268649,0.01038348,7.180345
3.280148,0.01038094,7.252876
3.295089,0.01028423,7.300492
3.30944,0.01037339,7.482072
3.32389,0.0104305,7.603233
3.338454,0.01045083,7.760963
3.356418,0.01053161,7.843677
3.371792,0.01072631,7.837042
3.38619,0.01060214,7.90398
3.402621,0.01053815,7.94673
3.416254,0.01037881,7.963016
3.430174,0.01014293,8.030793
3.444252,0.01012458,8.045568
3.458636,0.01101479,8.106269
3.478875,0.01079094,8.202074
3.491262,0.01159186,8.392039
3.505248,0.01140448,8.407561
3.519759,0.01164231,8.560523
3.535251,0.01102176,8.655192
3.548225,0.01103378,8.881949
3.562261,0.01171075,8.989726
3.578748,0.01153924,9.17481
3.593992,0.01210231,9.406757
3.608036,0.01209863,9.28256
3.622058,0.01182267,9.403622
3.635668,0.01182184,9.481289
3.649123,0.0120843,9.600113
3.662855,0.01122286,9.61323
3.684151,0.01163767,9.676013
3.694935,0.01134806,9.715353
3.710108,0.01132271,9.852872
3.725401,0.01147971,10.01524
3.739465,0.01136573,10.04532
3.753389,0.01148435,10.07495
3.768419,0.01012838,10.13166
3.78227,0.01037542,10.21296
3.796638,0.01039237,10.24653
3.810921,0.008539457,10.32657
3.825217,0.009248278,10.4416
3.839525,0.007901417,10.39455
3.853264,0.006639485,10.46206
3.867396,0.006926823,10.49548
3.887971,0.006630127,10.5515
3.900279,0.005422569,10.59912
3.915137,0.005929397,10.66474
3.930291,0.005080184,10.6742
3.945472,0.005147262,10.79751
3.960918,0.005506649,10.82484
3.976582,0.005431639,10.84419
3.990817,0.005130527,10.89343
4.004507,0.005147297,10.94651
4.018122,0.005551751,11.0263
4.032245,0.005589418,11.23
4.045777,0.005128008,11.31031
4.059817,0.005169407,11.40284
4.076139,0.005555796,11.47195
4.099293,0.006046081,11.44331
4.111484,0.005721223,11.67818
4.126376,0.0060389,11.55625
4.141094,0.006734546,11.57051
4.155218,0.006767053,11.6112
4.168966,0.00677757,11.67842
4.183044,0.006969272,11.70818
4.196281,0.007491726,11.86584
4.210775,0.007002003,11.80877
4.224826,0.00752996,11.79027
4.238454,0.006861391,11.87537
4.252378,0.007304735,11.96873
4.266026,0.006813891,11.97576
4.280069,0.007676349,11.88763
4.300965,0.007901787,11.89481
4.319685,0.008275964,11.91439
4.336294,0.008648334,11.93595
4.350951,0.008916232,11.98423
4.366828,0.009064563,12.03298
4.385273,0.009204444,12.0531
4.400439,0.009354063,12.13208
4.414002,0.009437228,12.17597
4.428008,0.009498055,12.3196
4.442192,0.009871211,12.33737
4.456012,0.009891099,12.41519
4.469501,0.01037564,12.39508
4.483449,0.01062968,12.54107
4.506296,0.01056536,12.54788
4.518741,0.01043575,12.66043
4.534666,0.01044574,12.6607
4.550083,0.009775427,12.64946
4.563375,0.009975877,12.64813
4.579611,0.009710083,12.69906
4.594337,0.009445024,12.78345
4.609248,0.009530609,12.71445
4.623396,0.009451626,12.72625
4.637004,0.00858225,12.7584
4.651422,0.009281497,12.86571
4.66464,0.009116692,12.91168
4.678846,0.00907817,12.98347
4.693757,0.008656187,13.00469
4.713518,0.008676027,13.11919
4.725525,0.008534386,13.20448
4.739769,0.008377272,13.44371
4.755063,0.008503132,13.58251
4.771224,0.008288294,13.87356
4.786613,0.008028767,14.03364
4.802535,0.007697157,14.38233
4.81674,0.007664463,14.60791
4.829614,0.007451178,15.06581
4.843832,0.00725966,15.31321
4.85938,0.006872237,15.81718
4.87356,0.006570762,16.05901
4.887541,0.006552288,16.34097
4.901669,0.005780173,16.94088
4.922435,0.005553174,17.66575
4.934596,0.00476513,18.04568
4.94911,0.004109236,18.80326
4.96386,0.004625597,19.22777
4.978373,0.004291858,20.27376
4.992335,0.003750181,21.14767
5.006959,0.002678929,22.93056
5.021303,0.003835295,22.53758
5.037072,0.00314762,23.47005
5.05164,0.004260686,24.03088
5.065289,0.004034746,24.63626
5.082155,0.003212448,26.17804
5.09942,0.003940196,26.722
5.117257,0.004211545,27.26768
5.13912,0.004218219,27.52925
5.150894,0.004199107,28.26238
5.165593,0.003961459,28.75345
5.179121,0.003665516,29.78131
5.193954,0.003325483,30.27247
5.208568,0.004196706,30.94645
5.222668,0.005173235,31.32608
5.237126,0.005416032,31.74298
5.251278,0.006268965,32.64638
5.265223,0.006203012,33.40445
5.278864,0.005831149,57.99311
5.292619,0.004719474,57.69058
5.306355,0.003141002,56.67299
5.320672,0.003977911,56.83043
5.341139,0.003785432,56.17276
5.35393,0.004118549,55.59333
5.368374,0.00478479,55.1507
5.383795,0.005316309,54.81115
5.399125,0.006149837,54.26105
5.413844,0.006711957,53.68013
5.427839,0.00707012,53.04528
5.441419,0.007799913,52.94417
5.455486,0.007984015,52.66821
5.469542,0.008380845,52.10426
5.483479,0.008749158,51.75928
5.496734,0.008982432,51.38776
5.510778,0.009625356,50.70848
5.524652,0.009898359,50.41158
5.546181,0.01056761,49.72373
5.558819,0.0101768,43.61743
5.573809,0.009703047,44.09803
5.588155,0.008552822,45.03753
5.604148,0.006229912,46.24557
5.618392,0.008393748,46.34195
5.631518,0.007223994,47.10142
5.645549,0.006310524,47.79187
5.659659,0.005820184,48.64759
5.673644,0.005375445,49.5522
5.68768,0.007063249,49.82773
5.701314,0.01054712,51.00526
5.718237,0.01278599,51.66129
5.731339,0.01077423,52.7972
5.753916,0.01089615,54.23163
5.770656,0.0102124,55.19761
5.785,0.009470477,55.92432
5.79867,0.00927724,57.00525
5.812412,0.008974261,57.6689
5.825984,0.008818759,58.42627
5.840243,0.008754744,59.2123
5.853104,0.008799721,59.72699
5.866811,0.008949723,60.24288
5.880932,0.009545776,61.23598
5.894125,0.01080562,61.8143
5.907214,0.02127642,30.50088
5.921165,0.02188705,30.47261
5.934894,0.01236133,63.64827
5.954551,0.01329347,64.18886
5.966683,0.01978317,27.60402
5.979443,0.01931338,28.14031
5.993241,0.01865953,27.84693
6.007487,0.01722145,26.29903
6.021327,0.01707863,26.72234
6.035565,0.01697081,26.84456
6.050422,0.01637355,26.02564
6.063354,0.01584536,25.71787
6.07679,0.01505866,25.18817
6.093118,0.01451411,25.29303
6.107397,0.01420438,24.06527
6.124868,0.01400173,23.75964
6.138807,0.01278234,23.20324
6.15874,0.01243564,22.41417
6.170707,0.01062395,22.48312
6.185489,0.01052914,22.17007
6.199125,0.0105771,21.48133
6.212338,0.01040687,21.17641
6.225255,0.009948327,20.91554
6.239079,0.009122518,20.43304
6.252134,0.00880254,20.18821
6.265318,0.008236147,19.91928
6.278178,0.008148523,19.58789
6.293565,0.008134299,19.21943
6.307698,0.01031565,19.3235
6.321967,0.0095209,18.42206
6.337573,0.01081152,18.87458
6.350629,0.01042899,19.17632
6.370721,0.00758132,19.22513
6.385592,0.008944076,18.96036
6.400904,0.009589789,19.31047
6.414526,0.01074076,19.28388
6.431598,0.01205462,19.22884
6.447581,0.01315618,19.22064
6.462055,0.0130883,19.13577
6.475094,0.0132983,19.09278
6.488618,0.01440825,18.87641
6.501648,0.01448434,18.72522
6.514725,0.01550569,18.51323
6.527599,0.01593381,18.39631
6.541561,0.01609125,18.17308
6.55522,0.01747097,17.79346
6.575428,0.01745304,17.57728
6.589239,0.0176215,17.10071
6.601593,0.01776517,16.89668
6.615289,0.01801043,16.72878
6.627827,0.0182509,16.44375
6.641993,0.01873384,16.26898
6.655714,0.0194295,15.89909
6.669083,0.02014978,15.72286
6.682466,0.02167756,15.46611
6.69675,0.02219687,15.3089
6.710088,0.02233028,15.21261
6.723565,0.02244935,15.07931
6.736571,0.02277686,14.81886
6.749783,0.02359483,14.71777
6.762956,0.02286445,14.98189
6.781785,0.02399685,14.41478
6.793437,0.02322693,14.72208
6.807426,0.02326845,14.10148
6.82122,0.02223408,13.89278
6.835401,0.02200467,14.03736
6.849329,0.02175269,13.87269
6.86285,0.02121749,13.68607
6.878322,0.02123122,13.68256
6.891107,0.0219114,13.56176
6.90518,0.02173941,13.60142
6.918947,0.02191803,13.53104
6.932298,0.02184161,13.51899
6.945108,0.02192902,13.47995
6.958611,0.02184877,13.37999
6.971471,0.02193593,13.33887
6.990191,0.02204305,13.33456
7.00228,0.02201289,13.30345
7.016397,0.02238767,12.99991
7.030467,0.02154707,13.15529
7.045136,0.02144012,13.23148
7.058761,0.02153859,13.2268
7.075648,0.02128503,13.21225
7.089515,0.02188255,13.18578
7.103573,0.02153893,13.19631
7.116366,0.02126943,13.19497
7.133327,0.02108998,13.07308
7.153233,0.02051637,13.15583
7.166477,0.0202611,13.24689
7.179807,0.02042897,13.35171
7.197089,0.01994425,13.40809
7.209301,0.01931606,13.45299
7.223848,0.01921679,13.50117
7.237891,0.01888712,13.58762
7.251601,0.01872712,13.62645
7.265332,0.01811782,13.68536
7.278532,0.01812758,13.67378
7.29167,0.01791818,13.71451
7.304908,0.01788791,13.68929
7.318286,0.0180169,13.66326
7.331593,0.01823594,13.75258
7.343757,0.01789928,13.82586
7.359033,0.01799907,13.78168
7.372539,0.01757261,13.78209
7.38576,0.01757301,13.76865
7.404592,0.01774945,13.86204
7.418257,0.01775456,13.96093
7.431955,0.01781999,14.12067
7.447644,0.01789047,14.22199
7.463974,0.01836152,14.36014
7.476542,0.01704061,14.25304
7.490834,0.0158211,14.30669
7.503923,0.01551942,14.62958
7.517498,0.01408011,14.96353
7.531739,0.01077246,14.89937
7.545121,0.01201733,15.15113
7.558529,0.01212894,15.18452
7.575021,0.01191079,15.39448
7.589128,0.01166851,15.65724
7.607044,0.01108983,15.83014
7.619221,0.01068575,16.2422
7.633206,0.01047507,16.46249
7.645998,0.01052849,16.63115
7.659916,0.009693579,17.28621
7.673901,0.01060744,17.51774
7.687129,0.0102156,17.82561
7.700651,0.01016674,18.13494
7.713146,0.009662587,18.31961
7.726567,0.01000925,18.66661
7.74022,0.00990049,19.1006
7.753504,0.0104782,19.43452
7.766953,0.009056799,19.73296
7.77963,0.007557636,19.9692
7.792747,0.008792055,20.56643
7.810597,0.01102646,20.38784
7.823829,0.01239987,20.6549
7.838037,0.012025,20.86524
7.851553,0.01265023,21.09998
7.865213,0.01267995,21.16642
7.879273,0.01369517,21.56414
7.892123,0.01361594,21.96376
7.90493,0.01453303,22.20435
7.919083,0.0148922,22.52017
7.933786,0.01522093,22.7535
7.946064,0.01544134,23.16922
7.95934,0.01480049,23.75899
7.973108,0.0149448,24.53013
7.986112,0.01555137,24.73583
7.999622,0.0146071,25.33753
8.017108,0.01405002,25.83415
8.032635,0.01431536,26.75291
8.047756,0.01352597,27.19996
8.061062,0.01266739,28.49708
8.077769,0.01152616,29.34738
8.092868,0.01070944,29.87375
8.105743,0.01032141,30.20656
8.119746,0.009655067,31.41899
8.135997,0.00969675,32.31457
8.149201,0.00912311,33.09363
8.161184,0.01189358,34.70068
8.17455,0.01136279,33.6501
8.188581,0.0131778,34.16611
8.201536,0.01366021,34.69034
8.219146,0.01398932,35.40623
8.233159,0.01553882,35.54458
8.246195,0.01658119,36.22529
8.259933,0.01693496,36.56145
8.274445,0.01745819,36.7237
8.28764,0.01803411,36.99427
8.300807,0.01754238,37.89491
8.31433,0.01825179,38.57902
8.328645,0.01781058,38.8313
8.341576,0.01807707,39.24077
8.355033,0.01807373,39.6022
8.3683,0.01797451,40.39856
8.381904,0.01727676,40.98868
8.395609,0.0164764,41.91763
8.413362,0.01606717,42.08398
8.431826,0.01564828,42.35672
8.443788,0.01552355,42.61733
8.457654,0.01486171,43.27859
8.472718,0.01520175,44.11798
8.489125,0.0157454,44.10567
8.50283,0.01632568,44.27941
8.515351,0.01697188,44.81446
8.534522,0.01836062,50.3779
8.54855,0.01664589,50.65937
8.560905,0.01520624,50.32903
8.574306,0.01527638,50.1237
8.59017,0.01373667,49.98757
8.605203,0.01305866,49.88971
8.621126,0.01260534,49.69043
8.638906,0.01248871,49.5085
8.651004,0.01256657,49.4018
8.665105,0.01264302,49.3102
8.677996,0.01259448,49.11157
8.692848,0.01178189,48.92361
8.708471,0.01062749,48.68719
8.721916,0.01057495,48.52391
8.735013,0.01028352,48.86416
8.747923,0.01050846,48.21048
8.760712,0.01079579,47.93101
8.774081,0.01093382,47.76879
8.787997,0.01118831,47.41241
8.801187,0.01134725,47.23005
8.813947,0.01150658,46.96728
8.827962,0.01167275,46.68617
8.845615,0.01212664,46.36385
8.85737,0.01243234,46.02208
8.871651,0.01280213,45.60544
8.885211,0.01324758,45.43346
8.89966,0.01451771,44.91845
8.913657,0.01505759,44.60428
8.92601,0.01333489,43.39526
8.940339,0.01572663,43.88029
8.953908,0.01572362,43.6362
8.967552,0.01458055,42.64498
8.980865,0.01642121,42.85637
8.993555,0.01647751,42.49717
9.006658,0.01688782,42.29526
9.019608,0.0175212,42.11829
9.032699,0.01754879,41.90177
9.052259,0.01830007,41.55851
9.063926,0.01839635,41.18181
9.081798,0.01910354,40.84324
9.09411,0.01945085,40.58175
9.108404,0.01948695,40.35613
9.122705,0.01934307,40.21443
9.136876,0.01875484,39.8972
9.153338,0.01864647,39.71041
9.166954,0.01855385,39.52694
9.180457,0.01819261,39.24496
9.194052,0.01817573,39.13667
9.208291,0.01791096,38.94548
9.221772,0.01784918,38.82327
9.235444,0.01797253,38.71687
9.25341,0.01803703,38.52902
9.266649,0.01796897,38.32001
9.280485,0.01792235,38.33347
9.29453,0.01784147,38.30729
9.307987,0.01782614,38.25167
9.321578,0.01783046,38.21109
9.334898,0.01836501,38.14209
9.347863,0.0181458,38.00511
9.361319,0.01911781,38.11673
9.374355,0.01998461,38.12292
9.388631,0.0204135,38.09547
9.401527,0.01977832,38.08945
9.416259,0.01971879,38.075
9.429671,0.01987086,38.10601
9.443409,0.0202051,38.12793
9.461626,0.02010297,38.09479
9.474074,0.02006423,38.12714
9.488189,0.01995287,38.03341
9.504886,0.01979713,37.97984
9.523145,0.01983175,37.95723
9.537029,0.01988877,37.97123
9.551539,0.01986118,37.87492
9.565058,0.01979469,37.84421
9.578188,0.019718,37.78994
9.594866,0.01937009,37.73179
9.608003,0.0193576,37.70171
9.622214,0.01930672,37.64278
9.636269,0.01904713,37.73435
9.649403,0.01929381,37.63471
9.666901,0.01888672,37.56067
9.680147,0.01906242,37.56245
9.693927,0.01891804,37.52613
9.706944,0.01889619,37.53957
9.720783,0.0185125,37.55212
9.734156,0.01850463,37.57838
9.74722,0.01837274,37.54539
9.759842,0.01810823,37.55697
9.776258,0.01796761,37.50303
9.789396,0.01776853,37.52152
9.802613,0.01771412,37.51578
9.815602,0.01767895,37.4983
9.829248,0.01749024,37.49331
9.843186,0.01754984,37.4724
9.856114,0.01750197,37.45538
9.873166,0.01742418,37.42909
9.885306,0.01738985,37.41971
9.904641,0.01725092,37.39023
9.918265,0.01713722,37.33019
9.933887,0.01718839,37.33538
9.947002,0.01720124,37.31539
9.959789,0.01727574,37.27443
9.972738,0.01724993,37.23887
9.985716,0.01732473,37.23943
9.998879,0.01740662,37.25825
10.01225,0.01747033,37.2548
10.02452,0.01756938,37.29866
10.03822,0.01688667,37.4546
10.05115,0.01631335,37.31549
10.06605,0.01595376,37.3656
10.08321,0.01586176,37.38789
10.09689,0.01508868,37.42243
10.10957,0.01399748,37.4862
10.12667,0.01330551,37.54878
10.14303,0.01261774,37.60605
10.16197,0.0121773,37.67186
10.1744,0.01182533,37.71295
10.18844,0.01147545,37.67258
10.2014,0.01118323,37.69828
10.21492,0.01122517,37.72346
10.22827,0.01120589,37.74817
10.24105,0.01124617,37.79666
10.25505,0.01105373,37.81075
10.26871,0.01111974,37.82114
10.28575,0.01115361,37.808
10.29943,0.01119344,37.83223
10.31308,0.01102664,37.9904
10.32623,0.01139874,38.16681
10.33997,0.01103617,38.01234
10.35579,0.01352942,37.97155
10.36943,0.01185177,37.95062
10.38284,0.01219103,37.96322
10.39581,0.01206141,37.99162
10.40969,0.01136547,38.0855
10.4244,0.01164956,38.18316
10.4382,0.01148228,38.22598
10.45239,0.01177832,38.20046
10.46555,0.01236181,38.22453
10.47819,0.01293883,38.32219
10.49581,0.01273088,38.32538
10.50833,0.01308545,38.35711
10.52423,0.01348707,38.3661
10.54233,0.01420686,38.47339
10.5571,0.01367793,38.44095
10.57059,0.01391612,38.50869
10.58339,0.01394233,38.55465
10.59935,0.01396192,38.65136
10.6131,0.01399004,38.70127
10.62587,0.01405413,38.75454
10.63978,0.01440068,38.93886
10.6531,0.01445798,38.94862
10.66654,0.01457979,39.01707
10.67973,0.01485178,39.14073
10.69785,0.01493589,39.32379
10.71229,0.01558114,39.41439
10.72571,0.01630262,39.39754
10.73944,0.01636668,39.52273
10.75357,0.01916154,39.85692
10.7667,0.0162099,40.09325
10.78035,0.0165007,39.87093
10.79339,0.01652243,39.97882
10.80631,0.01497183,40.18797
10.81968,0.01638916,40.4064
10.83329,0.01541592,40.38655
10.84668,0.015381,40.49087
10.85914,0.01483606,40.73701
10.87238,0.01579486,41.0096
10.8864,0.01597827,41.28981
10.90372,0.01601503,41.52655
10.91728,0.01535554,41.60052
10.9319,0.01545231,44.39288
10.94566,0.01485496,44.13202
10.95864,0.01466391,43.74459
10.97191,0.01405645,43.41854
10.98475,0.01388021,43.08944
10.99852,0.0127173,42.62439
11.01102,0.01254083,42.10223
11.02446,0.01218715,41.79104
11.03835,0.01140018,41.20671
11.05111,0.01031456,40.62913
11.06453,0.01008639,40.51504
11.07835,0.007903303,39.76726
11.09314,0.006680166,39.18558
11.11253,0.006439558,38.18358
11.12413,0.006368128,38.08524
11.13861,0.005347127,37.36773
11.15256,0.004698914,36.9651
11.16934,0.003120515,36.25452
11.18262,0.002147859,35.61444
11.1964,0.002276203,35.45094
11.20991,0.00211346,34.66218
11.2235,0.002031742,34.28944
11.23688,0.00181653,33.15141
11.25016,0.001475887,32.90581
11.2634,0.001589227,32.40335
11.28191,0.002954012,31.91574
11.29457,0.003617963,30.28848
11.31313,0.004781983,30.83183
11.32555,0.004873495,30.49096
11.33961,0.005155391,29.87841
11.3538,0.005852662,29.30879
11.36714,0.005181829,28.27975
11.38031,0.005646165,28.3513
11.39319,0.005866348,27.86853
11.40577,0.00605895,26.49421
11.41986,0.007049987,26.56732
11.43451,0.00644821,24.98416
11.44791,0.007651682,25.8716
11.46085,0.008234252,25.71008
11.47381,0.00917825,25.27659
11.48694,0.009036456,24.98879
11.50021,0.01018527,24.87665
11.51931,0.01064067,24.41383
11.53315,0.0110145,24.11072
11.54647,0.01112971,23.82358
11.56327,0.01105053,23.1456
11.57862,0.0107365,22.87907
11.59233,0.009273851,22.38315
11.60886,0.009309736,22.33082
11.62322,0.008719244,22.00242
11.63658,0.008723175,21.89075
11.64977,0.009220336,21.40248
11.66319,0.009126246,21.17187
11.67677,0.00876626,20.80019
11.68967,0.009039327,20.62006
11.70324,0.008859826,20.48862
11.72036,0.008354947,20.23002
11.73303,0.008378798,20.10786
11.74689,0.008304823,20.00935
11.76029,0.008078692,19.81652
11.77349,0.007947018,19.70285
11.78739,0.008452545,19.58703
11.80038,0.008359537,19.27596
11.81428,0.007927668,19.31898
11.82814,0.00824024,19.18231
11.84066,0.008254742,19.09473
11.85449,0.008046542,19.00267
11.86812,0.007824896,18.90812
11.88065,0.007267093,18.77189
11.89414,0.007799714,18.67877
11.90711,0.006184184,18.7326
11.92607,0.006239668,18.58838
11.93836,0.005369131,18.66946
11.95252,0.005247473,18.64074
11.96577,0.004948977,18.6973
11.98017,0.004142203,18.65779
11.99353,0.003009951,18.85821
12.00632,0.004086439,18.77473
12.02037,0.005009448,18.79478
12.03406,0.005735822,18.87584
12.04685,0.006348668,19.06908
12.0611,0.006382707,18.94309
12.07388,0.006141104,18.98822
12.08853,0.006189969,19.07644
12.10458,0.008800179,18.84383
12.11868,0.007893957,19.1755
12.13795,0.00811118,19.18672
12.15029,0.008235662,19.38066
12.16459,0.008480516,19.3385
12.18108,0.007678952,19.45316
12.1945,0.008468073,19.67717
12.20805,0.009204854,19.59656
12.22164,0.01095085,19.75377
12.23574,0.01157754,19.90104
12.24856,0.01161248,19.85167
12.26257,0.01195006,19.92714
12.27577,0.01561916,19.46022
12.29065,0.01613817,20.01628
12.30377,0.01673931,20.32946
12.317,0.01743167,20.5251
12.33064,0.01901504,20.5501
12.3482,0.0197359,20.40232
12.36127,0.0196909,20.66025
12.37443,0.01938845,20.73538
12.38834,0.01891473,20.8769
12.40296,0.0194647,20.95474
12.41681,0.01989315,20.97731
12.43087,0.01966616,21.17821
12.44516,0.01997885,21.25408
12.45891,0.01981889,21.43001
12.47527,0.01976715,21.50857
12.4902,0.01986691,21.80283
12.50325,0.01990581,21.81394
12.51657,0.02004573,22.02277
12.5298,0.01997263,22.14936
12.54279,0.01986645,22.26496
12.56285,0.01934924,22.61378
12.5762,0.02011333,22.72125
12.59268,0.02010189,23.29095
12.61072,0.02219839,23.5884
12.62419,0.02324419,23.30288
12.63731,0.02259887,23.51557
12.65646,0.02496908,23.75767
12.67251,0.02581879,23.99499
12.68531,0.02601004,24.12198
12.69894,0.02653031,24.24232
12.7114,0.02932766,24.47114
12.72541,0.02943016,24.56533
12.73924,0.02984289,24.75165
12.75303,0.0296974,24.89243
12.7719,0.02883616,25.20881
12.78442,0.02888779,25.29702
12.79834,0.02840889,25.58794
12.81187,0.02847839,25.73923
12.82539,0.02836185,25.87651
12.83937,0.02776511,26.20649
12.85345,0.02685525,26.59853
12.8668,0.02696813,26.53913
12.87976,0.02637418,26.88185
12.89294,0.02590168,27.19993
12.90511,0.0249684,27.52676
12.91927,0.02496951,27.56119
New Try
New Try
New Try
New Try
New Try
New Try
New Try
