New Try
New Try
New Try
New Try
New Try
New Try
New Try
New Try
New Try
New Try
New Try
New Try
New Try
New Try
New Try
New Try
New Try
New Try
New Try
New Try
New Try
New Try
New Try
New Try
New Try
New Try
New Try
1.928696,0.00775386,5.612133
1.936523,0.007469919,5.720327
1.950289,0.007278243,5.733743
1.96299,0.007099371,5.669323
1.976271,0.006472695,5.834857
1.989305,0.006322428,5.771019
2.002106,0.006267198,5.749923
2.014096,0.006181937,5.732444
2.030367,0.006014887,5.722041
2.044091,0.005988006,5.743921
2.057228,0.005953911,5.805558
2.075993,0.006064654,5.833379
2.087064,0.005716566,5.892188
2.101439,0.005768148,5.863008
2.116889,0.005677359,5.852098
2.13038,0.005254085,5.733675
2.143393,0.005438302,5.569648
2.157371,0.005096632,5.596186
2.170186,0.004985189,5.504417
2.182808,0.004831193,5.485694
2.195696,0.004823558,5.513027
2.208738,0.00464887,5.473248
2.221636,0.004313133,5.489265
2.235272,0.003682618,5.65721
2.248617,0.003863991,5.544467
2.2672,0.004356944,5.548037
2.286414,0.004713554,5.433865
2.296872,0.004011439,5.577524
2.310666,0.004962934,5.412329
2.324534,0.005156016,5.502103
2.338211,0.005025508,5.408562
2.352871,0.004692172,5.389434
2.366259,0.004522184,5.349765
2.379025,0.004341607,5.330427
2.391972,0.004363855,5.328662
2.405437,0.004234653,5.345771
2.419539,0.004001985,5.40131
2.432822,0.003980991,5.391942
2.445885,0.003875249,5.424553
2.462099,0.003570038,5.53396
2.47599,0.003473678,5.498219
2.495452,0.003502323,5.520522
2.507183,0.003557756,5.570915
2.520207,0.003705136,5.559082
2.533531,0.003723403,5.587214
2.547765,0.003198856,5.693609
2.56111,0.003444146,5.667041
2.575048,0.003302268,5.72365
2.588557,0.0037384,5.734153
2.601964,0.003638899,5.77129
2.615448,0.003644866,5.793662
2.628269,0.003915721,5.845731
2.641997,0.004455123,5.873963
2.656389,0.004559656,6.010141
2.670974,0.004170861,6.009423
2.684077,0.004262032,6.078541
2.704173,0.004230525,6.115999
2.716594,0.004286269,6.172061
2.729668,0.004397528,6.234199
2.743078,0.004367602,6.249997
2.757766,0.004420747,6.281164
2.770522,0.00444413,6.302976
2.783679,0.004466974,6.327751
2.79759,0.004444153,6.355917
2.810193,0.004481435,6.471266
2.82572,0.004481617,6.474296
2.840539,0.004454143,6.570264
2.854332,0.004519251,6.578556
2.86795,0.004737546,6.701684
2.881625,0.004929081,6.83713
2.894628,0.004777221,6.920731
2.916008,0.004626031,7.024985
2.926682,0.004594604,7.091271
2.942567,0.004788606,7.111382
2.957778,0.005116242,7.136029
2.972451,0.005214998,7.135479
2.988108,0.005505338,7.122463
3.004712,0.005520229,7.1502
3.018524,0.00583745,7.280308
3.031883,0.005867135,7.347347
3.046152,0.006008721,7.427402
3.06172,0.005982425,7.483121
3.077096,0.005889607,7.565845
3.090361,0.005898813,7.594788
3.103101,0.005899652,7.673605
3.124079,0.005904425,7.816528
3.135322,0.005872921,8.014936
3.149496,0.005929264,8.264009
3.16221,0.005944686,8.340118
3.182169,0.005999858,8.478457
3.200652,0.006070482,8.598889
3.215747,0.006109963,8.628168
3.228799,0.006334441,8.804865
3.24195,0.00635425,8.936877
3.255599,0.0062941,9.061066
3.26908,0.005781421,9.204022
3.282682,0.005770149,9.302736
3.295801,0.005682936,9.537556
3.309287,0.005338546,9.576965
3.334349,0.005532633,9.533722
3.3455,0.005576699,9.720855
3.361093,0.005506627,10.05786
3.375148,0.006487234,10.0923
3.389082,0.006477225,10.03672
3.402216,0.006393227,10.11808
3.415829,0.006193604,10.34596
3.429348,0.006311134,10.35528
3.442633,0.006277771,10.40335
3.456631,0.006378259,10.49394
3.473937,0.006339562,10.56481
3.48802,0.006925408,10.77623
3.501649,0.007011125,10.8954
3.517857,0.007166056,11.08187
3.538129,0.007120403,11.20845
3.552566,0.007011721,11.28095
3.567221,0.007864208,11.71916
3.581393,0.007823184,11.61551
3.595007,0.008946058,12.01555
3.608907,0.008905664,11.86687
3.622881,0.008873448,11.92813
3.637937,0.008933438,11.90951
3.651407,0.008796941,11.9877
3.665403,0.008468078,12.00387
3.67949,0.008286842,12.2859
3.693133,0.007600299,12.39199
3.707381,0.007229456,12.37736
3.721501,0.007071569,12.38204
3.741209,0.007042432,12.32405
3.752794,0.006766407,12.34539
3.76714,0.006441739,12.32885
3.782234,0.006236314,12.38341
3.796276,0.006171813,12.44907
3.80942,0.006179895,12.54681
3.823246,0.006081188,12.53942
3.836608,0.006111242,12.59885
3.850276,0.00596875,12.63217
3.863962,0.005843739,12.835
3.877386,0.005859772,12.901
3.892262,0.005881052,12.9656
3.9064,0.005744695,12.92154
3.920121,0.005652384,13.15775
3.934028,0.00512745,13.15016
3.954541,0.005040532,13.25483
3.968361,0.005642757,13.36398
3.982508,0.005422018,13.58945
3.998615,0.005554614,13.49714
4.011801,0.005617141,13.54701
4.025775,0.005833644,13.67005
4.040595,0.005047864,13.47178
4.057983,0.005222797,13.71296
4.071695,0.005166903,13.96111
4.090142,0.004468258,13.895
4.105432,0.004812011,14.10984
4.119523,0.004487564,14.22873
4.134639,0.004484347,14.18688
4.155493,0.004818779,14.25957
4.16773,0.005172579,14.21197
4.182296,0.005278808,14.2517
4.195976,0.005397152,14.35538
4.211616,0.005400953,14.39232
4.225184,0.005425527,14.40836
4.239379,0.005528007,14.41064
4.252795,0.005535001,14.40754
4.266848,0.005632585,14.4401
4.280562,0.005761174,14.45299
4.294319,0.005944345,14.23635
4.308422,0.006671933,14.56728
4.322692,0.006508432,14.50491
4.336516,0.006645995,14.52173
4.356276,0.007081667,14.2987
4.374382,0.00728278,14.43621
4.387733,0.007451422,14.36074
4.401387,0.00754191,14.34447
4.415409,0.007695381,14.25836
4.429475,0.008210691,14.18164
4.442774,0.008073849,14.07198
4.456995,0.008102776,13.99341
4.472559,0.008156267,13.99866
4.488917,0.008465645,14.02597
4.502439,0.008345979,13.92276
4.51835,0.008595191,13.802
4.532071,0.00878826,13.72939
4.546564,0.009132032,13.65104
4.566448,0.009083538,13.47354
4.578599,0.009234087,13.41539
4.593567,0.009361916,13.42266
4.607364,0.009386704,13.3248
4.620917,0.009515739,13.31018
4.633862,0.009637101,13.23718
4.647574,0.009430422,13.22865
4.660442,0.009485431,13.13255
4.675189,0.009392186,13.14779
4.68915,0.009640345,13.07076
4.702074,0.009359653,13.02563
4.715474,0.009322919,12.98422
4.729016,0.009315766,12.91668
4.742258,0.009175121,12.81832
4.756916,0.009251769,12.73282
4.775952,0.009297282,12.61653
4.788076,0.009464535,12.53345
4.801659,0.009447999,12.5235
4.815103,0.009345848,12.52421
4.828471,0.009530164,12.47683
4.842302,0.009498527,12.46318
4.857004,0.009408324,12.34494
4.872413,0.009303283,12.36903
4.886473,0.009041777,12.44153
4.9003,0.009106832,12.35572
4.913961,0.008928407,12.27979
4.928095,0.009218292,12.1933
4.941518,0.009128411,12.15748
4.95632,0.009277961,12.19481
4.970605,0.009157423,12.20856
4.990162,0.009277707,12.19003
5.003896,0.009308396,12.18052
5.018175,0.009412018,12.17906
5.032044,0.009400692,12.20048
5.046398,0.009136096,12.21505
5.059672,0.008980841,12.1645
5.074135,0.008869645,12.20211
5.088186,0.008971059,12.14265
5.102825,0.009323626,12.00239
5.118398,0.009086286,11.97418
5.133436,0.008559825,11.87949
5.147407,0.008056352,11.68183
5.161733,0.007669617,11.55006
5.175944,0.007712924,11.33098
5.197082,0.008253776,11.65743
5.207966,0.009195111,11.58835
5.2223,0.009719827,11.61713
5.236588,0.0111977,11.36176
5.252419,0.01149186,11.30214
5.266228,0.01116572,11.26533
5.279869,0.0111678,11.15475
5.293103,0.01109258,11.15494
5.306907,0.01090122,11.15706
5.320316,0.01095889,11.28221
5.333828,0.0111679,11.25998
5.347329,0.01129008,11.21294
5.361872,0.01140977,11.05612
5.375031,0.01171345,11.00519
5.389309,0.01182956,10.83747
5.408313,0.01225891,10.62823
5.425544,0.01182815,10.65359
5.439558,0.01244209,10.67013
5.454228,0.01277284,10.70649
5.46848,0.0133151,10.7105
5.485066,0.01345648,10.56718
5.501577,0.0135984,10.51045
5.516419,0.01325748,10.38521
5.530711,0.01304896,10.25743
5.54445,0.01282284,10.34037
5.558468,0.01306824,10.25068
5.573431,0.01299386,10.32594
5.588381,0.0128682,10.37475
5.602698,0.01263993,10.43796
5.623148,0.01290771,10.5006
5.636456,0.01265133,10.45178
5.653116,0.01253779,10.33636
5.66823,0.01230081,10.15664
5.682749,0.01219035,10.09576
5.697414,0.01221313,10.04436
5.711504,0.01199392,10.07503
5.726922,0.01205004,10.06402
5.741292,0.01221195,10.08407
5.755948,0.01232357,10.08832
5.770254,0.01258788,10.06646
5.784027,0.01261987,10.05268
5.798815,0.01233609,9.928819
5.816796,0.01241511,10.03374
5.838319,0.01214734,9.948231
5.850636,0.01227535,10.07589
5.864177,0.01237334,9.989185
5.8777,0.01246804,10.01846
5.892014,0.01252894,10.03429
5.905851,0.01146076,10.02735
5.919782,0.01200659,10.03529
5.93287,0.01200461,10.09459
5.947093,0.01159154,10.12731
5.959457,0.01153797,10.07111
5.972503,0.01117501,10.12016
5.987412,0.01125648,10.13174
6.000166,0.01087373,10.16183
6.014715,0.01068162,10.20402
6.028132,0.0103686,10.19306
6.047461,0.01023702,10.15048
6.05851,0.009869866,10.16535
6.071956,0.009773858,10.21488
6.085327,0.009758382,10.2738
6.099377,0.009856098,10.34625
6.112057,0.009722695,10.40615
6.126625,0.009854796,10.37411
6.143648,0.009747047,10.37498
6.157625,0.009518586,10.4294
6.170971,0.009538325,10.46853
6.183932,0.008529347,10.45929
6.197438,0.008686177,10.65174
6.210859,0.008433273,10.53685
6.224108,0.00810952,10.61738
6.23829,0.008055983,10.56539
6.257709,0.007984804,10.69174
6.269461,0.007591608,10.73911
6.282917,0.007618264,10.71972
6.296108,0.007334435,10.7615
6.309652,0.006816694,10.84166
6.323302,0.006454066,10.91652
6.336329,0.006597951,10.88962
6.350028,0.006616025,10.91161
6.363349,0.006479092,10.99755
6.375912,0.006544013,10.95138
6.389859,0.006376103,11.02352
6.404383,0.006310718,11.05443
6.416903,0.006367513,10.99062
6.431116,0.00625309,11.06964
6.444285,0.006438119,11.03287
6.463248,0.006510353,11.06187
6.475626,0.0062726,10.96395
6.499385,0.006330948,10.97339
6.514594,0.006158336,10.9284
6.528676,0.006286855,10.95576
6.541974,0.006306656,10.98204
6.556481,0.005987599,11.16719
6.570696,0.006723533,11.12089
6.584136,0.007034182,11.0746
6.597875,0.007405419,11.11188
6.610981,0.007530628,11.14679
6.624226,0.007599963,11.09445
6.638016,0.007833728,11.16973
6.65064,0.007994026,11.17815
6.669901,0.008038208,11.1575
6.682411,0.008041814,11.18005
6.696507,0.008080184,11.21191
6.710564,0.008024188,11.23876
6.724939,0.008031202,11.3139
6.738225,0.008148476,11.44584
6.752169,0.008499669,11.48235
6.765113,0.008404414,11.53415
6.777995,0.008912311,11.60665
6.791722,0.00906352,11.61893
6.805812,0.009176194,11.63897
6.818853,0.009081027,11.73925
6.832448,0.009219918,11.84269
6.847687,0.009015664,11.87388
6.860856,0.009511234,11.8911
6.87891,0.009773258,12.00878
6.895885,0.0102284,12.04829
6.913376,0.01001441,12.04773
6.926446,0.01080855,12.06487
6.940071,0.01047643,12.26048
6.953933,0.01140348,12.31305
6.96642,0.01163595,12.22866
6.981426,0.01175316,12.40194
6.996498,0.01207141,12.42262
7.00974,0.01212569,12.52481
7.022707,0.01187916,12.71
7.035721,0.01236951,12.62875
7.050922,0.01283325,12.76656
7.063344,0.01267105,12.94862
7.081019,0.01226464,12.8835
7.092939,0.01212689,12.89925
7.107114,0.01179198,12.94482
7.120613,0.01172111,12.99619
7.133934,0.01190217,13.04539
7.148617,0.01184909,13.11526
7.163201,0.01182485,13.13971
7.176621,0.01181287,13.22345
7.189652,0.0117733,13.29347
7.202892,0.0116029,13.39307
7.215798,0.01158305,13.46065
7.229151,0.01142206,13.51762
7.243104,0.01133079,13.58703
7.257868,0.01126979,13.6261
7.27328,0.01019211,13.70977
7.291475,0.01041222,13.76929
7.305222,0.01028247,13.77761
7.319228,0.01013001,13.8016
7.333034,0.01001934,13.92162
7.347872,0.0100309,13.92926
7.360778,0.01005045,13.98773
7.374972,0.01008811,14.00762
7.388841,0.01015006,13.96465
7.402953,0.01023009,14.05509
7.417706,0.01019638,14.0113
7.430683,0.009925754,14.07475
7.444695,0.009858931,14.05001
7.459518,0.009832806,14.03351
7.480894,0.009774033,14.15589
7.502196,0.009801444,14.19074
7.519012,0.009697773,14.21451
7.532675,0.009634644,14.24982
7.548722,0.00957187,14.33948
7.564233,0.009615671,14.39103
7.579012,0.009553078,14.41315
7.592319,0.009405178,14.47449
7.606577,0.008823356,14.52264
7.620583,0.008699495,14.57019
7.634096,0.008580348,14.62147
7.649695,0.008251539,14.71431
7.662765,0.007837328,14.79539
7.677226,0.007969406,14.84328
7.690499,0.007492672,14.8938
7.709591,0.007300681,14.92986
7.723041,0.006976838,14.97956
7.739117,0.006859317,15.0659
7.753135,0.006820397,15.11955
7.767461,0.006887959,15.15604
7.781258,0.007006665,15.14726
7.795517,0.007077773,15.20617
7.810194,0.007056631,15.22633
7.824234,0.006936228,15.22322
7.83773,0.006981229,15.31762
7.851686,0.006988936,15.35728
7.864806,0.006983551,15.37543
7.878334,0.006958783,15.41835
7.892199,0.006963588,15.43816
7.911189,0.006860689,15.3771
7.925432,0.006838026,15.40616
7.940702,0.006802952,15.44392
7.955481,0.006618496,15.53854
7.970756,0.006554379,15.59825
7.986836,0.006607356,15.57877
8.000324,0.006614951,15.60355
8.014189,0.006119757,15.65718
8.029184,0.006309791,15.77486
8.045494,0.005835216,15.77652
8.061369,0.005450896,15.92338
8.077028,0.005337784,15.92665
8.092375,0.005294435,15.95921
8.11294,0.004984583,16.00203
8.129153,0.004843519,16.07362
8.14564,0.00469229,16.21127
8.161397,0.004784335,16.2547
8.175933,0.004905331,16.28278
8.191557,0.004893383,16.30996
8.205317,0.004918746,16.35791
8.218246,0.005477278,16.36525
8.232606,0.005444902,16.4878
8.245608,0.005487202,16.55275
8.259878,0.005611088,16.6601
8.272682,0.005798978,16.7751
8.2874,0.005909831,16.73551
8.300487,0.006070641,16.80073
8.318897,0.006131055,16.88787
8.332278,0.00629171,16.94541
8.34791,0.006419532,17.02531
8.361858,0.006530124,17.08357
8.374961,0.00660345,17.1256
8.389138,0.006748212,17.17077
8.402732,0.006896441,17.23894
8.416571,0.007268508,17.25177
8.430861,0.007808348,17.31621
8.444629,0.007959197,17.32325
8.45952,0.008365813,17.49377
8.472761,0.007851211,17.22485
8.488182,0.007969967,17.35169
8.501287,0.007625081,17.24053
8.523117,0.007448564,17.3803
8.538836,0.007585937,17.32831
8.554006,0.007839387,17.48777
8.573246,0.007985217,17.57273
8.588893,0.007974447,17.52054
8.602614,0.007862163,17.52575
8.61614,0.007990678,17.50726
8.630242,0.008021716,17.5326
8.644391,0.008042665,17.60108
8.658168,0.008073716,17.64712
8.672068,0.008211941,17.7277
8.686325,0.008113449,17.7132
8.699909,0.008279288,17.71115
8.713579,0.008395472,17.74468
8.733996,0.008772163,17.94974
8.748446,0.008873701,17.82945
8.762712,0.009023275,17.86787
8.776433,0.00894937,17.75522
8.790365,0.008496363,18.00048
8.805409,0.008357508,18.06332
8.819351,0.008063517,18.18075
8.832542,0.008022649,17.9851
8.847642,0.007723713,18.195
8.860888,0.007637861,18.23946
8.874614,0.007377137,18.19624
8.889125,0.007486382,18.26722
8.903055,0.007517061,18.29369
8.918048,0.007400084,18.3328
8.939152,0.007060647,18.38445
8.955851,0.00684047,18.46931
8.970329,0.006850767,18.52354
8.985514,0.006741859,18.57145
8.99986,0.006756628,18.63471
9.013695,0.006510645,18.62011
9.029663,0.006460333,18.6825
9.042838,0.006116725,18.70323
9.057412,0.005975108,18.77626
9.075094,0.006355288,19.00526
9.08989,0.006263142,18.89458
9.103539,0.005746716,18.92707
9.118179,0.00540734,18.99839
9.135584,0.004591967,19.15713
9.149024,0.004590023,19.07615
9.164884,0.00450251,19.04879
9.178438,0.00458437,19.15024
9.193103,0.004329042,19.19328
9.209214,0.004286,19.34674
9.22412,0.004318853,19.41811
9.2387,0.004276673,19.40026
9.253247,0.004354122,19.43536
9.267136,0.004618731,19.53784
9.280558,0.004661827,19.57949
9.294272,0.004629761,19.65717
9.309668,0.004455691,19.68452
9.32344,0.004630853,19.76044
9.341653,0.004697337,19.82483
9.354869,0.004751476,19.827
9.370256,0.00496816,19.91131
9.384272,0.005036751,19.99151
9.398723,0.005041003,20.00238
9.41241,0.005029208,20.06025
9.425549,0.005028815,20.08566
9.440394,0.005174979,20.17057
9.45481,0.005385499,20.24008
9.468647,0.005422474,20.19599
9.483766,0.006310634,20.2689
9.496849,0.006771587,20.25336
9.510141,0.006923242,20.28101
9.528618,0.006997172,20.30474
9.546627,0.007078449,20.34581
9.561548,0.007196019,20.44654
9.574431,0.006519433,20.29025
9.589865,0.007179451,20.7325
9.604415,0.00669413,20.70115
9.619875,0.007236499,20.8417
9.639997,0.006989951,20.68563
9.654999,0.0070702,20.70484
9.669121,0.006512074,20.80421
9.683355,0.006567165,20.78996
9.697248,0.006705396,20.86877
9.710851,0.006644818,20.93583
9.725207,0.006694843,20.96107
9.738743,0.006692889,20.97915
9.757297,0.006610401,20.93711
9.770363,0.006696126,20.99291
9.785671,0.006832648,20.98966
9.800172,0.007175726,21.05889
9.814988,0.007130567,21.0219
9.829394,0.007459848,21.06814
9.843328,0.006990021,20.97855
9.857366,0.006934422,21.0533
9.872019,0.006763744,21.08062
9.887341,0.006964867,21.11619
9.901311,0.006989245,21.05351
9.91564,0.006842364,21.06214
9.928856,0.006808975,21.05205
9.943301,0.006826979,21.07989
9.962074,0.006849069,20.93086
9.976257,0.00682523,20.89476
9.990766,0.006543061,20.87857
10.00475,0.006561316,20.8258
10.01857,0.00633208,20.7164
10.03177,0.006132195,20.67347
10.04797,0.005784279,20.61483
10.06166,0.005645594,20.54851
10.07513,0.005666956,20.5283
10.08931,0.005807996,20.49559
10.10331,0.005848203,20.45318
10.12144,0.005864027,20.50002
10.13466,0.005772526,20.43679
10.14855,0.005901477,20.40177
10.1665,0.006001153,20.33113
10.18067,0.006038696,20.28909
10.19437,0.006077393,20.24965
10.20859,0.006057431,20.19177
10.2232,0.005926422,20.03426
10.24011,0.005866745,20.03556
10.25362,0.005376099,19.92041
10.26791,0.005624381,19.90932
10.28155,0.00522926,19.87234
10.29429,0.005043516,19.93734
10.30806,0.005086461,19.85196
10.32208,0.00367832,19.73018
10.33744,0.004855135,19.81576
10.35145,0.004790524,19.82601
10.36885,0.004728592,19.87937
10.38207,0.004280229,19.86617
10.39583,0.004596568,19.8494
10.4104,0.004234585,19.75218
10.42405,0.004064873,19.76013
10.43942,0.003521225,19.77137
10.45429,0.003575849,19.77348
10.46869,0.003099541,19.76803
10.48299,0.003152271,19.7898
10.49666,0.003052804,19.81437
10.512,0.0030749,19.81709
10.52776,0.002898237,19.85007
10.54319,0.002572246,19.88471
10.55749,0.002719813,19.93296
10.57583,0.002075883,20.02792
10.58837,0.001731205,19.90854
10.60383,0.001680644,20.12524
10.61935,0.001482643,20.0242
10.63358,0.001337925,20.07247
10.64775,0.001146498,20.08476
10.66047,0.001047374,20.09999
10.67887,0.0009820168,20.12087
10.69214,0.001224157,20.24892
10.70537,0.001068017,20.24016
10.72045,0.001390999,20.36383
10.73409,0.001317458,20.37312
10.74804,0.001393141,20.40573
10.76161,0.001480246,20.46312
10.77892,0.001706314,20.53791
10.79277,0.001906631,20.62321
10.80649,0.002039267,20.70462
10.82109,0.002050208,20.73223
10.83571,0.002130836,20.76004
10.84931,0.002021908,20.82286
10.86324,0.002049555,20.86091
10.87764,0.002129939,20.96548
10.89094,0.002191058,21.04182
10.90508,0.002386553,21.11844
10.91966,0.002618967,21.2431
10.93338,0.002700436,21.30836
10.94769,0.002669591,21.29519
10.96148,0.002707585,21.316
10.98354,0.002911297,21.39167
10.99764,0.003225166,21.51191
11.01283,0.003537104,21.60518
11.02991,0.003777178,21.97068
11.04794,0.003376115,21.75013
11.06185,0.003650709,21.93906
11.07621,0.003400683,21.87375
11.09214,0.003667541,21.99285
11.10628,0.003731882,22.02757
11.12185,0.00409147,22.11877
11.14023,0.004271279,22.21824
11.15507,0.004500738,22.33301
11.16993,0.00443677,22.34324
11.19005,0.004495753,22.41706
11.20305,0.004617234,22.52295
11.21812,0.004815161,22.64025
11.23339,0.005058797,22.77637
11.24926,0.005035201,22.76799
11.26384,0.005464224,22.8903
11.27802,0.005642977,22.86835
11.29112,0.006625417,23.01973
11.30489,0.007112342,23.0641
11.31946,0.007145564,23.00104
11.33314,0.007270949,23.07189
11.34768,0.007111677,23.23817
11.36066,0.007423851,23.39358
11.37431,0.008158109,23.70728
11.39344,0.008122135,23.87016
11.40789,0.006204501,23.55312
11.42151,0.006273151,23.59121
11.43754,0.006659943,23.78182
11.45217,0.006798399,23.86761
11.46529,0.006900805,23.94231
11.48011,0.007018428,24.06738
11.49375,0.007480065,24.28459
11.50742,0.00746335,24.24376
11.52131,0.007743741,24.38451
11.5391,0.007827322,24.43882
11.55326,0.008494023,24.77917
11.56776,0.008275416,24.61872
11.58083,0.008349371,24.67736
11.59894,0.007908347,24.78957
11.61266,0.008804635,25.00719
11.62959,0.008620124,24.86457
11.64252,0.009713567,25.16008
11.65643,0.0103565,24.93698
11.67226,0.0114478,25.00488
11.68587,0.01131161,24.97377
11.69953,0.01129433,24.93593
11.71558,0.01134993,24.9699
11.73071,0.01095021,25.08969
11.75197,0.008722646,24.78903
11.76643,0.009542735,25.17738
11.7798,0.008510747,24.97882
New Try
New Try
New Try
New Try
New Try
New Try
New Try
New Try
New Try
New Try
New Try
New Try
New Try
New Try
New Try
New Try
New Try
New Try
New Try
1.17296,0.01284925,3.286225
1.180188,0.01292733,3.32278
1.195722,0.012653,3.281217
1.211914,0.01322851,3.259126
1.226671,0.01319031,3.151445
1.241409,0.01345284,3.173915
1.256566,0.01340418,3.11307
1.271044,0.01376273,3.091108
1.471218,0.01507799,2.060516
1.478413,0.01565661,2.010129
1.493281,0.01561263,1.97209
1.508209,0.01505528,1.973578
1.522868,0.01509716,1.958647
1.539774,0.01513634,2.053284
1.558099,0.01517954,2.098072
1.573856,0.01528918,2.126056
2.206751,0.0128971,2.858417
2.214712,0.01283871,2.755627
2.22995,0.01275977,2.859512
2.246112,0.01278003,3.079052
2.262151,0.01279132,3.17336
2.277569,0.01271273,3.333016
2.291867,0.01253929,3.500286
2.307275,0.01230652,3.420279
2.321398,0.01208456,3.528587
2.335681,0.0120859,3.429426
2.35019,0.0122386,3.430282
2.365004,0.01214488,3.539446
2.380292,0.01212654,3.622501
2.395307,0.01196639,3.72026
2.410095,0.01205728,3.809355
2.430976,0.01207211,3.866245
2.443416,0.01198368,3.900233
2.459251,0.01200084,3.909661
2.474163,0.01192187,3.911263
2.489497,0.01201389,4.002816
2.504658,0.01195793,4.091559
2.519809,0.01197405,4.049607
2.534312,0.01187292,4.166921
2.549972,0.01182727,4.002523
2.565392,0.01135773,4.075157
2.580469,0.01127419,4.00443
2.595321,0.01131548,3.948288
2.610062,0.01132833,3.974438
2.624261,0.01128318,3.99351
2.645555,0.01096414,3.920065
2.658837,0.0108439,3.804777
2.674032,0.01072758,3.826434
2.689649,0.01059113,3.763692
2.705153,0.01047031,3.759319
2.722768,0.01042626,3.738112
2.738791,0.0101924,3.752333
2.753877,0.01011419,3.744445
2.770545,0.01004549,3.670505
2.78531,0.009932701,3.664151
2.801578,0.009964088,3.626498
2.817594,0.009956756,3.691517
2.832197,0.009856828,3.736226
2.854423,0.00980734,3.75322
2.86785,0.009822979,3.73329
2.883384,0.009815792,3.705335
2.899675,0.009745075,3.671092
2.915564,0.00965296,3.768267
2.931277,0.009433318,3.833438
2.946275,0.009221372,4.008292
2.961854,0.008761904,4.01376
2.980693,0.008786211,3.945956
3.00344,0.009009459,3.943821
3.019686,0.00896041,4.027009
3.034235,0.009074118,4.088016
3.055894,0.009296959,4.313614
3.070397,0.009180252,4.344199
3.086789,0.009085428,4.378956
3.104089,0.009081219,4.391328
3.119386,0.009030798,4.460454
3.134851,0.008943745,4.486549
3.151168,0.008872682,4.52264
3.167092,0.00890637,4.55277
3.182514,0.008944076,4.594143
3.197697,0.008925533,4.61363
3.212969,0.008914725,4.628297
3.228266,0.008821452,4.686757
3.243472,0.008839959,4.680985
3.265248,0.008867895,4.737516
3.278809,0.008832477,4.783236
3.294328,0.008855113,4.822799
3.309584,0.008990067,4.839991
3.324412,0.008800532,4.86792
3.339741,0.00875119,4.937608
3.354594,0.008881118,4.957882
3.369844,0.008871023,5.070954
3.386683,0.008799615,4.988924
3.402123,0.008779646,4.965384
3.417502,0.008747065,4.931057
3.432557,0.008617365,4.901449
3.447821,0.008382827,4.988531
3.47052,0.008355848,5.047952
3.482657,0.008365442,5.053073
3.498567,0.008439058,5.094392
3.514084,0.008425959,5.13183
3.529954,0.008103924,5.295722
3.544749,0.008098113,5.299273
3.559783,0.008109869,5.307734
3.574188,0.008076033,5.28865
3.590509,0.008034137,5.303782
3.607435,0.008156862,5.354598
3.624182,0.007861962,5.508226
3.639024,0.00756495,5.45783
3.652895,0.007313975,5.46938
3.672917,0.007348711,5.500607
3.685743,0.006721302,5.616322
3.6998,0.006752183,5.572955
3.716268,0.006868117,5.614717
3.732658,0.00689497,5.683548
3.748131,0.006833827,5.704682
3.763545,0.006693358,5.677338
3.778556,0.006438043,5.721458
3.793555,0.006432322,5.679615
3.80811,0.006381491,5.73839
3.82281,0.006335767,5.755784
3.837953,0.006413034,5.774685
3.852821,0.006376459,5.826453
3.869366,0.0063876,5.846402
3.89023,0.006400001,5.845597
3.9036,0.006412363,5.871694
3.919245,0.006401342,5.944881
3.936606,0.006338183,6.020049
3.952649,0.006262252,6.065175
3.970039,0.00626019,6.086309
3.98613,0.006344758,6.094035
4.005198,0.006534646,6.129127
4.021863,0.00653717,6.174253
4.037208,0.006317431,6.303598
4.088322,0.006216898,6.288775
4.108336,0.005774623,6.429834
4.121012,0.005783675,6.376705
4.136855,0.005698982,6.434589
4.15316,0.005514056,6.522516
4.169161,0.005482395,6.4726
4.184594,0.005521786,6.503156
4.200311,0.005457665,6.540289
4.216219,0.004895417,6.609367
4.230941,0.004759816,6.664915
4.244791,0.00478015,6.636608
4.259018,0.004716227,6.702122
4.274343,0.004703948,6.743925
4.288283,0.004693486,6.849397
4.301818,0.004688955,6.8929
4.322178,0.00466309,6.981008
4.334208,0.004712604,6.957675
4.348507,0.004946028,6.989657
4.362697,0.005020503,7.08222
4.378154,0.005024371,7.180208
4.392314,0.004895733,7.292183
4.40638,0.004953735,7.344997
4.420619,0.004884166,7.402314
4.434699,0.00489167,7.453799
4.448708,0.004421843,7.47441
4.462733,0.004530814,7.530878
4.477434,0.004571487,7.573778
4.491819,0.004538209,7.600522
4.506674,0.004515938,7.658321
4.526861,0.004885994,7.655861
4.541072,0.004897423,7.714011
4.555676,0.00486237,7.792964
4.571078,0.004986201,7.834662
4.585524,0.005160869,7.957665
4.599867,0.005324126,7.965111
4.613828,0.005301403,7.990628
4.628178,0.005353986,8.050618
4.642665,0.005343469,8.100987
4.656352,0.005438565,8.201811
4.671041,0.00544555,8.236354
4.685732,0.005478382,8.268759
4.69925,0.005738026,8.297821
4.713865,0.006878227,8.402516
4.736325,0.006300755,8.363818
4.749334,0.006106503,8.425923
4.766397,0.005965165,8.527837
4.782473,0.006468786,8.642475
4.79742,0.006450258,8.652946
4.812755,0.00605596,8.659345
4.828064,0.006260685,8.745836
4.842273,0.006114224,8.782773
4.856437,0.005913087,8.875356
4.871213,0.005830126,8.910084
4.885637,0.005584214,8.93292
4.900422,0.005580821,8.959449
4.915131,0.00543931,9.017876
4.937167,0.004668488,9.183331
4.950295,0.004823575,9.155107
4.966012,0.004865712,9.268661
4.982502,0.00497118,9.282116
4.99762,0.005046814,9.412251
5.011971,0.005093453,9.477224
5.029943,0.005060585,9.616338
5.046494,0.00492509,9.675261
5.061067,0.005161813,9.730599
5.078189,0.004923942,9.781788
5.092619,0.004947793,9.898291
5.107387,0.005127715,9.995857
5.124099,0.005475604,9.99871
5.144504,0.006040371,10.03499
5.162183,0.005975761,10.04806
5.177165,0.005717042,10.0868
5.190886,0.00575688,10.12063
5.205269,0.005798244,10.25674
5.219974,0.00593254,10.21199
5.235178,0.005927064,10.37028
5.249588,0.006044923,10.26023
5.265425,0.005952518,10.29266
5.279885,0.006500509,10.27598
5.294869,0.006431064,10.32849
5.309679,0.00636904,10.4809
5.323473,0.006314935,10.56248
5.337854,0.005972115,10.68051
5.35749,0.005854253,10.68369
5.370126,0.005761384,10.6903
5.384261,0.005744182,10.67188
5.398407,0.005811472,10.75499
5.412581,0.005883868,10.86796
5.426911,0.006052704,10.95222
5.443533,0.006351349,10.96485
5.458091,0.005779764,10.96133
5.471991,0.005782289,10.95806
5.486088,0.005864101,11.10073
5.500519,0.005916454,10.96282
5.514645,0.005955422,11.02116
5.529529,0.006297718,10.95242
5.543785,0.006318803,10.84767
5.564209,0.006882686,10.9623
5.576975,0.006911036,11.00723
5.59097,0.006706029,11.05658
5.605239,0.006697588,11.10908
5.620731,0.006713951,11.20725
5.638058,0.006714158,11.34276
5.654612,0.006798547,11.44505
5.669025,0.006799269,11.41801
5.682968,0.007067116,11.51771
5.697178,0.007032617,11.53311
5.710931,0.007106941,11.60393
5.725361,0.007180484,11.64891
5.740309,0.007466905,11.79324
5.755397,0.007498818,11.84254
5.778451,0.007690094,12.01073
5.790945,0.007838014,12.0386
5.805661,0.007846405,12.06575
5.820386,0.007915469,12.16828
5.833484,0.007814749,12.25704
5.848303,0.007972481,12.36317
5.862628,0.007730321,12.47418
5.877604,0.00827706,12.76586
5.89448,0.008499278,12.628
5.909709,0.009572411,12.79808
5.92417,0.008857014,12.56534
5.938637,0.00925288,12.77558
5.952816,0.009244064,12.86505
5.967649,0.008465027,12.85199
5.988441,0.008200094,12.82203
6.002072,0.008134298,12.83504
6.017242,0.00731267,12.92249
6.031663,0.00736985,13.00487
6.048327,0.007433705,13.05123
6.065194,0.007448318,13.07951
6.081947,0.007484236,13.17297
6.099051,0.007550294,13.29139
6.112394,0.007573226,13.32648
6.126866,0.007573785,13.37134
6.141059,0.007599446,13.40903
6.155558,0.007502886,13.49599
6.171532,0.00751557,13.53424
6.191577,0.007466911,13.65476
6.204386,0.007311184,13.66459
6.219356,0.007272061,13.83718
6.239884,0.007187264,13.92342
6.253158,0.007201352,14.16044
6.26956,0.007207582,13.96485
6.284341,0.006465199,14.00919
6.298142,0.006607845,14.1342
6.311244,0.005990459,14.24487
6.324936,0.005829817,14.30208
6.338425,0.005681641,14.36567
6.351991,0.005743744,14.47035
6.364714,0.005739579,14.49173
6.378116,0.005973516,14.50302
6.398364,0.006382685,14.63069
6.410565,0.006492799,14.66041
6.425223,0.006427277,14.69116
6.439258,0.006467194,14.80712
6.453909,0.006431354,14.80616
6.467542,0.006434697,14.83812
6.480196,0.006431144,14.86517
6.494366,0.00609623,14.90585
6.510437,0.006099559,14.91986
6.526866,0.006081148,14.93994
6.541949,0.00554155,15.02691
6.557299,0.005519463,15.04788
6.576243,0.00540017,15.13443
6.591211,0.00555009,15.25697
6.610286,0.005502031,15.28019
6.622998,0.005265601,15.27296
6.638775,0.005253534,15.35984
6.653548,0.005086938,15.3145
6.667923,0.005254613,15.41813
6.680926,0.005354149,15.44709
6.694269,0.005404908,15.50356
6.708631,0.005400207,15.50708
6.722078,0.005248143,15.54694
6.737339,0.005276763,15.58313
6.750395,0.005019894,15.57548
6.767542,0.005127658,15.68608
6.7836,0.005101519,15.73743
6.797777,0.005091136,15.78644
6.817734,0.004571752,15.80776
6.83008,0.004671887,15.82135
6.848131,0.004958507,15.87118
6.863874,0.005207357,15.93817
6.879666,0.005343255,15.99459
6.894416,0.005434081,16.04411
6.908285,0.005313744,16.1452
6.921941,0.005080167,16.24038
6.93679,0.005404743,16.42461
6.950913,0.005146977,16.34813
6.964422,0.005183608,16.3755
6.978077,0.004816791,16.4095
6.991974,0.004790153,16.43192
7.005014,0.005085203,16.52662
7.024801,0.005320867,16.52133
7.037815,0.005350077,16.52244
7.052703,0.005870607,16.64768
7.068339,0.005821262,16.67968
7.087911,0.006056541,16.77106
7.104644,0.006463923,16.85299
7.119487,0.006963406,16.92473
7.133487,0.007128864,16.97656
7.147012,0.00694368,16.9865
7.161104,0.007009111,17.02368
7.175501,0.007063475,17.10864
7.189142,0.007052316,17.15983
7.203424,0.007143029,17.19044
7.217611,0.007276415,17.24255
7.234959,0.007277988,17.25173
7.249503,0.007221636,17.31701
7.265584,0.007280129,17.33962
7.286332,0.007334449,17.4059
7.302011,0.007301141,17.42139
7.315445,0.007330273,17.43104
7.32951,0.007386386,17.46576
7.343642,0.007402264,17.48193
7.357314,0.007083563,17.49774
7.370429,0.007127331,17.5041
7.384105,0.006793357,17.48244
7.397491,0.006750631,17.47476
7.410854,0.006366717,17.49252
7.425536,0.006416685,17.43758
7.445807,0.006384746,17.43563
7.458943,0.006196376,17.46045
7.473236,0.005982123,17.52922
7.487597,0.005575542,17.60923
7.502028,0.005377845,17.6372
7.516589,0.005361801,17.59347
7.529651,0.005378118,17.59835
7.544481,0.005304439,17.56573
7.558905,0.00525135,17.55519
7.572149,0.005308731,17.51465
7.586253,0.005258318,17.51813
7.599577,0.00540891,17.46706
7.613351,0.0054158,17.42601
7.627509,0.005364822,17.29634
7.645168,0.005117202,17.25174
7.660028,0.00510805,17.29082
7.677333,0.005192461,17.33168
7.691325,0.005150651,17.31229
7.705482,0.004663466,17.35793
7.71978,0.004336121,17.36453
7.734088,0.004368627,17.40861
7.747872,0.004321513,17.36647
7.761288,0.004285693,17.34846
7.778004,0.004051398,17.31567
7.791324,0.003921835,17.32861
7.805109,0.003573676,17.35365
7.818713,0.003633823,17.24355
7.832377,0.003438634,17.17082
7.850437,0.003481764,17.11774
7.864949,0.003653937,17.14758
7.879331,0.003910808,17.21945
7.894032,0.003704252,17.19466
7.908185,0.003775771,17.26883
7.922065,0.003774975,17.2701
7.936583,0.003805536,17.27721
7.950713,0.003796074,17.27022
7.964708,0.003888863,17.28599
7.978475,0.003882243,17.2022
7.993373,0.003811444,17.14375
8.009062,0.004045871,17.04237
8.023049,0.004434883,17.0553
8.037611,0.004706734,17.03591
8.05491,0.004699105,17.02196
8.069102,0.004888835,17.01834
8.084133,0.004905079,17.00976
8.102723,0.005649985,16.85113
8.120282,0.00555608,16.79142
8.134163,0.00559371,16.71937
8.149052,0.006333729,16.7277
8.16171,0.006314605,16.71738
8.17752,0.006511435,16.96857
8.191497,0.006628083,16.99441
8.20559,0.006644668,16.98471
8.219008,0.006223277,16.88823
8.233816,0.006381733,16.90133
8.247556,0.006355226,16.86291
8.268962,0.006570552,16.87362
8.282305,0.006706881,16.86724
8.296268,0.006756552,16.89902
8.311473,0.006741838,16.94973
8.332387,0.006921395,17.01739
8.345033,0.006956605,17.04211
8.3597,0.007133127,17.04472
8.373619,0.007237196,17.03959
8.388069,0.007197108,17.02922
8.402242,0.007149575,17.0425
8.417129,0.007554581,17.10246
8.431129,0.007917237,17.23539
8.444634,0.008886254,17.32245
8.459795,0.009098535,17.30167
8.481308,0.009353654,17.19052
8.496682,0.008966378,17.27608
8.513146,0.008940298,17.28153
8.529669,0.008850083,17.34025
8.545827,0.008965062,17.38586
8.561642,0.008775793,17.31151
8.579275,0.008622252,17.34483
8.593923,0.008402251,17.3518
8.610309,0.008365219,17.36768
8.623507,0.008189964,17.41774
8.637903,0.008379122,17.42951
8.651156,0.008187076,17.43468
8.66541,0.008467555,17.39407
8.684177,0.007995225,17.40826
8.698177,0.00791045,17.35597
8.712667,0.007825689,17.34831
8.729101,0.007884146,17.40973
8.743654,0.00796404,17.46151
8.758014,0.00803163,17.4788
8.775328,0.007826371,17.51801
8.789238,0.007521279,17.58766
8.803584,0.007366506,17.51676
8.817518,0.007280002,17.47437
8.830974,0.007056569,17.47119
8.844611,0.007158527,17.52473
8.859889,0.007240881,17.58852
8.876538,0.007832395,17.58287
8.899212,0.008075969,17.58352
8.917824,0.008213507,17.60467
8.932094,0.008235727,17.62282
8.947465,0.008117353,17.62557
8.9629,0.007899635,17.67675
8.980556,0.007886034,17.71845
8.996885,0.007675172,17.66926
9.011107,0.007581456,17.65366
9.024845,0.007598551,17.65019
9.03818,0.007633049,17.65006
9.0529,0.007725616,17.68314
9.067443,0.007872991,17.76689
9.081456,0.007897789,17.81316
9.100212,0.007714871,17.85122
9.118699,0.007500709,17.80294
9.135822,0.007409867,17.78425
9.150257,0.007027338,17.74935
9.166322,0.006793525,17.90103
9.180239,0.006492595,17.99921
9.195223,0.005945534,17.99313
9.210493,0.005681556,17.99879
9.225657,0.005589897,17.98696
9.23962,0.005568884,17.96647
9.255227,0.005484603,18.04222
9.270462,0.005521015,18.08759
9.284387,0.00541827,18.1776
9.303418,0.005019804,18.18432
9.318542,0.004576503,18.15638
9.333682,0.004349667,18.13078
9.348307,0.003924957,18.08852
9.362257,0.003826034,18.00439
9.382133,0.003725518,18.09561
9.395452,0.00400996,18.0971
9.411963,0.004073117,18.07124
9.426057,0.003851544,17.99649
9.44069,0.003721252,17.97774
9.456835,0.003581819,17.93337
9.472411,0.003548981,17.93249
9.486502,0.003730334,17.82009
9.506266,0.003911292,17.7969
9.520092,0.003652086,17.65504
9.535359,0.003915607,17.52419
9.551644,0.003189001,17.38997
9.56844,0.003333725,17.38589
9.584981,0.002843993,17.3768
9.599699,0.004007031,17.11262
9.613212,0.003906196,17.03012
9.626701,0.004159557,16.7966
9.640147,0.004298443,16.68032
9.654402,0.004561333,16.55443
9.668568,0.005054025,16.38683
9.685098,0.005676239,16.25094
9.700434,0.005975624,16.18982
9.719148,0.006162162,15.94158
9.734329,0.006454235,15.83919
9.748861,0.00700335,15.67862
9.762913,0.00729075,15.55289
9.780488,0.008021745,15.25882
9.79562,0.008379895,15.15535
9.809978,0.009035872,15.08498
9.82365,0.009112963,15.06577
9.838206,0.009028327,15.02358
9.851682,0.009293848,14.98102
9.8654,0.009351426,14.91542
9.879611,0.009358019,14.7976
9.893399,0.009678169,14.6829
9.907557,0.009955677,14.63073
9.925015,0.009821231,14.74286
9.938673,0.01031602,14.60403
9.95364,0.01010829,14.5707
9.968339,0.01067406,14.45713
9.982642,0.01140157,14.39188
9.996184,0.01033545,14.44011
10.00981,0.01090838,14.34105
10.02378,0.01076242,14.35348
10.03823,0.01161793,14.33166
10.05164,0.01164281,14.33714
10.06506,0.01186933,14.29201
10.07943,0.01215093,14.34938
10.09312,0.01232356,14.39504
10.10803,0.01214885,14.35942
10.12955,0.01176284,14.46302
10.14513,0.01166823,14.4863
10.16261,0.01159946,14.48982
10.17873,0.01146586,14.4606
10.19305,0.01112998,14.50011
10.2076,0.01065709,14.59696
10.22158,0.01019105,14.71659
10.23492,0.00954407,14.80394
10.24878,0.00985384,14.90153
10.26675,0.009422627,14.95224
10.28184,0.009526153,14.98635
10.29804,0.01006704,15.0883
10.31189,0.01013294,15.13326
10.33121,0.01150048,15.18363
10.34501,0.01134885,15.31581
10.36194,0.01172233,15.3611
10.37833,0.01176811,15.34534
10.39473,0.01166215,15.40726
10.41075,0.01131698,15.48994
10.42573,0.01100264,15.53878
10.43982,0.01033867,15.67458
10.45872,0.01009612,15.7287
10.47306,0.01030844,15.64453
10.48668,0.009923659,15.7731
10.50106,0.009906957,15.76096
10.51509,0.009802446,15.73814
10.53222,0.009794495,15.68445
10.54627,0.01005379,15.64771
10.56084,0.01027596,15.65356
10.57605,0.01028807,15.66021
10.59206,0.01012608,15.67041
10.60592,0.01003056,15.68754
10.61896,0.009701334,15.72364
10.63287,0.009628761,15.73992
10.64687,0.009445044,15.76813
10.66103,0.008936866,15.78767
10.67455,0.009450277,15.79176
10.68895,0.008725581,15.87477
10.70195,0.009092024,15.84888
10.71569,0.008229926,15.80453
10.73357,0.007941638,15.65427
10.74868,0.007859497,15.69357
10.76329,0.006901923,15.81591
10.77975,0.00681432,15.77797
10.79511,0.006727495,15.7576
10.81197,0.006615122,15.72051
10.82555,0.006867951,15.67304
10.83982,0.006935427,15.59971
10.85409,0.006875757,15.60808
10.86818,0.006959359,15.63428
10.88177,0.006863436,15.63399
10.89599,0.00693938,15.55494
10.91019,0.00688051,15.54561
10.92397,0.006893907,15.5163
10.94245,0.006861203,15.48123
10.95673,0.006879488,15.49333
10.97179,0.007038875,15.46854
10.9862,0.007059701,15.4841
11.0006,0.006936021,15.51329
11.01419,0.006605595,15.57342
11.028,0.006278407,15.65642
11.04204,0.006081944,15.69605
11.05672,0.00623847,15.67127
11.07012,0.006382206,15.64259
11.08461,0.006400318,15.64147
11.09797,0.006458838,15.6336
11.11196,0.006371526,15.67658
11.12906,0.006361095,15.77227
11.14792,0.006461831,15.77618
11.16352,0.006471823,15.77225
11.18158,0.006532363,15.80761
11.1959,0.006750428,15.78575
11.21003,0.006812453,15.72655
11.2237,0.006778672,15.71422
11.23743,0.006856538,15.62784
11.25309,0.006839997,15.61201
11.26938,0.006831571,15.58951
11.2846,0.006860383,15.59327
11.29819,0.006975509,15.52821
11.31319,0.007043102,15.46806
11.32852,0.00738545,15.28485
11.34401,0.007665942,15.27052
11.36467,0.008698588,15.17667
11.38096,0.008413197,15.29423
11.39819,0.00835096,15.24942
11.41154,0.00858942,15.15764
11.4244,0.008427027,15.1663
11.43896,0.00882355,15.07985
11.45178,0.009741304,14.9407
11.46499,0.009271957,15.02044
11.48092,0.009976874,14.89232
11.49369,0.01106804,14.83477
11.5075,0.01005608,15.08532
11.52057,0.0099338,15.20538
11.54181,0.009182203,15.42078
11.55535,0.009770334,15.22802
11.57486,0.008288749,15.42646
11.5921,0.01069992,15.38281
11.60627,0.01047072,15.50215
11.62023,0.009111053,15.55733
11.63451,0.00860318,15.63715
11.64825,0.008346272,15.64728
11.66165,0.008473531,15.64463
11.67485,0.007930659,15.72681
11.68988,0.007944466,15.78942
11.70308,0.007818233,16.06784
11.7186,0.007035376,16.29441
11.73381,0.006156511,16.57704
11.74876,0.005936067,16.65257
11.76217,0.004826345,16.91747
11.78351,0.004724891,17.09861
11.798,0.005140088,16.99715
11.81186,0.005532381,17.06641
11.82501,0.005517442,17.13696
11.84005,0.005382607,17.19378
11.85363,0.006001526,17.09191
11.86794,0.005569417,17.43336
11.88099,0.005068019,17.68662
11.89482,0.004881125,17.67551
11.90944,0.004189835,17.95054
11.92262,0.003747413,18.11116
11.93667,0.003259935,18.53859
11.94994,0.003681951,18.85212
11.96351,0.003659106,18.9286
11.98212,0.003477408,19.36234
11.99623,0.003433434,19.38912
12.00966,0.004127557,19.80099
12.02369,0.00419243,20.01505
12.03798,0.004302665,20.37442
12.05285,0.00544219,20.64033
12.06721,0.005478228,20.671
12.08037,0.006688437,20.94432
12.0946,0.007516643,21.20547
12.10937,0.007128802,21.24054
12.12408,0.007286521,21.59002
12.14109,0.01063391,21.89369
12.15555,0.009202448,21.45142
12.16941,0.01059316,22.22517
12.19283,0.01313434,22.87379
12.20891,0.01356186,22.44652
12.22415,0.01449689,22.4867
12.24002,0.01463393,21.89739
12.25534,0.01654719,22.86542
12.26963,0.01587639,22.53366
12.28543,0.01631139,22.88703
12.29964,0.01651842,23.00079
12.31297,0.01627734,23.13791
12.32738,0.01635529,23.24026
12.34111,0.01614031,23.26016
12.35538,0.0160413,23.26312
12.36923,0.01597851,23.28976
12.38351,0.01614616,23.30787
12.4014,0.01692044,23.52903
12.41704,0.01716522,23.52482
12.43521,0.01710401,23.56103
12.44889,0.01676839,23.6902
12.46455,0.01646764,23.84516
12.48149,0.01597173,24.01047
12.49848,0.01643457,24.06458
12.51497,0.01660157,24.15172
12.53011,0.01692998,24.17441
12.54574,0.01652889,24.18138
12.55848,0.01700093,24.4295
12.5723,0.01564,24.29651
12.59155,0.01365541,24.65247
12.60989,0.01430109,24.46296
12.62385,0.01406489,24.59311
12.64066,0.01359004,24.75566
12.65557,0.01353312,24.76698
12.66959,0.01350974,24.68134
12.68357,0.0132989,24.75335
12.69819,0.01335381,24.80403
12.71209,0.01309922,24.76634
12.72466,0.01323016,24.80768
12.74093,0.01328389,24.73881
12.75962,0.01327697,24.82055
12.77534,0.01299288,24.91804
12.79063,0.01266715,25.00948
12.80533,0.01216641,25.20495
12.82353,0.01097019,25.16387
12.83764,0.01032815,25.25093
12.85199,0.008332963,25.1209
12.8661,0.00700496,25.43235
12.88049,0.005953828,25.49024
12.89467,0.005477685,25.62499
12.90808,0.006441135,25.57537
12.92209,0.006487325,25.66152
12.93643,0.006342299,25.76558
12.95046,0.00617923,25.8449
12.96402,0.006462286,25.98827
12.97838,0.006516112,25.99031
12.99175,0.006659265,26.06452
13.00621,0.006745691,26.17971
13.02415,0.007012348,26.39325
13.03824,0.006356148,26.49444
13.05239,0.006022167,26.51839
New Try
New Try
New Try
New Try
New Try
New Try
New Try
New Try
New Try
New Try
New Try
New Try
New Try
New Try
New Try
New Try
New Try
New Try
New Try
New Try
New Try
New Try
New Try
New Try
1.396737,0.005749369,9.49082
1.403987,0.00555596,9.411227
1.419948,0.005688158,9.329002
1.43462,0.005822921,9.28112
1.449915,0.005854428,9.365988
1.467939,0.0059362,9.364434
1.484933,0.005885013,9.413962
1.499771,0.005769396,9.40494
1.514083,0.005695139,9.383368
1.529499,0.005343606,9.529555
1.544364,0.005348079,9.477929
1.565291,0.005284168,9.38854
1.584162,0.005144917,9.305483
1.606394,0.005028632,9.216185
1.61934,0.004786262,9.168855
1.63561,0.004829339,9.097942
1.651356,0.00477788,9.034724
1.666089,0.004706095,9.032397
1.682829,0.004587601,9.010269
1.697317,0.004617881,9.001717
1.712999,0.004555482,8.851107
1.727371,0.0046392,8.778925
1.742391,0.004709315,8.615912
1.757591,0.004690511,8.553867
1.771894,0.004799386,8.407748
1.786383,0.004836736,8.325933
1.808264,0.004835313,8.15945
1.821974,0.004839415,8.027908
1.837385,0.004784848,7.957542
1.852586,0.004819171,7.797094
1.868465,0.004836203,7.738372
1.91667,0.004746396,7.631881
1.953016,0.004733465,7.466661
2.036192,0.005217051,7.171761
2.045875,0.004968123,7.14515
2.061081,0.004888231,7.185207
2.075315,0.005281017,7.137953
2.089709,0.005183777,7.173894
2.104526,0.005211581,7.126676
2.119331,0.005327158,7.043752
2.134335,0.005288392,7.014534
2.14911,0.005360044,7.029005
2.163739,0.005363435,7.044086
2.177923,0.005380106,7.032185
2.192055,0.005372239,7.021298
2.212918,0.005392325,6.97831
2.225548,0.005388777,6.98157
2.240664,0.005316837,7.005607
2.258021,0.005310268,6.992912
2.271955,0.005272041,7.008239
2.286388,0.00522666,7.027274
2.301174,0.005055507,7.057135
2.316032,0.004991665,7.096359
2.330238,0.004873092,7.184469
2.344274,0.0048651,7.135616
2.358803,0.004853421,7.145644
2.373505,0.004854651,7.134599
2.389597,0.004896005,7.181957
2.406583,0.00489681,7.222544
2.429609,0.004919757,7.258177
2.442175,0.004905589,7.248981
2.458791,0.004883333,7.260095
2.474162,0.004923276,7.232859
2.490845,0.004988987,7.389102
2.508167,0.005125135,7.49698
2.522998,0.005006864,7.499858
2.536455,0.004983912,7.572119
2.551413,0.004960288,7.59639
2.565628,0.004944022,7.62617
2.58285,0.004936617,7.696053
2.596995,0.005046705,7.746534
2.610991,0.005281283,7.917305
2.639702,0.005098771,8.100915
2.651963,0.004948043,8.11525
2.666421,0.004921383,8.430001
2.681833,0.004691462,8.150566
2.696562,0.004920881,8.141987
2.710899,0.004881511,8.201619
2.725034,0.005201273,8.224044
2.739687,0.005485902,8.339648
2.753744,0.005676284,8.395852
2.767864,0.005648931,8.494794
2.782886,0.005566981,8.491326
2.797855,0.005511729,8.621427
2.811844,0.005148893,8.624594
2.831964,0.005056671,8.731607
2.844637,0.004959113,8.735251
2.859396,0.004899269,8.733475
2.875112,0.004547583,8.785143
2.889853,0.004664599,8.842713
2.904247,0.004636345,8.924954
2.918722,0.004583343,9.019117
2.93314,0.00445021,9.23063
2.950394,0.004329071,9.321899
2.969846,0.004245144,9.335762
2.991032,0.004069394,9.293182
3.008935,0.003709571,9.413713
3.027117,0.003733133,9.471
3.052348,0.003663671,9.53071
3.066864,0.003593972,9.59075
3.084157,0.003313586,9.666214
3.101806,0.002991252,9.692701
3.11908,0.002999127,9.762291
3.133621,0.002916055,9.972279
3.148676,0.002967987,9.895747
3.162966,0.002961862,9.885965
3.177573,0.003045483,9.895469
3.192392,0.003131715,9.925233
3.206559,0.003099212,9.985522
3.221557,0.003456543,9.989422
3.235557,0.003047924,10.07203
3.261483,0.003154312,10.08976
3.275199,0.003147378,10.10168
3.293703,0.003279024,10.22039
3.310557,0.00324839,10.14055
3.328611,0.003350651,10.2044
3.345777,0.003276185,10.26383
3.362169,0.003429026,10.34113
3.379468,0.003861007,10.30116
3.396718,0.003646911,10.34288
3.412793,0.003853707,10.28185
3.429452,0.003767407,10.36754
3.444335,0.003923597,10.40603
3.46569,0.003745639,10.45323
3.478021,0.003663291,10.47704
3.492959,0.003584483,10.40743
3.508747,0.003711991,10.40938
3.525639,0.003765567,10.41204
3.539971,0.003980886,10.56002
3.555475,0.003942545,10.61165
3.570169,0.00391658,10.64056
3.584725,0.004031749,10.51333
3.601608,0.004032475,10.54723
3.616406,0.004134022,10.59615
3.631153,0.004170218,10.71338
3.64501,0.004177471,10.7793
3.664911,0.00417085,10.86805
3.677475,0.004116678,10.88173
3.697479,0.004006931,10.91681
3.712274,0.00394082,10.95772
3.726617,0.003925995,10.97165
3.741018,0.00380186,11.07085
3.755435,0.003783075,11.06452
3.769903,0.003799718,11.01805
3.784634,0.003870751,11.04945
3.799035,0.00387881,11.05562
3.814059,0.003930197,11.0764
3.828609,0.004101112,11.12327
3.842607,0.004218976,11.1255
3.857142,0.004065351,11.16953
3.878036,0.003703909,11.26946
3.890954,0.003702535,11.20751
3.905307,0.003805141,11.2153
3.922139,0.003767906,11.27529
3.936889,0.003863582,11.3076
3.952566,0.003793218,11.35721
3.969229,0.003857897,11.40817
3.983923,0.003702534,11.45121
3.999322,0.00357604,11.45924
4.014446,0.003641824,11.47092
4.029299,0.003691641,11.49111
4.043089,0.003866247,11.54835
4.057073,0.003904698,11.60645
4.072234,0.003879617,11.62178
4.092631,0.003746622,11.62785
4.105567,0.003742109,11.6249
4.120105,0.003892577,11.69307
4.137763,0.00350959,11.83883
4.151731,0.003574752,11.83634
4.165942,0.003412654,11.87265
4.181376,0.003213123,11.95286
4.195971,0.003445253,12.03241
4.210101,0.003483573,12.05951
4.225021,0.003372248,12.12774
4.239591,0.003494602,12.17035
4.254234,0.003642648,12.21879
4.271131,0.003462216,12.2744
4.285926,0.003239722,12.40633
4.306494,0.003201692,12.42104
4.318433,0.003384908,12.49817
4.333792,0.003463486,12.55704
4.349147,0.003466175,12.57049
4.364151,0.00342778,12.58454
4.379382,0.003135916,12.70441
4.393289,0.003043823,12.68986
4.40777,0.002955137,12.73729
4.423664,0.002922822,12.817
4.437988,0.002841803,12.855
4.453986,0.002790104,12.93384
4.469219,0.002993103,13.00988
4.484822,0.002952381,13.09729
4.500541,0.002978653,13.12648
4.522021,0.002885119,13.16747
4.535117,0.003121233,13.22972
4.554292,0.002149731,13.38229
4.569396,0.001907147,13.26781
4.584116,0.00161381,13.54157
4.599081,0.001885161,13.42596
4.613632,0.001702098,13.4745
4.628255,0.001416782,13.59388
4.643863,0.001305633,13.5458
4.659001,0.001380219,13.63698
4.674022,0.001362436,13.68542
4.687809,0.001080494,13.85083
4.704049,0.001647338,13.64028
4.725204,0.001424843,13.82125
4.738675,0.001146902,13.87438
4.75828,0.001177469,13.96817
4.772609,0.001263117,14.12787
4.78699,0.001324269,14.06562
4.801602,0.001349417,14.1608
4.815936,0.001386879,14.22062
4.830796,0.001412494,14.34341
4.845155,0.001510145,14.34914
4.859886,0.001708559,14.44915
4.874155,0.001675922,14.5105
4.889067,0.001864578,14.55894
4.903144,0.001988228,14.66177
4.917131,0.002270345,14.73737
4.938855,0.002101652,14.86675
4.952798,0.002067578,14.99364
4.971874,0.001946086,15.08755
4.986084,0.001912972,15.1304
5.000896,0.001870114,15.21042
5.018947,0.001741361,15.28913
5.036092,0.001170058,15.34802
5.050066,0.0009012675,15.37363
5.063931,0.001117761,15.45587
5.079519,0.001992246,15.54704
5.09391,0.002073488,15.51538
5.108313,0.002144126,15.61517
5.122583,0.002518887,15.60442
5.141552,0.002358391,15.83113
5.154636,0.002293533,15.86424
5.169978,0.002236583,15.88987
5.183389,0.00232459,15.89204
5.198748,0.002326078,15.98457
5.212551,0.002572644,16.05845
5.226784,0.002704345,16.11189
5.241063,0.002621659,16.144
5.255202,0.002563774,16.26043
5.2721,0.002473165,16.23112
5.290957,0.002856628,16.3751
5.305606,0.002925181,16.33774
5.320516,0.00296582,16.2919
5.333945,0.003046781,16.29774
5.354201,0.002847643,16.25505
5.366296,0.002689189,16.29013
5.382541,0.002932311,16.30422
5.400127,0.002765467,16.37543
5.414525,0.002724507,16.39908
5.428596,0.002754419,16.4537
5.442397,0.002718907,16.49066
5.458182,0.002497323,16.52994
5.471828,0.002690446,16.5193
5.484795,0.00268418,16.5205
5.499476,0.002794623,16.52984
5.51286,0.002781783,16.59989
5.526521,0.002796429,16.58097
5.54018,0.002780422,16.58657
5.561069,0.002538968,16.64814
5.576122,0.002447801,16.67963
5.591116,0.002069612,16.72993
5.604952,0.002081745,16.75511
5.619009,0.002060962,16.79021
5.633084,0.001973217,16.90937
5.647182,0.001907461,16.9667
5.660757,0.001692672,17.01104
5.674423,0.001734096,17.03976
5.688549,0.001387622,17.09003
5.702244,0.001413952,16.95669
5.715281,0.001378075,16.97184
5.72947,0.001068418,17.03941
5.74332,0.00143306,17.13743
5.761656,0.001284568,17.14032
5.774621,0.001369573,17.15689
5.789072,0.000968642,17.21256
5.803267,0.0009659685,17.28789
5.822956,0.0009640572,17.31451
5.836064,0.0009102284,17.37745
5.849777,0.000861907,17.45796
5.865063,0.0009149195,17.50731
5.87982,0.001076612,17.61698
5.89366,0.001137741,17.6695
5.906711,0.001176771,17.75977
5.921354,0.001104961,17.80847
5.934896,0.001032173,17.85119
5.948657,0.001071354,17.91936
5.970664,0.001521904,18.02423
5.982946,0.001390041,18.06384
5.998479,0.001954934,18.15284
6.012828,0.002209868,18.2448
6.026771,0.002492258,18.33428
6.040624,0.002664028,18.35491
6.054059,0.002673793,18.39868
6.067718,0.002807938,18.44256
6.081532,0.002992119,18.49665
6.096013,0.002984421,18.5218
6.10972,0.003027936,18.54576
6.123321,0.002915985,18.59794
6.13676,0.002842613,18.59893
6.149689,0.002746982,18.70878
6.168775,0.002898262,18.77444
6.181338,0.002888463,18.81882
6.196549,0.002956017,18.84337
6.211009,0.002950391,18.88088
6.225083,0.002947829,18.90823
6.238076,0.002875674,18.96017
6.251902,0.002884649,19.03912
6.265419,0.002919746,19.08275
6.280951,0.003029082,19.15019
6.299307,0.003149456,19.23489
6.313701,0.003167852,19.2805
6.327606,0.003226323,19.30643
6.341792,0.003293636,19.39957
6.355062,0.003330913,19.49482
6.373927,0.003634483,19.55172
6.387925,0.003522902,19.71751
6.402369,0.003750984,19.70039
6.416234,0.004279329,19.93043
6.43194,0.004140888,19.81576
6.447684,0.003863069,20.00419
6.461414,0.003521522,19.96643
6.477554,0.003216646,19.96066
6.492286,0.003095211,20.00579
6.505645,0.003148746,20.13946
6.519747,0.003140365,20.12252
6.533034,0.003103112,20.23196
6.547642,0.003478743,20.3035
6.561918,0.003674816,20.27864
6.582924,0.003980706,20.386
6.598454,0.004008463,20.40623
6.61287,0.004089542,20.46406
6.626501,0.004108694,20.47244
6.640316,0.004127809,20.54143
6.653796,0.004143691,20.54937
6.667295,0.004115287,20.58669
6.681318,0.003700039,20.47099
6.695731,0.003691643,20.59858
6.709191,0.003450288,20.61206
6.723055,0.003728028,20.67174
6.736816,0.003436417,20.73713
6.750246,0.003129645,20.66032
6.763926,0.003102251,20.70565
6.782306,0.002980203,20.78984
6.796077,0.003143327,20.82205
6.810341,0.003010091,20.8499
6.824505,0.002879048,20.89614
6.839188,0.003063138,20.87748
6.853052,0.003049181,20.78094
6.872879,0.003114198,20.75819
6.886984,0.003065598,20.77989
6.90027,0.003280925,20.8675
6.913815,0.00333906,20.92939
6.92825,0.00344053,20.9452
6.942782,0.003425915,20.95419
6.956582,0.003429975,20.98061
6.973905,0.003461683,21.03012
6.991615,0.003575182,21.12766
7.005645,0.00361071,21.15924
7.020842,0.003651339,21.19596
7.034249,0.003622814,21.19652
7.050744,0.003511542,21.19294
7.065393,0.002973446,21.15865
7.079568,0.002963276,21.18726
7.093368,0.002626515,21.1749
7.107138,0.002647232,21.20302
7.120624,0.002694823,21.26236
7.13462,0.003163705,21.3368
7.148866,0.003950024,21.29871
7.16327,0.004090387,21.27294
7.177498,0.004082955,21.29615
7.19629,0.003890341,21.24801
7.210157,0.00366376,21.11404
7.224397,0.003529937,21.05408
7.238516,0.002846822,20.86751
7.253392,0.002889558,20.87211
7.267567,0.00258881,20.7528
7.283105,0.002113061,20.70026
7.300797,0.001737275,20.4299
7.314984,0.001567052,20.30515
7.329606,0.001244339,20.08997
7.342966,0.001192009,20.00487
7.357434,0.00103777,19.9355
7.371012,0.0008881552,19.80639
7.384601,0.001052437,19.76531
7.404133,0.000986352,19.53971
7.41826,0.001213839,19.46334
7.432815,0.002040481,19.21995
7.448706,0.002745801,19.03721
7.463454,0.003369689,18.98087
7.478035,0.003691859,18.93704
7.492354,0.004620434,18.79202
7.507642,0.004721031,18.7742
7.522093,0.004841627,18.66946
7.535988,0.005042437,18.63155
7.55065,0.005326291,18.51296
7.56482,0.006017763,18.4241
7.580133,0.006300515,18.17237
7.594068,0.006973293,18.16938
7.616332,0.007873503,18.03549
7.630284,0.008353138,17.63685
7.645109,0.008320589,17.62927
7.662791,0.00864842,17.32835
7.676958,0.00896247,17.32128
7.691013,0.008989326,17.37858
7.705098,0.009001091,17.4822
7.718143,0.009065609,17.47251
7.73209,0.009422722,17.40145
7.746006,0.009538293,17.3754
7.759451,0.01008014,17.30045
7.773625,0.01038001,17.29578
7.787429,0.01060294,17.19858
7.800889,0.01045631,17.23622
7.819857,0.01049504,17.24342
7.832782,0.01086585,17.0322
7.846607,0.01087088,17.12594
7.861395,0.01097796,16.96557
7.875668,0.0110648,16.89105
7.891967,0.01219848,16.84583
7.906253,0.01255461,16.79298
7.923968,0.01264179,16.8094
7.938046,0.01245378,16.73515
7.952172,0.01260941,16.74327
7.964785,0.01275531,16.7618
7.980911,0.01279294,16.77008
7.995423,0.01294394,16.73489
8.009829,0.01252462,16.66549
8.027915,0.01225077,16.63493
8.041185,0.01236077,16.56107
8.055064,0.01239916,16.55717
8.068986,0.01242366,16.56567
8.08457,0.01232775,16.63025
8.097751,0.01223168,16.60058
8.112405,0.0122217,16.55814
8.125389,0.01202206,16.53697
8.139718,0.01205299,16.5366
8.153002,0.01203451,16.53478
8.166328,0.01202174,16.53618
8.182164,0.01207202,16.52007
8.196108,0.01178792,16.50466
8.210301,0.01172584,16.49904
8.22845,0.01169631,16.50288
8.24214,0.010982,16.47335
8.256814,0.0105713,16.52781
8.270389,0.01021391,16.57683
8.285091,0.009778915,16.62504
8.299367,0.009645758,16.64597
8.318239,0.01002765,16.61712
8.332932,0.00989279,16.67044
8.346398,0.009395235,16.73044
8.360902,0.009569171,16.70849
8.374319,0.009514121,16.75051
8.388041,0.009508137,16.75042
8.4018,0.009098643,16.73388
8.415775,0.009097222,16.71602
8.433886,0.009031062,16.71804
8.446476,0.008965045,16.72974
8.462518,0.0090159,16.72461
8.47611,0.008995962,16.70866
8.49075,0.008997875,16.68359
8.505775,0.008689735,16.64716
8.520283,0.008641469,16.65548
8.533512,0.008719384,16.62607
8.547408,0.008622197,16.66087
8.561699,0.008190739,16.76705
8.576416,0.008105502,16.7193
8.589785,0.007906786,16.73409
8.603885,0.007947094,16.71676
8.617014,0.008014123,16.71215
8.638384,0.008074589,16.77203
8.653434,0.008089952,16.79345
8.667444,0.0080485,16.83003
8.681993,0.007877556,16.91702
8.696316,0.007829132,16.94636
8.710713,0.007991203,16.95574
8.724689,0.008247203,16.98244
8.738424,0.008150334,16.99025
8.75165,0.008244372,16.984
8.766603,0.008377113,17.00555
8.780734,0.008545195,17.06972
8.795588,0.008578692,17.10816
8.809623,0.008586881,17.15418
8.822784,0.008507105,17.15964
8.840964,0.008415536,17.17124
8.854482,0.008316513,17.17908
8.868462,0.008282802,17.19787
8.882065,0.00829915,17.24843
8.897054,0.008439855,17.26365
8.912927,0.008497843,17.29826
8.92723,0.008443586,17.34038
8.940701,0.008295407,17.36706
8.954439,0.008333929,17.37282
8.968993,0.008475116,17.44559
8.982789,0.008159182,17.42508
9.004205,0.007738265,17.48854
9.018704,0.008217623,17.44879
9.031959,0.007652356,17.50979
9.050953,0.007373853,17.57565
9.06365,0.007216432,17.69316
9.080287,0.007614636,17.7329
9.097423,0.006900636,17.87751
9.112374,0.006658532,17.89434
9.126196,0.006515637,17.91771
9.139876,0.006521352,17.90214
9.15358,0.006507532,17.93438
9.16752,0.006473664,18.01792
9.182094,0.006361578,18.14145
9.195465,0.006275476,18.17482
9.210074,0.006116819,18.22248
9.222921,0.006035225,18.26257
9.236977,0.00606451,18.31159
9.255485,0.006315414,18.38769
9.269997,0.006437717,18.46258
9.284597,0.006557714,18.58665
9.298662,0.006273064,18.57589
9.315791,0.006165987,18.62061
9.329274,0.0058321,18.68433
9.344787,0.006000377,18.72706
9.358247,0.005833164,18.81677
9.372436,0.005937512,18.84311
9.385553,0.005840597,18.99349
9.399705,0.00580034,19.03435
9.413449,0.005603991,19.03238
9.427202,0.005285458,19.1252
9.441017,0.005477892,19.02985
9.458457,0.005730595,19.09833
9.473145,0.005840722,19.13196
9.487187,0.005999508,19.22819
9.501745,0.005974182,19.238
9.516858,0.005941708,19.27627
9.530659,0.005905166,19.19159
9.544016,0.005940652,19.25538
9.557201,0.005993231,19.25748
9.571142,0.006002082,19.33393
9.584985,0.005882328,19.37488
9.599371,0.005858957,19.37451
9.61299,0.005917586,19.36829
9.626799,0.005826219,19.35802
9.64077,0.005384377,19.41017
9.655849,0.005349274,19.45542
9.675307,0.005445261,19.43345
9.688953,0.005512677,19.44132
9.702899,0.004957619,19.44447
9.716436,0.004988277,19.45114
9.730193,0.004372618,19.50337
9.744614,0.004331425,19.54163
9.757802,0.004279928,19.5854
9.771872,0.004071022,19.68978
9.785738,0.00389779,19.79334
9.79938,0.003810471,19.77575
9.81386,0.003635685,19.83401
9.827568,0.003727901,19.86112
9.842154,0.003600449,19.89576
9.855706,0.003761033,19.91493
9.870049,0.003754034,19.95212
9.888123,0.003668311,20.00841
9.901936,0.003539858,20.09417
9.917066,0.003374375,20.12417
9.931568,0.003382886,20.15911
9.946372,0.003386854,20.20609
9.961125,0.003358368,20.24247
9.975982,0.003159183,20.2895
9.989907,0.003244864,20.35393
10.00612,0.003304457,20.52526
10.02135,0.003322648,20.42123
10.03967,0.003210643,20.48571
10.05363,0.003196734,20.54407
10.06675,0.003218517,20.54983
10.08117,0.003183643,20.58174
10.09984,0.003270571,20.6148
10.11294,0.003290899,20.66007
10.12781,0.003385888,20.77192
10.14295,0.003587678,20.80984
10.15753,0.00383897,20.90128
10.17125,0.004363433,21.11175
10.18504,0.004389689,21.16355
10.19941,0.004494108,21.21226
10.21339,0.004298787,21.25169
10.22761,0.004125555,21.25032
10.24173,0.004238278,21.36868
10.25536,0.004311886,21.38652
10.2698,0.004367987,21.39706
10.28325,0.004394216,21.44281
10.30443,0.004272372,21.49096
10.32208,0.004468235,21.62985
10.33732,0.003405154,21.61679
10.35144,0.002996051,21.74929
10.3655,0.003041079,21.71737
10.37955,0.003032139,21.73044
10.39392,0.002969285,21.74019
10.40732,0.002954291,21.77404
10.42126,0.003356829,21.82052
10.43495,0.003445099,21.83599
10.44882,0.003519451,21.8337
10.46251,0.003591558,21.89794
10.47836,0.003575755,21.96139
10.49322,0.003615514,22.06949
10.51149,0.003417083,22.05869
10.52499,0.003677422,22.11389
10.54095,0.003361233,22.15446
10.55558,0.003251436,22.20049
10.57093,0.003320554,22.20351
10.58411,0.00309203,22.23501
10.59756,0.003132538,22.27177
10.61172,0.00309574,22.28076
10.626,0.003047351,22.30615
10.63991,0.00310132,22.36158
10.65333,0.00320666,22.37942
10.66669,0.003118913,22.37585
10.68221,0.003488362,22.41785
10.69831,0.003653299,22.44028
10.71694,0.003605292,22.42754
10.73062,0.003524433,22.41322
10.74445,0.003505889,22.44463
10.75869,0.003525141,22.49422
10.77291,0.003260634,22.62147
10.78655,0.002877183,22.49353
10.80161,0.002839826,22.58842
10.81475,0.003195562,22.68191
10.82905,0.003260827,22.76378
10.84261,0.003578377,22.74095
10.85686,0.003703248,22.75635
10.87015,0.003551805,22.79991
10.88356,0.003513759,22.83545
10.89639,0.003531697,22.91137
10.9104,0.003370887,22.91594
10.92845,0.003507273,22.97127
10.94222,0.003344464,22.96037
10.95697,0.003421278,22.99832
10.97186,0.003473584,23.04335
10.98702,0.003430912,22.99029
11.00143,0.00356559,23.04384
11.01732,0.003661465,23.07393
11.03133,0.003744995,23.15493
11.04467,0.003706643,23.17733
11.05872,0.00367416,23.24254
11.07302,0.003910128,23.30725
11.08687,0.003880748,23.31334
11.10159,0.003907823,23.38326
11.12204,0.003145746,23.38887
11.13997,0.002801948,23.43483
11.15339,0.00293678,23.48949
11.16779,0.002856694,23.50241
11.18185,0.003002913,23.4653
11.19587,0.003030167,23.47313
11.21055,0.003038885,23.54654
11.22405,0.003093129,23.58741
11.23745,0.003116778,23.65731
11.25111,0.003218496,23.69538
11.26444,0.003423837,23.70467
11.2784,0.003498547,23.73772
11.29305,0.003337495,23.76674
11.30595,0.003566005,23.80195
11.31984,0.003900737,23.84831
11.33634,0.003849091,23.87281
11.35443,0.003897503,23.89911
11.36802,0.003909347,23.90534
11.38209,0.004002122,23.91067
11.39612,0.004022398,23.93204
11.41019,0.004093008,23.9815
11.42371,0.004144013,24.01187
11.43805,0.004239095,24.09996
11.45105,0.004302262,24.09978
11.46469,0.004377234,24.13801
11.4783,0.004465397,24.12683
11.49273,0.004635898,24.15244
11.50564,0.004662566,24.19009
11.51907,0.004842461,24.22674
11.53446,0.004756979,24.25505
11.5476,0.004983354,24.35327
11.56561,0.00532983,24.43987
11.57858,0.005389659,24.18155
11.59404,0.00529759,24.14611
11.60764,0.005259061,24.20165
11.62118,0.005121151,24.27898
11.63481,0.005140721,24.34278
11.64941,0.005252621,24.3808
11.66245,0.00526994,24.39837
11.67611,0.005467551,24.47277
11.68959,0.005306682,24.44815
11.70597,0.005305283,24.45287
11.71991,0.00534877,24.44112
11.73316,0.00544634,24.4122
11.74768,0.005679536,24.42879
11.76172,0.006071774,24.49145
11.78173,0.006207034,24.46262
11.79444,0.006272699,24.49906
11.80783,0.006204658,24.49199
11.82165,0.00610078,24.58824
11.83606,0.006234017,24.66284
11.84964,0.006114129,24.70901
11.86271,0.006261596,24.73848
11.87667,0.006642146,24.82778
11.89029,0.007095234,24.82789
11.9038,0.00724521,24.854
11.91697,0.007378187,24.90721
11.93107,0.007071549,24.95147
11.94449,0.007113772,24.98571
11.95805,0.007239083,25.01791
11.97141,0.007118089,25.0511
11.98929,0.00623004,24.92689
12.00318,0.00647457,25.14726
12.01799,0.006453501,25.16909
12.0342,0.006573517,25.24074
12.04649,0.006839623,25.32012
12.06095,0.006469358,25.29488
12.07498,0.00631221,25.36071
12.08738,0.006370842,25.39361
12.10146,0.006462031,25.42861
12.1146,0.006242826,25.40264
12.12721,0.006499341,25.53326
12.14073,0.006251204,25.4805
12.15389,0.006607537,25.65856
12.17118,0.006109211,25.52933
12.18435,0.006242369,25.54049
12.20182,0.006293331,25.52653
12.21468,0.006366455,25.52104
12.22931,0.006508163,25.5468
12.24348,0.006168825,25.48232
12.25701,0.006650259,25.65096
12.27041,0.006783663,25.57945
12.28318,0.006629093,25.55807
12.2967,0.006573669,25.57322
12.31085,0.006634783,25.60643
12.32438,0.006570962,25.59181
12.34118,0.006408941,25.69112
12.35357,0.00646032,25.6992
12.36744,0.006647133,25.71593
12.38043,0.006777429,25.72144
12.39741,0.006916983,25.71492
12.41675,0.007178898,25.72342
12.43104,0.00661052,25.60287
12.44452,0.006649209,25.61071
12.45887,0.006672979,25.62939
12.47263,0.00677474,25.63082
12.48611,0.006844503,25.60434
12.50133,0.006918456,25.62273
12.51381,0.006886674,25.63371
12.52962,0.007194642,25.69135
12.5427,0.006850282,25.71838
12.55655,0.006886505,25.73958
12.57069,0.006981294,25.78514
12.58431,0.007233134,25.80757
12.5973,0.006874504,25.77994
12.61076,0.007056003,25.85209
12.62899,0.006703666,25.74446
12.64244,0.007342665,25.87127
12.65583,0.007444375,25.88641
12.67067,0.00775359,25.95514
12.68784,0.008050327,25.96816
12.70159,0.008311739,25.96696
12.71507,0.008334748,25.95987
12.73143,0.00836826,25.91594
12.74538,0.008341117,25.92603
12.75953,0.008886859,25.95798
12.77284,0.008820705,25.99899
12.78624,0.008583971,26.04481
12.80027,0.008476396,26.06654
12.81525,0.008671498,26.10314
12.83295,0.008749546,26.12471
12.846,0.008690469,26.12331
12.85988,0.009036514,26.14566
12.87394,0.009132273,26.16747
12.88774,0.009357581,26.17811
12.90078,0.009306672,26.19374
12.91379,0.009627726,26.26159
12.927,0.01007693,26.26299
12.9409,0.009941255,26.27682
12.95389,0.009870333,26.29134
12.96742,0.009691038,26.31658
12.98125,0.01013247,26.37853
12.99619,0.009774211,26.30498
13.00931,0.01002797,26.37074
13.0244,0.009338465,26.27484
13.04361,0.00962676,26.37095
13.05743,0.009666432,26.39175
13.07116,0.009532192,26.41094
13.08601,0.00961199,26.39273
13.10158,0.009633417,26.4685
13.11481,0.009446758,26.51864
13.12917,0.009475635,26.55635
13.14512,0.009586066,26.60675
13.15989,0.009722625,26.6109
13.17971,0.009144144,26.71387
13.19244,0.009130974,26.73772
13.20693,0.009287301,26.77197
13.22041,0.009198798,26.76993
13.23365,0.009174407,26.77141
13.25049,0.009075417,26.81996
13.2636,0.009088713,26.856
13.27832,0.009065568,26.89663
13.293,0.009041081,26.93371
13.30781,0.009075755,27.00663
13.32186,0.009138665,27.10538
13.33564,0.008902591,27.18152
13.35227,0.008294416,27.22434
13.36569,0.008168148,27.2269
13.37983,0.008538381,27.26451
13.396,0.008505498,27.28564
13.41008,0.008495416,27.34367
13.42394,0.008418975,27.3725
13.43725,0.008436229,27.40659
13.45553,0.008200997,27.46105
13.46779,0.008007322,27.52483
13.48262,0.008251991,27.561
13.49688,0.008479344,27.68662
13.50997,0.008552421,27.70805
13.52394,0.008694651,27.74883
13.53824,0.008767224,27.83027
13.55218,0.008739449,27.81601
13.5658,0.00875096,27.83201
13.57986,0.008717037,27.89052
13.59317,0.008733733,27.94024
13.60651,0.008860307,28.05688
13.61969,0.009059746,28.08856
13.6336,0.009077844,28.14399
13.64603,0.009120294,28.1536
13.66414,0.008942269,28.18487
13.67662,0.00893579,28.40294
13.69119,0.007415092,27.91214
13.70565,0.007849307,28.40042
13.71968,0.008111157,28.44665
13.73279,0.008229107,28.4961
13.74716,0.008898435,28.70292
13.76284,0.008635848,28.62746
13.77617,0.008655114,28.69752
13.7914,0.009028073,28.77515
13.80423,0.009130851,28.80907
13.81715,0.009139044,28.88379
13.83055,0.009208439,28.86765
13.84291,0.009377361,28.88731
13.85666,0.009543153,28.97299
13.87499,0.008773834,28.80602
13.88791,0.009136161,28.98728
13.90299,0.009399352,29.05973
13.91754,0.009417296,29.09882
13.93177,0.009461917,29.14373
13.94533,0.009503891,29.19365
13.9591,0.009724095,29.28787
13.97458,0.009756564,29.32677
13.98785,0.009868427,29.42388
14.00246,0.009979112,29.47313
14.01509,0.01016243,29.54103
14.03001,0.01069064,29.62837
14.04426,0.01065306,29.58334
14.05723,0.01093361,29.6501
14.07581,0.01086492,29.59865
14.08891,0.0113401,29.63372
14.10301,0.01140764,29.6828
14.11688,0.01117208,29.69366
14.13092,0.01192601,29.84319
14.14447,0.01169413,29.83008
14.15826,0.01168796,29.86121
14.17191,0.01191142,30.02255
14.18566,0.01162316,30.06554
14.20021,0.0115529,30.09892
14.21335,0.01189903,30.1767
14.23176,0.01226291,30.27351
14.24532,0.01233134,30.33565
14.25946,0.01277465,30.33466
14.27711,0.0130211,30.34756
14.29041,0.01319475,30.39251
14.30409,0.01324332,30.42668
14.31806,0.01329521,30.46483
14.33204,0.0134142,30.52997
14.34537,0.013625,30.6073
14.3623,0.01367327,30.64375
14.37706,0.01392832,30.72804
14.38991,0.01399539,30.77635
14.4033,0.01410448,30.82304
14.4171,0.01483312,31.02222
