0.7622685,0.01147999,18.30333
0.7855209,0.01118895,18.23558
0.8188636,0.01088099,18.53583
0.8471651,0.01058652,18.80208
0.8732141,0.01028681,18.81966
0.9021998,0.01004134,18.93373
0.9343299,0.00953042,18.92318
0.9726426,0.008961492,18.66577
1.010001,0.008504583,18.73992
1.039386,0.008053488,18.65865
1.068989,0.007645544,18.82811
1.096889,0.007306767,18.72051
1.126072,0.007015992,18.61479
1.153069,0.006855625,18.67083
1.183021,0.00665331,18.70041
1.216519,0.006350959,18.6053
1.246734,0.006173174,18.5315
1.276519,0.005890832,18.59362
1.308246,0.005701681,18.45951
1.339999,0.005576523,18.46863
1.373039,0.005496677,18.52836
1.401858,0.005485229,18.5835
1.436219,0.005500341,18.71936
1.466378,0.005490505,18.75993
1.493993,0.005493571,18.79451
1.523652,0.005509052,18.80605
1.551059,0.005524933,18.74677
1.578747,0.005554755,18.69614
1.609282,0.00559041,18.60446
1.64227,0.005619574,18.79031
1.671363,0.005613924,18.75781
1.69971,0.005585351,18.75356
1.730464,0.005577716,18.74805
1.756995,0.00557686,18.9602
1.787188,0.005564325,19.05751
1.815282,0.005586561,19.14613
1.845501,0.005625566,19.34195
1.873309,0.005636279,19.29644
1.901527,0.005654965,19.24203
1.929202,0.005651773,19.17609
1.957993,0.005661879,19.03817
1.984231,0.005682118,18.88888
2.009761,0.005680838,18.79613
2.03542,0.005673714,18.68073
2.06446,0.00566898,18.69286
2.089599,0.005638041,18.76189
2.115805,0.005607359,18.84872
2.141324,0.005609947,18.97554
2.166387,0.005627544,19.05163
2.191096,0.005657705,19.13471
2.216934,0.005679395,19.29412
2.241879,0.005687976,19.41189
2.26909,0.005671205,19.59068
2.292011,0.005678634,19.68922
2.317596,0.005658459,19.80806
2.34472,0.005612484,19.88168
2.369114,0.00555472,19.97205
2.396496,0.005493581,20.02491
2.423297,0.00546117,20.06185
2.448064,0.005428847,20.09397
2.475384,0.005420008,20.10135
2.500927,0.005386146,20.35952
2.527827,0.005360669,20.38012
2.55162,0.005371533,20.38705
2.575692,0.005376787,20.52473
2.601724,0.005342141,20.58285
2.625206,0.005310744,20.62815
2.649354,0.005261822,20.69788
2.677064,0.005203913,20.77841
2.703129,0.005155439,20.81675
2.73156,0.005067397,21.12729
2.756234,0.005002989,21.17813
2.780284,0.0049087,21.23736
2.803069,0.00482588,21.38131
2.828633,0.004730871,21.65338
2.855106,0.004590494,21.81823
2.885701,0.004427838,21.98586
2.909569,0.004250465,22.07493
2.934176,0.004144683,22.15519
2.963267,0.004026895,22.29829
2.98728,0.003967333,22.3903
3.01259,0.003889503,22.50867
3.037021,0.003861331,22.58356
3.062223,0.003840125,22.68707
3.089145,0.003835162,22.7652
3.11445,0.00383228,22.87037
3.137954,0.003852875,22.94732
3.163853,0.003880815,23.16697
3.189091,0.00392242,23.23761
3.214577,0.003968306,23.45342
3.239268,0.004008237,23.65052
3.263192,0.004073457,23.91753
3.291067,0.004110364,24.03844
3.318796,0.004178205,24.22723
3.345514,0.004258745,24.41051
3.369581,0.004317548,24.5178
3.396382,0.004413257,24.69108
3.424124,0.00453427,24.96136
3.450628,0.004592063,25.04811
3.477001,0.004678161,25.09077
3.507556,0.004753743,25.25364
3.531427,0.004791741,25.36813
3.554252,0.004822296,25.50625
3.579745,0.004836765,25.619
3.602559,0.00483769,25.71164
3.627067,0.00482341,25.8414
3.650151,0.004794352,25.90715
3.675122,0.004728945,25.97503
3.698115,0.004666705,26.00795
3.726839,0.004585386,26.03314
3.751427,0.00452164,26.02615
3.776437,0.004451157,26.01104
3.799639,0.004396882,25.96284
3.825751,0.004382355,25.91771
3.851439,0.004358666,25.84889
3.879531,0.004379587,25.81631
3.911116,0.004430413,25.8107
3.9432,0.004477592,25.81132
3.971241,0.004554176,25.81157
4.000855,0.004621061,25.68173
4.034021,0.004713728,25.7795
4.064033,0.004740573,25.76527
4.097099,0.004734431,25.87816
4.12918,0.004774526,25.92184
4.162732,0.004843642,26.08584
4.190484,0.004895093,26.17097
4.220375,0.004960477,26.25858
4.248849,0.005045799,26.30491
4.277256,0.005103189,26.33444
4.306305,0.005229326,26.3685
4.336268,0.00543109,26.44019
4.370272,0.005584224,26.68203
4.397429,0.005700329,26.78296
4.422147,0.005799053,26.97691
4.471367,0.005962886,27.40637
4.498003,0.006034442,27.59459
4.524201,0.00610581,27.8513
4.551322,0.006158893,28.04729
4.584175,0.006259826,28.46686
4.610092,0.006319969,28.67538
4.636102,0.006410234,28.99232
4.66637,0.006480139,29.38803
4.697724,0.006577034,29.49695
4.729468,0.006667824,29.56116
4.756522,0.00671348,29.54941
4.785888,0.006741559,29.57946
4.811524,0.006759488,29.55149
4.83531,0.006798469,29.44671
4.861777,0.006826114,29.36177
4.888089,0.006889028,29.22977
4.91523,0.006951546,29.07963
4.941767,0.006995989,28.97211
4.970911,0.007084869,28.81487
5.003989,0.007155503,28.65904
5.032535,0.00721048,28.37
5.058585,0.007221746,28.38197
5.087373,0.007243463,28.60391
5.114872,0.007237091,28.63098
5.142386,0.007200087,28.58121
5.167077,0.007184305,28.60384
5.193347,0.007196767,28.66189
5.223665,0.007199598,28.7911
5.250926,0.007232796,28.90602
5.278081,0.007311291,29.08284
5.303372,0.007341423,29.21436
5.329406,0.007436607,29.46106
5.355755,0.007538508,29.63888
5.381931,0.007624881,29.88941
5.406461,0.007683228,30.09073
5.433292,0.007781939,30.35513
5.459413,0.00782713,30.64783
5.484288,0.007844636,30.76596
5.510275,0.007894686,30.81475
5.534873,0.007916091,30.88021
5.560924,0.007898807,30.86898
5.586554,0.007920553,30.9576
5.612429,0.007899387,30.97481
5.639289,0.007851426,30.93035
5.663575,0.007794196,30.89667
5.688524,0.007707723,30.81827
5.716253,0.007645028,30.75912
5.744216,0.00759979,30.71622
5.767593,0.007583594,30.66269
5.792497,0.007573671,30.6147
5.816537,0.007531577,30.77513
5.845413,0.007571343,30.73003
5.870016,0.007596672,30.71186
5.896289,0.007601935,30.71835
5.922698,0.007611596,30.93672
5.951456,0.007620653,30.93355
5.980939,0.007649177,30.94341
6.009711,0.007686933,30.94628
6.037591,0.007787186,31.19709
6.071896,0.008009136,31.26418
6.099809,0.008185402,31.30837
6.127066,0.008434664,31.57218
6.152635,0.008564544,31.5919
6.176966,0.008777399,31.58413
6.200644,0.008945457,31.5722
6.227275,0.009098874,31.54945
6.252546,0.009293861,31.49534
6.281529,0.009491011,31.45307
6.307241,0.009608608,31.42148
6.333772,0.00980623,31.36306
6.360417,0.009939009,31.32607
6.386302,0.0101088,31.25335
6.414028,0.01019458,31.20721
6.439905,0.01032014,31.36331
6.466566,0.01047819,31.29657
6.497697,0.0106584,31.20707
6.52561,0.01074977,31.15043
6.549639,0.01085126,31.10157