2.978756,0.02887539,24.09159
2.995485,0.02880046,24.20045
3.012591,0.02880272,24.23506
3.029492,0.02881729,24.30933
3.044791,0.02868037,24.52293
3.06172,0.02912246,24.42576
3.079224,0.02914731,24.5078
3.095302,0.02902402,24.60179
3.112954,0.02898587,24.64184
3.129689,0.02884087,24.79383
3.164277,0.02914061,24.75883
3.198595,0.02914061,24.75883
3.213539,0.02912204,24.78609
3.229629,0.02912204,24.78609
3.245197,0.02875696,24.93352
3.264512,0.02867298,25.0301
3.280486,0.02883533,24.96955
3.294056,0.02883533,24.96955
3.3057,0.02882164,24.99554
3.319783,0.02873578,25.10459
3.336059,0.02791455,25.38706
3.35622,0.02736298,25.57986
3.382588,0.02735998,25.66111
3.401654,0.0273227,25.71893
3.417132,0.02721941,25.82954
3.430361,0.02718742,25.88988
3.446033,0.02724001,25.87284
3.46129,0.02699002,25.95535
3.477753,0.02694778,26.03542
3.494058,0.02713113,26.00084
3.508711,0.02712691,26.03586
3.521893,0.02695199,26.09356
3.534405,0.02707315,26.1116
3.551974,0.02707315,26.1116
3.58601,0.02706563,26.13563
3.602811,0.02708376,26.13047
3.620563,0.02709496,26.17914
3.635949,0.02704832,26.18411
3.651334,0.02696132,26.23132
3.662163,0.02702216,26.25786
3.675503,0.02704752,26.34616
3.692882,0.02760559,26.37551
3.709682,0.02783084,26.4396
3.733627,0.02820966,26.45859
3.748939,0.02841965,26.44016
3.763136,0.02867233,26.45414
3.802892,0.02886348,26.83057
3.816973,0.03022637,26.46906
3.834627,0.03009686,26.50463
3.854316,0.03005199,26.5738
3.87689,0.02942246,26.74337
3.890353,0.02916832,26.82101
3.904942,0.0292242,26.85921
3.91893,0.0292242,26.85921
3.929896,0.02910738,26.89551
3.943713,0.02910738,26.89551
3.961448,0.02909504,26.95444
3.978272,0.02922412,26.98598
4.031039,0.02894127,27.13457
4.054028,0.02834142,27.34859
4.1008,0.02955076,27.50849
4.120124,0.02982051,27.56016
4.134558,0.029998,27.61028
4.164758,0.02994531,27.65158
4.184308,0.02987739,27.69077
4.207552,0.02978648,27.74844
4.235837,0.02980069,27.75761
4.275424,0.0295216,27.82521
4.290627,0.0295216,27.82521
4.304262,0.02951893,27.83721
4.314413,0.02951893,27.83721
4.349467,0.0294915,27.87845
4.368273,0.02953954,27.8643
4.384991,0.02953759,27.88773
4.417065,0.02927135,28.00791
4.438029,0.02925734,28.04264
4.45391,0.02957795,28.08199
4.484998,0.02892569,28.20336
4.508291,0.02849765,28.38327
4.531283,0.02856794,28.36862
4.5536,0.02843654,28.41634
4.577735,0.02844761,28.40525
4.609467,0.02823525,28.46443
4.630177,0.02832192,28.50454
4.659285,0.02801625,28.58421
4.677447,0.02795669,28.61488
4.693663,0.02802979,28.59927
4.708453,0.02802979,28.59927
4.719543,0.02830044,28.6575
4.763931,0.02862387,28.68482
4.780837,0.02884135,28.77332
4.792423,0.02887753,28.75099
4.8035,0.0283729,28.86935
4.817983,0.02848303,28.95788
4.835273,0.02847761,28.98706
4.846851,0.02839182,29.03785
4.858899,0.02844218,29.10243
4.890306,0.02885459,29.12273
4.902736,0.02893412,29.18138
4.913204,0.0288626,29.2184
4.929523,0.02903125,29.2361
4.946967,0.02891742,29.30098
4.965709,0.02858778,29.49156
4.982192,0.02945213,29.38534
4.995575,0.0298185,29.33318
5.007068,0.02982683,29.32689
5.022583,0.02979202,29.3844
5.056967,0.02996628,29.33544
5.078962,0.02993819,29.39473
5.097823,0.03017425,29.36072
5.112647,0.03032661,29.3144
5.12947,0.03027008,29.38579
5.147918,0.03041021,29.57086
5.162675,0.03097698,29.45694
5.173587,0.03137778,29.51322
5.187757,0.03137778,29.51322
5.209846,0.03126305,29.58937
5.224821,0.03122727,29.64333
5.274467,0.03189122,29.76546
5.304263,0.03281017,29.64082
5.33019,0.03410624,29.46977
5.346461,0.03430563,29.57684
5.362384,0.03560806,29.41208
5.3732,0.03539334,29.54195
5.387358,0.03539334,29.54195
5.402893,0.03539334,29.54195
5.41295,0.03539334,29.54195
5.42538,0.0359947,29.38149
5.443508,0.03586834,29.44668
5.460204,0.0361,29.41944
5.4765,0.03669066,29.33624
5.492869,0.0375438,29.13614
5.508867,0.03785353,29.12792
5.519368,0.03856424,29.08119
5.531692,0.03848644,29.18023
5.550044,0.03819393,29.38463
5.57016,0.03892685,29.37147
5.589674,0.03977562,29.23029
5.607879,0.03985047,29.29936
5.623832,0.0395452,29.43035
5.650001,0.03914984,29.65214
5.678312,0.03954065,29.71212
5.694101,0.03935218,29.8533
5.711459,0.03928493,29.96623
5.728381,0.03893376,30.12497
5.746224,0.03928667,30.065
5.759693,0.03915324,30.12974
5.770836,0.03915324,30.12974
5.784382,0.03915324,30.12974
5.801367,0.03915324,30.12974
5.818596,0.03905659,30.21443
5.836249,0.03905659,30.21443
5.852644,0.03896554,30.2638
5.888528,0.01179228,19.88618
5.90648,0.03700702,31.09025
5.922551,0.008910239,16.89574
5.94035,0.008945201,14.88305
5.955636,0.009244308,14.56075
5.969493,0.00947034,14.21368
5.97888,0.009207539,13.94099
5.99395,0.008849129,13.29179
6.011272,0.008438382,12.82755
6.03524,0.007981613,12.26691
6.050025,0.007850703,11.52624
6.069077,0.007433388,11.22994
6.105859,0.007156089,11.21922
6.121664,0.007156089,11.21922
6.140161,0.006997865,11.11514
6.156104,0.006997865,11.11514
6.16996,0.006790139,11.15223
6.178712,0.006790139,11.15223
6.192492,0.006498549,11.31676
6.214206,0.005929694,11.33115
6.229004,0.005272601,11.44643
6.244511,0.004673827,12.0056
6.2626,0.003654666,13.50237
6.279551,0.003411047,13.37547
6.314435,0.003202658,14.4115
6.333888,0.00260764,14.03705
6.351394,0.003031079,15.69541
6.368007,0.003840424,17.31929
6.386301,0.00119637,14.56731
6.406333,0.0005277991,13.59646
6.418983,0.002745129,12.67906
6.444263,0.003330268,14.22018
6.459388,0.002979174,15.93841
6.472899,0.002979174,15.93841
6.481587,0.003598019,12.66842
6.516815,0.004073165,11.00691
6.537642,0.004719459,11.154
6.551844,0.004719459,11.154
6.568191,0.005035054,9.311127
6.585419,0.005790744,9.804153
6.602792,0.006273799,7.411591
6.620888,0.005372427,10.00372
6.633121,0.007788882,3.958092
6.644871,0.007523172,3.681534
6.660241,0.007579058,1.006119
6.677806,0.006801832,3.239998
6.696377,0.005830709,2.951782
6.737245,0.002128314,5.996811
6.750208,0.003314402,7.635139
6.773827,0.002512395,8.522713
6.787531,0.002509199,9.00975
6.801065,0.002663549,9.807587
6.817143,0.002617277,10.04013
6.830354,0.002311509,10.86279
6.84126,0.002191201,11.23428
6.856853,0.002191201,11.23428
6.87926,0.002015445,11.6543
6.892652,0.002015445,11.6543
6.913907,0.001789227,11.2276
6.943337,0.00160224,13.22051
6.964361,0.001821365,15.15555
6.978429,0.0003416725,15.71011
6.994827,0.0003851838,16.49017
7.011464,0.0003429204,16.76648
7.024141,0.0005054586,17.15029
7.03508,0.0009048544,17.02985
7.052953,0.0006300099,17.61107
7.072063,0.0002035797,18.43005
7.088945,4.1686E-06,19.60128
7.109081,0.0002137609,20.0787
7.125423,0.000425715,20.52926
7.157832,0.0008711927,21.42437
7.186984,0.002276976,22.59845
7.203403,0.002650604,24.18183
7.217199,0.002650604,24.18183
7.230699,0.002836309,24.73222
7.247924,0.002836309,24.73222
7.264565,0.002836309,24.73222
7.280156,0.002757095,24.59196
7.291457,0.002692293,25.92957
7.303907,0.003015064,26.59666
7.320654,0.003035858,27.88524
7.338391,0.002198666,31.54762
7.373907,0.0005077869,34.35925
7.392344,0.001009807,35.97228
7.4075,0.001254734,36.394
7.425162,0.001376811,37.1009
7.443602,0.001284465,37.42035
7.462142,0.001682941,37.65409
7.478567,0.001382343,38.32172
7.49299,0.001836374,38.68169
7.509976,0.002350219,39.59518
7.525455,0.002673559,39.60872
7.539972,0.002999205,39.79538
7.575429,0.003720611,40.04852
7.594162,0.003720611,40.04852
7.611523,0.003767781,39.96515
7.627929,0.003767781,39.96515
7.641271,0.003936596,39.49648
7.654995,0.003813524,39.41165
7.667636,0.004213527,38.70728
7.683782,0.004018154,38.53879
7.710184,0.004191671,36.69164
7.722998,0.004879955,35.57292
7.744216,0.005058248,34.54333
7.789417,0.004085109,33.71394
7.822439,0.001707688,31.62279
7.841779,0.001166124,30.10159
7.855591,0.001178659,29.15888
7.866094,9.480864E-06,27.49114
7.879957,0.001884464,25.77989
7.896786,0.002245948,23.48347
7.910441,0.002101205,23.05933
7.920375,0.002727941,21.82396
7.936301,0.002171587,21.76061
7.950915,0.002468798,20.31519
7.969771,0.002339236,20.05916
7.988744,0.002458297,19.1646
8.015534,0.002458297,19.1646
8.026257,0.002587054,18.22098
8.039993,0.002244167,16.88948
8.057066,0.002117556,15.24631
8.075023,0.001753494,11.65719
8.088904,0.002880618,8.776924
8.102346,0.003356151,9.796013
8.123429,0.005133394,7.694
8.139969,0.005980343,6.921417
8.154043,0.006577726,6.472694
8.187238,0.008361425,5.528297
8.206346,0.008995008,5.293671
8.224228,0.009540737,4.840141
8.240733,0.01015401,4.637962
8.259737,0.01124119,3.914177
8.276474,0.01188152,3.442993
8.288535,0.01226737,3.12101
8.300005,0.01319806,2.208687
8.315835,0.01346756,1.96917
8.333116,0.01346756,1.96917
8.350559,0.01403747,1.64817
8.367743,0.01403747,1.64817
8.403891,0.01355987,2.014114
8.422119,0.01355987,2.014114
8.440207,0.01438385,1.722672
8.456325,0.01508051,1.959206
8.470809,0.01573064,2.866859
8.481654,0.0174546,3.65731
8.495749,0.01797131,3.744583
8.513502,0.02012506,4.543945
8.544663,0.02129192,5.865715
8.566379,0.0213249,7.145515
8.584127,0.02163999,8.291687
8.606123,0.02170606,8.78421
8.626684,0.0223511,9.177696
8.640742,0.02194799,10.11805
8.657379,0.02091404,12.18513
8.671589,0.02379708,12.29017
8.683406,0.0237618,13.68793
8.69498,0.0237618,13.68793
8.711967,0.0237618,13.68793
8.728626,0.0237618,13.68793
8.746762,0.02432254,13.9009
8.763541,0.02406345,14.3916
8.783365,0.02660527,14.18989
8.799608,0.02736325,14.76084
8.845467,0.02712423,13.57626
8.870168,0.02709995,12.63811
8.888523,0.02693432,12.53865
8.904085,0.02648091,12.26783
8.918406,0.02494216,13.18211
8.931369,0.02368661,12.70504
8.943913,0.0233868,12.34238
8.958879,0.02279012,11.70656
8.97559,0.02211267,11.08791
8.995164,0.02284933,9.652687
9.013177,0.0223027,8.993317
9.032969,0.0226665,8.826897
9.049572,0.02264446,8.277138
9.068688,0.02264446,8.277138
9.084157,0.02264446,8.277138
9.100607,0.02266917,8.102783
9.11204,0.02266917,8.102783
9.129466,0.02254627,7.034706
9.141476,0.02254627,7.034706
9.156799,0.02257071,5.712593
9.174399,0.0231779,4.989128
9.19198,0.02302617,3.263779
9.209692,0.02284549,3.13575
9.226645,0.02199798,1.999535
9.262181,0.02065098,0.735939
9.280076,0.01987002,1.169487
9.296566,0.01917895,1.563034
9.313396,0.01818127,2.143929
9.32922,0.01807046,2.384438
9.337888,0.01655703,2.989662
9.351202,0.01516101,4.406952
9.370484,0.01365801,5.538353
9.38963,0.01208338,5.492882
9.407001,0.01376307,3.615082
9.425466,0.01150665,4.208672
9.440815,0.01079885,4.214188
9.486709,0.01079885,4.214188
9.503151,0.008797567,5.997849
9.513485,0.006888364,7.567963
9.529851,0.005551815,7.080116
9.547219,0.003077574,3.626427
9.583052,0.001077998,6.482193
9.596227,0.0003940873,5.230156
9.608013,0.0009458549,4.706055
9.63308,0.002495233,2.070908
9.643549,0.002924565,2.179245
9.659312,0.003689595,0.0295105
9.677028,0.003689595,0.0295105
9.693627,0.003727149,0.4904785
9.709543,0.003993936,1.905495
9.722382,0.004174028,5.039047
9.735128,0.004411723,5.613152
9.751781,0.004679967,8.930016
9.766776,0.004376501,9.219749
9.788916,0.004417513,11.51072
9.807036,0.004554719,12.42316
9.825397,0.004554719,12.42316
9.840382,0.003919583,11.5519
9.858312,0.003919583,11.5519
9.895196,0.001749322,16.16656
9.912596,0.000908915,19.65871
9.930077,0.002274051,20.01075
9.945924,0.003618728,20.23734
9.957575,0.00432317,20.66157
9.96961,0.005146168,20.42221
9.988244,0.006076574,20.26612
10.00499,0.006642636,20.01248
10.02229,0.007364407,19.37792
10.03886,0.007752761,19.57505
10.056,0.007857963,19.59196
10.07589,0.008031648,19.14038
10.10726,0.008968923,16.04823
10.12926,0.009304341,14.49799
10.14463,0.009254336,14.0535
10.1613,0.009235464,13.59378
10.17772,0.009877488,12.85081
10.19033,0.009877488,12.85081
10.20131,0.009877488,12.85081
10.21699,0.01000724,12.44598
10.23473,0.01039806,11.24091
10.25411,0.01046958,12.00856
10.27122,0.01189312,9.278816
10.28928,0.01173292,9.293137
10.33063,0.01164103,9.089401
10.34257,0.01103877,10.86507
10.3586,0.01136606,10.42993
10.37476,0.010981,10.95567
10.39177,0.01394629,5.86158
10.40649,0.01513962,3.982956
10.42042,0.01446357,5.004112
10.43309,0.0133804,7.857445
10.44903,0.01344064,8.265083
10.465,0.01350405,10.07639
10.48437,0.01380468,10.44548
10.50177,0.01491974,8.825882
10.53629,0.01555985,8.258293
10.55313,0.01549906,8.473633
10.57887,0.01592874,8.228897
10.60023,0.01648805,7.82975
10.61271,0.01702743,8.307442
10.63011,0.01751244,8.335754
10.64519,0.01791624,8.950539
10.66246,0.0205199,9.264061
10.6773,0.0218025,9.146835
10.69042,0.02348642,9.752129
10.7023,0.02420435,10.02931
10.73789,0.02518893,9.818459
10.75568,0.02601298,10.89647
10.77275,0.02669224,11.77766
10.78809,0.02722942,11.39897
10.80056,0.02796407,11.97814
10.80981,0.02838301,11.95084
10.82585,0.02905321,11.79253
10.84382,0.02973566,12.6326
10.86073,0.03035778,10.33669
10.88769,0.0310484,11.49019
10.90029,0.0310484,11.49019
10.91351,0.03125894,8.917953
10.9513,0.03142034,9.824394
10.96537,0.03144064,10.12414
10.98913,0.03176587,9.075478
11.00305,0.03173907,9.39756
11.01708,0.03206715,9.702988
11.03419,0.03258329,10.83484
11.04446,0.03316596,11.13396
11.05676,0.03311105,9.218575
11.07572,0.03242914,9.160828
11.09093,0.03019514,10.72726
11.12452,0.02938094,11.54353
11.14487,0.02895099,10.35117
11.16352,0.02868376,10.12113
11.18369,0.02860764,9.473099
11.20059,0.02916485,5.081528
11.21751,0.02906824,4.496773
11.2329,0.02868318,4.73732
11.24944,0.02909458,2.708282
11.2588,0.02907008,2.759521
11.27127,0.02907008,2.759521
11.28719,0.02907008,2.759521
11.30402,0.02901387,2.440147
11.32149,0.02901387,2.440147
11.33718,0.0289694,2.341652
11.37301,0.0294182,2.621933
11.38826,0.02966001,2.481972
11.40539,0.029675,4.021774
11.42166,0.03003761,4.957726
11.43726,0.03039753,5.259972
11.44865,0.03056341,4.577934
11.46084,0.03056039,4.532402
11.47881,0.03043159,4.879677
11.49591,0.03046443,4.385071
11.51248,0.03026506,5.105545
11.53018,0.02990512,5.516602
11.5483,0.02991651,5.397522
11.58495,0.02930196,5.690376
11.6018,0.02930196,5.690376
11.6237,0.02928824,5.573921
11.6427,0.02909371,5.593422
11.65736,0.02909569,5.471809
11.67376,0.02884893,5.518333
11.69018,0.02884893,5.518333
11.7006,0.02861587,5.444031
11.71271,0.02831538,5.79129
11.7297,0.02833562,5.94445
11.749,0.02709652,6.787392
11.78559,0.02756968,3.346954
11.80226,0.0275928,3.623962
11.8205,0.02730307,3.783051
11.83565,0.02741266,3.786606
11.84951,0.02752334,4.043488
11.85821,0.02743929,3.917068
11.87327,0.02749175,4.040321
11.89477,0.02732718,4.00737
11.90896,0.02692496,4.295807
11.92569,0.02692794,4.766037
11.94317,0.02673918,5.311089
11.96286,0.02596025,6.049263
11.99853,0.02516724,6.081947
12.01329,0.02516724,6.081947
12.03515,0.02543437,5.94445
12.05,0.02489867,6.329552
12.06465,0.02490278,6.220314
12.08414,0.02387842,6.980431
12.0981,0.02343145,7.395966
12.11001,0.02123898,8.825768
12.1331,0.01663426,9.752373
12.16034,0.01560557,12.19855
12.17824,0.01370056,13.47785
12.1994,0.01025059,13.19301
12.21621,0.008908071,13.44606
12.23508,0.008908071,13.44606
12.25175,0.008198202,13.59052
12.26393,0.00714859,14.13049
12.27591,0.006769851,14.51574
12.29141,0.004861332,15.42184
12.30848,0.00595215,16.06651
12.32603,0.004218917,17.46532
12.34335,0.002304185,18.62041
12.36107,0.001122091,18.87561
12.38109,6.026775E-05,19.04008
12.41455,6.026775E-05,19.04008
12.43172,0.001354191,19.83824
12.45389,0.00139419,21.15096
12.4693,0.002719559,22.42119
12.4857,0.005192451,24.18439
12.50201,0.006080844,26.64456
12.5155,0.006320864,26.24432
12.5251,0.006163057,27.17244
12.53934,0.006158583,27.32986
12.55747,0.005573038,27.58993
12.57725,0.004960701,26.9116
12.60296,0.003595751,27.30324
12.63283,0.001784477,28.66103
12.64827,0.02462844,16.03829
12.68388,0.00133156,30.63036
12.70215,0.001499031,30.59679
12.71885,0.002607528,31.25192
12.72866,0.02379795,15.6755
12.73963,0.02365045,15.57798
12.75575,0.02366663,15.60578
12.76917,0.02366663,15.60578
12.77833,0.02362666,15.53614
12.79443,0.02362666,15.53614
12.81048,0.02349062,15.47371
12.84616,0.02287849,14.92534
12.86293,0.02233555,14.7804
12.88109,0.02233555,14.7804
12.89678,0.02210242,14.59879
12.90733,0.02171411,14.7097
12.91924,0.02157107,14.62551
12.9369,0.0216286,14.52791
12.95419,0.02170521,14.04364
12.97121,0.02168893,13.89168
12.98879,0.02172934,13.51249
13.00668,0.02170138,13.07657
13.0241,0.02148502,12.79173
13.05974,0.02124989,12.44687
13.07961,0.02105092,12.17581
13.09583,0.02099638,12.24221
13.11236,0.02092948,12.16408
13.1337,0.02092095,12.15529
13.1479,0.02092095,12.15529
13.15636,0.0208657,12.06831
13.1709,0.0208385,11.97935
13.18707,0.02073125,11.8289
13.20438,0.02069877,11.84688
13.22215,0.02070819,11.78034
13.24006,0.0206629,11.57027
13.27597,0.02025924,11.29901
13.29232,0.02016159,11.25081
13.30951,0.01998127,11.17218
13.32533,0.01992152,11.08456
13.33953,0.01988918,11.06262
13.35034,0.01987942,11.0611
13.36469,0.01985239,11.04867
13.38209,0.01990259,11.02607
13.39975,0.01992017,11.06826
13.41913,0.02003419,11.04241
13.43612,0.01994279,11.01794
13.45347,0.01987001,11.03801
13.49261,0.01980818,11.04443
13.50488,0.01980818,11.04443
13.51947,0.01984184,11.02273
13.53533,0.01982049,11.021
13.54902,0.01982049,11.021
13.55767,0.01979075,11.02827
13.58336,0.01974882,11.02991
13.60276,0.0195335,11.04359
13.61817,0.01930375,11.2898
13.63488,0.01904462,11.43423
13.65159,0.01894881,11.53025
13.67065,0.01871255,11.8197
13.70409,0.01868181,11.77662
13.72279,0.01863465,11.93662
13.74431,0.01849325,11.88752
13.76436,0.01839327,11.95924
13.78107,0.01831475,11.95314
13.79776,0.01824762,11.99763
13.80747,0.01815318,12.14717
13.82032,0.01812509,12.16802
13.83595,0.01812902,12.16862
13.85247,0.01810724,12.21156
13.88588,0.01805881,12.21258
13.90826,0.01782208,12.43338
13.92422,0.0005272403,25.79197
13.94132,0.0003155693,24.71156
13.95723,0.0002196282,23.45286
13.97297,0.0003155731,21.92889
13.98537,7.542968E-05,20.32415
13.99756,5.428866E-05,19.04224
14.01422,0.0002310872,17.05722
14.03026,0.0002452135,16.06803
14.04829,0.0003543571,14.15269
14.06752,0.0001342334,13.65297
14.08623,0.0003995597,13.37229
14.10246,0.0003571585,12.52502
14.13729,0.0003673881,9.857445
14.15281,0.0003673881,9.857445
14.17126,0.0004582964,10.03177
14.18967,0.0004604906,9.023048
14.20635,0.0003908835,8.981926
14.23288,0.0003763326,8.495499
14.2456,0.0003763326,8.495499
14.26031,0.0006597713,8.107788
14.27522,0.0003370494,8.231323
14.28458,0.0002660975,6.220253
14.29808,0.0002660975,6.220253
14.31879,0.001001015,6.424149
14.35994,0.0007596053,2.315666
14.37847,0.0008903109,2.115288
14.38969,0.0003488995,1.484192
14.4045,0.000970602,0.001655579
14.42143,0.0008579753,0.9296799
14.4383,0.00119438,0.4657593
14.45075,0.001223445,1.152229
14.4621,0.001783125,1.76445
14.47931,0.002083767,2.430252
14.49496,0.002441548,3.577087
14.51253,0.002657887,3.842949
14.53044,0.0030456,4.329742
14.56639,0.003846608,5.642723
14.58471,0.004244678,5.757919
14.60101,0.004194651,6.227783
14.61764,0.004194651,6.227783
14.6347,0.004511941,6.678337
14.65084,0.004387021,7.988976
14.66394,0.004909273,9.990204
14.67582,0.006559715,11.7626
14.69005,0.007225376,12.5852
14.71442,0.008444168,11.47707
14.73656,0.008571353,11.69563
14.78099,0.01008899,14.39761
14.80094,0.01032629,14.3147
14.81897,0.01031066,14.65923
14.83568,0.0104781,14.84372
14.85029,0.01079419,15.05457
14.86246,0.01135185,15.14713
14.8755,0.01096552,14.31222
14.89214,0.01201989,14.61086
14.90877,0.01234056,15.26736
14.92487,0.01308884,16.15197
14.93743,0.01308884,16.15197
14.97652,0.01387619,17.02303
15.00186,0.01387619,17.02303
15.01763,0.0142008,17.62235
15.03284,0.0152801,17.19553
15.04801,0.0153566,15.90618
15.05777,0.01668191,17.16802
15.07955,0.01609563,16.47349
15.09622,0.01529321,15.59737
15.10784,0.01525086,15.60027
15.12454,0.01501885,15.23168
15.14464,0.01479328,16.01946
15.16317,0.01610594,17.68459
15.18048,0.01629796,17.55345
15.19704,0.0167685,17.51229
15.21292,0.01694787,17.87261
15.23077,0.01719062,18.4109
15.24548,0.01739619,18.11192
15.25845,0.01774847,17.83321
15.27052,0.01763276,17.98573
15.28527,0.01843079,17.98188
15.30871,0.01855407,17.82253
15.32294,0.01855407,17.82253
15.33754,0.01869095,17.67106
15.35456,0.01869095,17.67106
15.39142,0.01871727,16.74212
15.4075,0.0185742,16.69205
15.42431,0.01914459,16.3751
15.44006,0.01914459,16.3751
15.45519,0.01892132,16.5246
15.46758,0.01894109,15.81481
15.48085,0.01774267,15.86997
15.49495,0.01713518,16.65598
15.51617,0.02024451,17.82137
15.53233,0.01999817,17.82458
15.54936,0.01898633,18.32937
15.57293,0.01764165,15.74123
15.60092,0.01660137,14.51508
15.62477,0.01475205,13.20721
15.63959,0.01530708,12.90052
15.65509,0.01476664,13.31906
15.67136,0.01542578,13.12662
15.68878,0.01467844,13.48235
15.70168,0.01467844,13.48235
15.71406,0.01523569,12.92829
15.73035,0.01523569,12.92829
15.75319,0.01492946,12.06607
15.76628,0.01483725,11.21535
15.7985,0.01420448,8.669014
15.82196,0.009908624,15.59802
15.83585,0.00978082,19.79959
15.85312,0.01728546,14.44217
15.8696,0.01786147,14.97194
15.88599,0.01854419,14.46466
15.90219,0.01866113,14.36591
15.91716,0.01832146,13.19378
15.92894,0.01879067,12.62958
15.94105,0.01945481,12.52777
15.95781,0.01913192,14.0017
15.97665,0.02102613,15.34089
15.99616,0.02069072,16.39388
16.01194,0.02166746,16.06474
16.05479,0.02242676,15.93558
16.06711,0.02244527,15.94485
16.08371,0.02244527,15.94485
16.09971,0.02310501,15.68317
16.11577,0.02310501,15.68317
16.13043,0.02178958,14.02644
16.15466,0.0214453,13.46999
16.17537,0.02106211,16.47998
16.19508,0.02150184,20.32633
16.21482,0.02440954,14.70554
16.23631,0.02660659,12.78758
16.25297,0.02711626,12.91668
16.27286,0.02774771,13.39481
16.29012,0.02790103,14.01369
16.30613,0.0282016,13.80595
16.31997,0.02989845,15.75979
16.33085,0.0295854,15.18005
16.34697,0.02960938,15.13812
16.36462,0.03013334,15.38608
16.38228,0.02959067,14.90176
16.40001,0.02887442,14.73759
16.43241,0.02958271,14.92319
16.46325,0.02914714,14.80898
16.48901,0.02759359,13.20899
16.50792,0.02884756,13.39011
16.5268,0.0286181,14.25872
16.54546,0.02986736,12.74577
16.56231,0.0297268,11.74543
16.58522,0.03031065,11.53609
16.60649,0.03139748,9.665466
16.62642,0.03103361,8.202995
16.64494,0.03135357,6.561638
16.66477,0.03128174,6.67186
16.67913,0.03170889,6.139221
16.69066,0.03164298,5.445
16.70292,0.03151119,5.450699
16.71816,0.03207096,5.39547
16.73392,0.03188201,5.378593
16.74626,0.03220516,5.180099
16.75756,0.0319466,4.833038
16.77365,0.03226576,4.751755
16.79281,0.03181986,4.238358
16.8123,0.03181986,4.238358
16.83022,0.0315683,4.040932
16.84903,0.03235095,4.467484
16.88776,0.03162158,3.294312
16.91133,0.03068507,2.505997
16.929,0.03011963,2.038651
16.9473,0.02970897,1.649727
16.96215,0.02987291,1.638306
16.98083,0.02938968,1.257538
16.99315,0.02881778,0.7083969
17.00337,0.02926568,1.084503
17.01779,0.02921109,1.028336
17.03537,0.02826214,0.5346832
17.05309,0.02864509,0.6398544
17.08972,0.02751038,0.1262817
17.10954,0.02754567,0.01139832
17.12601,0.02699319,0.4178162
17.14196,0.02683351,0.6132965
17.1618,0.02683351,0.6132965
17.17319,0.02685511,0.5480423
17.18511,0.02685511,0.5480423
17.20334,0.02656128,0.8691254
17.22225,0.02632671,1.112877
17.24179,0.02598787,1.094894
17.26111,0.02452755,2.044472
17.29885,0.02389941,1.563843
17.31767,0.02399931,1.401352
17.33648,0.02261395,1.596901
17.35495,0.02261619,1.582527
17.37213,0.02260048,1.549583
17.40021,0.02240052,1.598602
17.41178,0.02214675,1.482658
17.4259,0.02209022,1.474228
17.43883,0.0207746,1.739891
17.44997,0.02112521,1.638214
17.46681,0.02110353,1.513466
17.5146,0.02056171,1.425491
17.5329,0.02046378,1.405563
17.54452,0.02046378,1.405563
17.55481,0.02046378,1.405563
17.57078,0.02030874,1.492462
17.58424,0.02027456,1.366051
17.59546,0.01983621,1.249695
17.61228,0.01952783,1.233116
17.63212,0.02015433,0.3787842
17.64781,0.01971406,0.3438873
17.66849,0.0193526,0.2437668
17.70181,0.01871179,0.3988113
17.71996,0.01807755,0.8146515
17.73724,0.01774525,0.7976074
17.75377,0.01803955,1.246414
17.77202,0.01834847,1.615524
17.79009,0.01835802,2.116264
17.81224,0.01878501,2.789093
17.83128,0.01919745,3.566986
17.84827,0.01944494,3.647095
17.86654,0.01973211,3.643059
17.88268,0.01903107,3.341515
17.91178,0.01903107,3.341515
17.93063,0.01916834,3.310196
17.94727,0.01905489,3.134094
17.96534,0.01886559,3.059891
17.98255,0.01883296,2.901024
17.99873,0.01916398,2.980522
18.00987,0.019217,2.83564
18.02156,0.01918811,2.825859
18.0383,0.01886601,2.59417
18.05529,0.01828557,1.374176
18.07453,0.01656297,0.4370499
18.09202,0.01652324,0.2599869
18.13022,0.01631239,0.1217194
18.14535,0.01618076,0.1351929
18.18012,0.01688564,0.3653641
18.20388,0.0160774,0.2088013
18.2185,0.01597713,0.2770538
18.23511,0.01525806,0.3871841
18.24916,0.01525806,0.3871841
18.25881,0.01520804,0.4270782
18.27312,0.01520804,0.4270782
18.28903,0.01521081,0.4360809
18.3008,0.01521081,0.4360809
18.32727,0.01513488,0.3165588
18.34533,0.01538641,0.7649918
18.36436,0.01471936,1.220314
18.37999,0.01469066,1.424332
18.39663,0.0142586,2.013824
18.4133,0.01398921,2.624802
18.42441,0.01345008,3.35421
18.43911,0.01353223,3.289093
18.45919,0.01182216,3.932884
18.47882,0.01317314,3.472939
18.49707,0.01226843,3.308884
18.51565,0.01123066,3.164886
18.55032,0.01098851,3.757736
18.57097,0.01125106,3.823662
18.59153,0.01155647,3.758934
18.60615,0.01112142,4.422882
18.62247,0.01112142,4.422882
18.6385,0.01112142,4.422882
18.64797,0.01112142,4.422882
18.66279,0.01127281,4.232964
18.68478,0.01002914,4.768387
18.69975,0.01002914,4.768387
18.71463,0.01120314,4.213249
18.73292,0.01179411,3.639236
18.76863,0.01161226,3.856476
18.78559,0.01205271,3.37442
18.80269,0.01239302,2.968925
18.81912,0.01299511,2.105194
18.83455,0.01302598,0.7359467
18.84631,0.01579308,2.143623
18.85779,0.01349666,0.253952
18.87607,0.01359558,0.5089035
18.89382,0.01479281,0.0535965
18.91014,0.01524692,0.06872559
18.92901,0.01574559,0.01761627
18.95872,0.01594355,0.5306702
18.9811,0.01629973,0.8215179
19.00109,0.01629973,0.8215179
19.02,0.01629973,0.8215179
19.03662,0.01648483,1.043343
19.05225,0.01652088,1.221054
19.06397,0.01731375,2.329041
19.07841,0.0175745,2.223709
19.09384,0.01916188,3.913933
19.11125,0.02015799,4.782684
19.13268,0.02106477,5.579544
19.14816,0.02237921,6.022018
19.16509,0.02292682,6.21656
19.2063,0.02452455,5.755951
19.22438,0.02537031,5.569801
19.24432,0.02593281,5.470657
19.26198,0.02595793,5.725075
19.28114,0.0261268,5.659462
19.29818,0.0261268,5.659462
19.31689,0.02561937,5.189316
19.33691,0.02760145,6.164551
19.35436,0.02638839,6.671036
19.37362,0.02638839,6.671036
19.39594,0.02967163,7.58445
19.4136,0.02982685,7.428429
19.43352,0.02982685,7.428429
19.44958,0.02975095,7.422142
19.46696,0.02867891,5.846817
19.48545,0.02849288,5.677971
19.50365,0.02758143,5.271645
19.51929,0.02583214,5.653244
19.53249,0.02655933,6.143097
19.54546,0.02392684,5.924591
19.56994,0.02423662,7.560783
19.59455,0.02448314,8.270691
19.61672,0.02418775,8.557732
19.63803,0.02290922,8.587746
19.6531,0.02269437,8.607727
19.66936,0.02234649,8.646912
19.68697,0.02229338,8.669304
19.70255,0.02176402,8.555473
19.71493,0.02176402,8.555473
19.7303,0.02155708,8.442886
19.74637,0.02155708,8.442886
19.76313,0.02143903,8.436989
19.79421,0.02065017,8.030609
19.81319,0.02043696,7.773315
19.8324,0.02008097,7.073303
19.8514,0.0183629,4.801086
19.86783,0.01704976,3.334969
19.88416,0.01915203,3.208443
19.8978,0.01905833,3.060867
19.90886,0.01908542,2.289345
19.92302,0.01897184,2.192253
19.94028,0.01897184,2.192253
19.95689,0.01948605,1.266258
19.97627,0.01912118,0.6032333
19.99534,0.01867743,0.5857925
20.01415,0.01824944,1.981827
20.05226,0.01988993,1.571533
20.08281,0.01941435,2.150902
20.10862,0.01870022,2.79171
20.13067,0.01870022,2.79171
20.15164,0.01887326,2.777306
20.16621,0.01843989,3.320313
20.17684,0.01758135,4.540794
20.19884,0.01635003,7.213882
20.21425,0.01633484,7.389832
20.23009,0.01651029,7.939186
20.24751,0.01649472,8.956123
20.26512,0.01839168,7.875313
20.2817,0.0178333,8.456612
20.29429,0.01776417,8.972168
20.30465,0.01757045,8.801018
20.32124,0.01925042,7.693047
20.33784,0.019964,7.554169
20.3559,0.01978472,7.613708
20.37538,0.01932904,9.394775
20.39077,0.01864293,10.03433
20.4217,0.01743392,10.19878
20.45414,0.01758216,10.54742
20.47048,0.01758216,10.54742
20.48182,0.01758216,10.54742
20.49664,0.01785247,9.941116
20.51062,0.01748364,10.66541
20.5222,0.01739256,10.15786
20.55075,0.01739256,10.15786
20.56661,0.01739256,10.15786
20.57929,0.0180569,9.456772
20.59264,0.01875352,7.513138
20.60584,0.02310048,7.186081
20.62472,0.02456963,5.753761
20.6612,0.02108754,9.189857
20.67767,0.01850427,11.61014
20.69549,0.01941767,11.29981
20.713,0.0212123,10.61624
20.72841,0.0217527,10.73999
20.742,0.02275686,10.53748
20.7518,0.02256294,11.54328
20.76651,0.02350662,11.11746
20.78391,0.02347727,11.78002
20.80379,0.02496308,11.82944
20.82124,0.02475976,12.29765
20.83763,0.02549146,12.02901
20.87656,0.02538383,12.66493
20.89549,0.02499777,13.86597
20.91828,0.02304636,17.00273
20.94168,0.02545025,16.43303
20.96427,0.02819471,15.47984
20.98481,0.02930592,15.16901
21.00757,0.02843368,16.08276
21.02546,0.02721805,17.75494
21.04063,0.02819991,17.66907
21.06005,0.02882158,17.61047
21.07325,0.02868646,18.13624
21.10117,0.03170273,17.19238
21.11635,0.03249839,17.4242
21.13111,0.03174755,18.23716
21.14789,0.03163176,18.70094
21.16541,0.03072516,19.65313
21.18458,0.03115196,20.05868
21.20159,0.03115196,20.05868
21.21843,0.03115196,20.05868
21.23345,0.03134925,20.03186
21.24424,0.03134925,20.03186
21.29193,0.03155298,20.07777
21.32262,0.03422663,19.6925
21.34817,0.03355975,21.30383
21.36506,0.03112346,24.24451
21.3781,0.03018796,25.39421
21.39033,0.02816411,25.90551
21.4051,0.02746252,25.95299
21.42133,0.026832,25.93633
21.43538,0.02626271,25.95063
21.4457,0.02553647,25.99781
21.46265,0.02439233,26.05811
21.47976,0.02314989,26.14574
21.49592,0.02259361,26.26998
21.51195,0.02223815,26.38692
21.52833,0.02072835,26.32831
21.54091,0.01943419,26.64986
21.55116,0.0194147,27.06026
21.56649,0.01873842,26.72213
21.58689,0.01873842,26.72213
21.60395,0.01873842,26.72213
21.6235,0.01831787,27.58597
21.64352,0.0169463,27.25905
21.66538,0.01573054,27.88424
21.69521,0.009691518,29.25149
21.71198,0.008493043,29.50377
21.73189,0.006373648,30.70571
21.74826,0.005667821,31.16421
21.76432,0.005039614,32.3218
21.77973,0.004607655,32.21866
21.79106,0.003665701,33.05617
21.80322,0.003174312,33.44558
21.82014,0.002654776,33.7901
21.83785,0.002654776,33.7901
21.85502,0.002246428,34.41819
21.87678,0.0009360611,34.72823
21.91002,0.001291472,35.12994
21.92955,0.001591418,34.95232
21.94489,0.001048435,34.36088
21.96051,0.001048435,34.36088
21.9763,0.001048435,34.36088
21.98581,0.0008112714,34.29526
22.00185,8.449331E-05,34.33666
22.0163,6.805733E-05,34.24938
22.03389,0.0007976666,33.71644
22.05152,0.001117572,33.06429
22.07021,0.0008562393,31.00386
22.08643,0.0002546906,30.05101
22.12232,0.0004462637,29.23684
22.13901,0.0004461408,28.44564
22.15526,0.0009294711,27.74187
22.17214,0.0007492378,27.10344
22.19081,0.0002838671,26.10989
22.21005,0.00162328,24.91927
22.2283,0.002152409,24.01468
22.24792,0.003311276,22.65554
22.26364,0.002727803,22.61742
22.27643,0.004013035,20.7605
22.28847,0.004013035,20.7605
22.32283,0.004141908,21.12183
22.34301,0.004382875,20.7187
22.36012,0.004382875,20.7187
22.37725,0.005083162,19.36501
22.39346,0.005674705,19.15904
22.41109,0.006684858,17.8752
22.42548,0.006967254,15.27724
22.44436,0.007058341,12.89339
22.45571,0.008032337,11.70219
22.46939,0.008032337,11.70219
22.48712,0.008463465,11.14793
22.50535,0.007822219,10.98859
22.5404,0.008235317,8.409325
22.55936,0.008375946,4.764061
22.57737,0.008880892,27.17235
22.59389,0.01030748,27.45556
22.61149,0.0104348,27.3501
22.62569,0.01106773,27.50058
22.63417,0.01235317,27.78719
22.64942,0.01202006,27.65664
22.66646,0.01186993,27.67206
22.6859,0.01212282,27.73917
22.70213,0.01212282,27.73917
22.71893,0.0119958,27.7707
22.761,0.01245221,28.02598
22.77692,0.01351626,28.54983
22.79398,0.01386324,28.65511
22.80952,0.01455794,28.95332
22.82446,0.01440045,28.84847
22.83298,0.0142843,28.77951
22.84636,0.01447205,28.84947
22.86468,0.01454379,29.11684
22.88223,0.01454956,29.40369
22.89979,0.0147092,29.52555
22.91764,0.01486965,29.74756
22.94265,0.0150728,29.7264
22.9769,0.01579401,29.98495
22.99022,0.0157862,29.97409
23.00499,0.01591945,30.11722
23.02099,0.01601542,30.18686
23.03618,0.01597474,30.27548
23.04592,0.01597474,30.27548
23.05952,0.01597474,30.27548
23.08174,0.01619841,30.2592
23.10028,0.01598806,30.51201
23.11743,0.01609335,30.50852
23.13208,0.01609335,30.50852
23.15061,0.01623207,30.67646
23.18909,0.01581152,31.56704
23.21274,0.01460128,31.93029
23.24573,0.01495395,31.99998
23.2666,0.01478588,32.13026
23.28706,0.01415457,32.28293
23.30609,0.01399169,32.28878
23.32089,0.01343266,32.5546
23.33063,0.01343266,32.5546
23.34401,0.01294678,32.68382
23.35929,0.01308406,32.73834
23.38032,0.01293168,32.92818
23.39849,0.01259108,32.98709
23.41626,0.01274914,32.98156
23.43291,0.01274914,32.98156
23.44536,0.01250648,33.0323
23.45667,0.01211723,33.14236
23.47463,0.01188036,33.17766
23.49215,0.0113802,33.31837
23.50936,0.01104264,33.45658
23.52742,0.009781393,33.48676
23.5444,0.008973448,33.59898
23.5613,0.008230149,33.70404
23.6022,0.00741298,33.7011
23.61523,0.007289529,33.72967
23.6318,0.006703774,33.85744
23.64808,0.006711451,34.02656
23.66089,0.007052464,34.0586
23.68516,0.007210434,34.21156
23.70504,0.007211418,34.25753
23.72157,0.007812584,34.43845
23.73468,0.007879643,34.37083
23.75225,0.007879643,34.37083
23.76942,0.008062831,34.44991
23.80527,0.008124362,34.42728
23.82514,0.008346623,34.48749
23.83948,0.008346623,34.48749
23.85522,0.008542348,34.56078
23.87508,0.009002505,34.6046
23.88958,0.01011591,34.79401
23.90023,0.01209296,35.03265
23.9119,0.01266625,35.09365
23.92902,0.01403901,35.30422
23.94709,0.01719213,35.41593
23.96448,0.026545,36.04334
23.98198,0.02820512,36.43201