3.145532,0.01303838,22.50934
3.192061,0.01236061,22.52024
3.212977,0.01237437,22.51318
3.231686,0.01237437,22.51318
3.246778,0.01221601,22.51635
3.265775,0.01151455,22.56285
3.285457,0.0115196,22.59102
3.302222,0.01077489,22.67396
3.318485,0.01074443,22.69521
3.335322,0.01006749,22.79059
3.352709,0.009976024,22.80812
3.368864,0.009999439,22.84042
3.400591,0.008773926,23.2947
3.416957,0.008673832,23.32492
3.43336,0.008411538,23.38349
3.450815,0.007783513,23.54729
3.485561,0.007542689,23.60204
3.504898,0.007542689,23.60204
3.520073,0.007359333,23.64878
3.536905,0.00721722,23.66809
3.551896,0.00721722,23.66809
3.567265,0.007220325,23.6692
3.583937,0.007005096,23.72736
3.606283,0.006842681,23.77646
3.621381,0.00684722,23.81075
3.637462,0.006822067,23.84239
3.654384,0.00656375,23.92375
3.673162,0.005899978,24.19202
3.696544,0.005914134,24.23577
3.71629,0.005477183,24.34893
3.731977,0.005239018,24.4937
3.747322,0.005412922,24.44135
3.764131,0.005327466,24.4885
3.779729,0.00529266,24.51493
3.79764,0.005325001,24.52979
3.819772,0.005072626,24.51437
3.836251,0.004710381,24.67343
3.853569,0.004574549,24.73153
3.868749,0.004526122,24.70919
3.886319,0.004470624,24.80922
3.904604,0.004459757,24.81388
3.93051,0.004735907,24.69984
3.948247,0.004735907,24.69984
3.96638,0.004709073,24.69113
3.983641,0.004193533,24.85271
4.001974,0.004168617,24.81786
4.020985,0.004356679,24.74525
4.03932,0.00447709,24.62246
4.057812,0.004267559,24.66237
4.076037,0.004275455,24.65643
4.093588,0.004278336,24.64351
4.110286,0.004442495,24.65898
4.127553,0.004610011,24.6843
4.145473,0.004559945,24.67496
4.163754,0.004705453,24.67481
4.185144,0.004821228,24.6789
4.202879,0.005164216,24.68899
4.22394,0.005914663,24.68339
4.244545,0.006790645,24.70846
4.261012,0.006747264,24.71651
4.280068,0.006941733,24.71921
4.299664,0.007306692,24.71458
4.316001,0.007189319,24.71611
4.331424,0.007189319,24.71611
4.344656,0.007622015,24.71813
4.358986,0.008529921,24.72486
4.37569,0.009696945,24.76541
4.392989,0.01079058,24.81358
4.407912,0.01124425,24.7983
4.428,0.01191644,24.82594
4.444737,0.01218378,24.84409
4.462627,0.01270253,24.92678
4.47968,0.01326232,24.97569
4.49597,0.01369281,25.05797
4.511084,0.01398934,25.07956
4.525852,0.01426233,25.13304
4.53955,0.01435378,25.14875
4.555837,0.01458616,25.20009
4.572611,0.01470522,25.27267
4.591322,0.01472799,25.33167
4.607573,0.01471261,25.36818
4.622846,0.01469697,25.36699
4.642745,0.01475396,25.43042
4.659801,0.01475733,25.46077
4.677469,0.01475733,25.46077
4.69619,0.01477181,25.46478
4.711341,0.01465565,25.49583
4.728736,0.01435522,25.62769
4.750875,0.01401367,25.70544
4.76619,0.01383333,25.73584
4.781873,0.01429791,25.61775
4.798794,0.01429791,25.61775
4.815844,0.01394934,25.71679
4.835104,0.01329915,25.82698
4.857368,0.01220589,25.98681
4.877633,0.01081967,26.1549
4.909153,0.01052736,26.10606
4.926919,0.01055114,26.08589
4.944012,0.01022336,26.12517
4.958757,0.01026053,26.12575
4.97349,0.009919968,26.19656
4.998393,0.009017311,26.28693
5.036552,0.008869496,26.30105
5.055394,0.008503321,26.34436
5.072582,0.008503321,26.34436
5.084731,0.00814735,26.369
5.098547,0.007918836,26.38737
5.115423,0.007646244,26.43468
5.136942,0.007253255,26.5105
5.15219,0.007145572,26.54197
5.167664,0.007014021,26.60963
5.193486,0.006844734,26.72186
5.219663,0.006720202,26.87296
5.238779,0.006787314,27.00815
5.261467,0.00725387,26.98768
5.282946,0.007211471,27.05086
5.304502,0.006753592,27.28683
5.323487,0.006796255,27.36634
5.342422,0.006851526,27.42177
5.361195,0.007008669,27.47133
5.378711,0.007019732,27.50353
5.396041,0.00717168,27.53221
5.412672,0.00717168,27.53221
5.42734,0.007318917,27.60894
5.441625,0.007242316,27.57429
5.45681,0.007242316,27.57429
5.470298,0.007370304,27.60615
5.493134,0.007495392,27.683
5.50921,0.007756956,27.73529
5.524865,0.007394924,27.93019
5.541558,0.007461616,28.05017
5.558424,0.008064988,28.07466
5.577681,0.008892967,28.09628
5.599037,0.009321785,28.11097
5.614348,0.009336884,28.13659
5.629683,0.009291143,28.18294
5.645988,0.009373478,28.20845
5.663352,0.009374248,28.25461
5.67996,0.009241403,28.3053
5.698847,0.009152267,28.35812
5.719157,0.008559483,28.4582
5.735927,0.007614058,28.58044
5.753623,0.007614058,28.58044
5.771185,0.007614058,28.58044
5.783277,0.007614058,28.58044
5.796514,0.007103485,28.65412
5.811989,0.006881991,28.68354
5.826833,0.006897053,28.7195
5.844402,0.006584942,28.77113
5.861431,0.006152523,28.85296
5.878993,0.005946557,28.90068
5.89656,0.005791627,28.93207
5.917575,0.005854688,28.96495
5.934821,0.005715336,28.97263
5.952531,0.005661001,28.97472
5.968816,0.005593369,29.01671
5.98425,0.005687581,29.03661
6.001063,0.00554823,29.1032
6.018099,0.005466778,29.10935
6.036894,0.004933836,29.20244
6.05482,0.004905549,29.20263
6.072453,0.004773383,29.22996
6.092217,0.004641009,29.28706
6.10942,0.004213383,29.37526
6.128102,0.004544729,29.35072
6.144717,0.004544729,29.35072
6.16085,0.004544729,29.35072
6.175948,0.004390617,29.37844
6.193347,0.004664346,29.43619
6.209872,0.00461754,29.48197
6.232799,0.003951258,29.63062
6.24936,0.004265533,29.65172
6.266885,0.004258646,29.70038
6.28987,0.004065946,29.78826
6.305602,0.003947239,29.81727
6.325319,0.003837856,29.89636
6.344512,0.003693451,29.94323
6.361126,0.003672552,29.96041
6.377465,0.003419878,30.00926
6.39412,0.003367915,30.03558
6.410881,0.0032162,30.08191
6.428375,0.003051615,30.19276
6.445301,0.003503806,30.13928
6.461646,0.00350919,30.14804
6.475771,0.00359071,30.16418
6.489205,0.00359071,30.16418
6.503153,0.003470862,30.17596
6.520251,0.003447524,30.21845
6.537133,0.003447524,30.21845
6.570768,0.003017375,30.49391
6.603166,0.003586161,30.56283
6.61973,0.003482929,30.61372
6.636523,0.003577539,30.68512
6.653924,0.003674484,30.72684
6.670815,0.003765355,30.78509
6.689126,0.00368552,30.85006
6.707621,0.003671665,30.82963
6.726499,0.003621531,30.84155
6.744955,0.00350004,30.86154
6.763459,0.003698779,30.90117
6.78032,0.0004030876,26.79401
6.801918,0.0007613897,26.41248
6.819727,0.00143712,26.00458
6.835814,0.001830321,25.66681
6.852406,0.001830321,25.66681
6.867198,0.00160861,25.87497
6.883616,0.002214458,25.58395
6.901305,0.002214458,25.58395
6.92052,0.002236538,25.29134
6.93889,0.005661887,31.23297
6.956126,0.006355785,31.47856
6.973834,0.00417202,22.835
6.990096,0.004576724,22.47405
7.005135,0.005441587,21.87966
7.02037,0.006204657,21.27435
7.036174,0.006425284,21.24452
7.051083,0.00646003,21.02429
7.065731,0.00683571,20.51241
7.082714,0.007168323,20.1258
7.102957,0.007369079,20.05398
7.121758,0.007692926,20.04913
7.140042,0.008036062,19.52113
7.154987,0.00827419,18.91698
7.172897,0.008265942,19.11126
7.20738,0.00881372,18.35439
7.231729,0.008667286,18.39935
7.252049,0.008667286,18.39935
7.266916,0.008832645,18.12519
7.281108,0.008913737,17.8075
7.310925,0.008889493,16.91258
7.332253,0.008928001,17.46564
7.347476,0.008928001,17.46564
7.361957,0.009143312,16.06271
7.376286,0.009386826,14.7484
7.397738,0.009711292,10.79141
7.413944,0.008659519,13.09247
7.429116,0.008556206,12.58389
7.443017,0.008457627,12.98895
7.461466,0.008407351,11.97598
7.476964,0.008184776,11.13653
7.492867,0.008082036,10.45673
7.508332,0.0080433,8.862068
7.524718,0.007849842,8.595581
7.54161,0.007704183,8.233955
7.558319,0.007519007,8.132568
7.574683,0.00709432,7.482971
7.591283,0.007337019,7.896469
7.609875,0.007085547,7.539177
7.626984,0.00707411,7.527924
7.646809,0.00707411,7.527924
7.663291,0.007005539,7.392403
7.67992,0.006700709,6.915932
7.696433,0.00627242,6.248421
7.713714,0.00600205,5.89608
7.72999,0.005795497,5.45652
7.747629,0.005054727,4.515533
7.766743,0.00505745,3.598381
7.785347,0.00475876,2.342926
7.804722,0.005004864,1.790314
7.827375,0.005106509,1.336594
7.84206,0.005369991,0.5716324
7.858912,0.005153678,0.2898102
7.87534,0.005354837,1.059456
7.895247,0.005593725,2.339005
7.915955,0.005054694,3.95993
7.933289,0.004920624,3.548035
7.949556,0.005045801,4.162636
7.966188,0.005045801,4.162636
7.982518,0.005229555,4.483376
7.997002,0.005244806,4.342339
8.011902,0.005244806,4.342339
8.032834,0.005302101,4.945358
8.049171,0.005322866,4.867378
8.068229,0.005042858,5.865219
8.089036,0.004826862,7.829979
8.112828,0.00503381,10.94164
8.146625,0.006762072,12.85494
8.168938,0.007199928,13.05363
8.189788,0.007165421,14.30418
8.208067,0.00738379,14.00017
8.227514,0.007400125,15.22567
8.246222,0.007417705,15.40224
8.26562,0.007363558,15.68621
8.284865,0.007343918,15.2924
8.304669,0.007498771,15.20329
8.326061,0.00753649,15.0768
8.34348,0.00753649,15.0768
8.360376,0.007250044,15.87849
8.37821,0.007250044,15.87849
8.39657,0.007531248,14.96114
8.411865,0.007512145,15.69953
8.427341,0.007345069,16.13143
8.445461,0.007220678,17.23157
8.467847,0.007479493,18.61612
8.493562,0.007619254,19.15304
8.513873,0.008225109,19.70117
8.535336,0.008483943,19.96189
8.555148,0.008746184,20.45989
8.573155,0.009138197,20.20956
8.595066,0.00946587,20.77136
8.615713,0.009466298,20.61124
8.636014,0.009327233,20.9729
8.656931,0.00966486,20.88933
8.677089,0.009666309,21.27547
8.696812,0.009648886,21.48919
8.728176,0.009992056,21.96294
8.750031,0.009967886,22.26849
8.788818,0.008802671,23.37187
8.818448,0.009065453,24.05788
8.844083,0.007740643,24.18333
8.874351,0.007064413,24.41367
8.893913,0.006350569,24.53902
8.913094,0.004964866,24.87486
8.942479,0.00398,23.44941
8.961709,0.003515769,23.17083
8.98017,0.003525987,22.92739
8.994452,0.003513705,22.22849
9.006679,0.002981134,21.62656
9.043648,0.003164645,20.81389
9.065477,0.003164645,20.81389
9.094355,0.003439635,20.58242
9.115686,0.003315784,20.49471
9.145864,0.003129538,20.37049
9.168024,0.002383772,20.18431
9.188726,0.0008839034,19.81984
9.21856,0.001187049,19.12039
9.240378,0.001285195,18.64507
9.266138,0.001693726,18.07195
9.288874,0.001888692,17.79469
9.310225,0.001667447,17.23502
9.342852,0.002329685,16.78378
9.362548,0.002264556,16.39155
9.377354,0.00268786,15.89045
9.388254,0.002779137,15.68351
9.401604,0.00283879,15.6132
9.418581,0.002919018,15.45216
9.431585,0.003062248,15.30109
9.443803,0.003062248,15.30109
9.456989,0.003201798,15.16367
9.473916,0.003201798,15.16367
9.486477,0.003083002,15.0749
9.497491,0.002899531,15.20825
9.51441,0.003065649,14.85105
9.550607,0.002676956,15.36584
9.567303,0.002586715,15.52379
9.583942,0.002105705,15.2795
9.600186,0.001980841,15.59811
9.613933,0.002143342,15.53601
9.624936,0.002538253,15.37082
9.64033,0.002806749,15.81468
9.657656,0.003429245,16.13632
9.674757,0.003800664,16.40826
9.691614,0.003899507,16.30592
9.714413,0.005101454,16.98127
9.730607,0.00526021,17.75552
9.767184,0.004710753,18.48507
9.782564,0.00471282,18.0083
9.808352,0.004979894,18.22337
9.825076,0.005174693,18.48975
9.838615,0.005078088,18.79826
9.854444,0.004858084,18.80544
9.888195,0.004749738,19.59367
9.904067,0.004749738,19.59367
9.914176,0.004740935,20.00649
9.926624,0.004481599,20.22937
9.942591,0.004232969,20.66936
9.961201,0.003817018,22.64072
9.978723,0.002545826,23.96564
9.996347,0.002555829,23.19861
10.01261,0.001199901,23.15707
10.02686,0.002106111,23.21198
10.03689,0.002027985,23.20707
10.05295,0.000724148,22.37669
10.07098,0.0004213043,21.9224
10.08691,0.0004582964,21.6876
10.10596,0.0001553223,21.60075
10.124,0.0002287105,21.50395
10.14352,0.0004111901,21.2785
10.17919,0.0008133352,20.92758
10.19766,0.0008133352,20.92758
10.21696,0.0009532496,20.85713
10.23128,0.0009053349,20.73983
10.24432,0.001057763,20.00786
10.25479,0.001217153,19.96597
10.27046,0.001420341,19.97926
10.28819,0.001067754,18.21674
10.30711,0.002233543,17.89195
10.33144,0.002480201,17.19642
10.34532,0.002602216,16.58388
10.38554,0.003194563,15.43923
10.39892,0.003249448,14.79541
10.41663,0.00290915,13.47725
10.43307,0.002578128,13.5216
10.44663,0.00229983,12.83771
10.45906,0.002832931,11.82571
10.47404,0.003235873,11.30891
10.48964,0.003912456,11.17231
10.5067,0.003957752,11.04071
10.52317,0.004175931,11.09189
10.53974,0.004158359,11.08984
10.55659,0.004158359,11.08984
10.60239,0.004178155,11.13275
10.62123,0.004226916,11.20548
10.6314,0.004137821,11.18724
10.64397,0.004088521,11.12702
10.66137,0.003966499,11.17795
10.67956,0.004217349,11.55412
10.69858,0.003835563,12.90007
10.71807,0.003743749,13.17922
10.73465,0.003541455,13.1086
10.74545,0.002896395,12.82423
10.75949,0.003366388,12.53898
10.79039,0.003496192,12.42973
10.8076,0.003650378,11.99172
10.82657,0.003690697,11.61904
10.84353,0.003792889,11.45444
10.85971,0.003493384,11.15909
10.87704,0.003191642,10.59567
10.8918,0.003513888,10.63379
10.903,0.003513888,10.63379
10.91911,0.003513888,10.63379
10.9376,0.003579494,10.47361
10.95614,0.003586367,10.35915
10.97443,0.003967863,10.08496
11.02458,0.003720857,7.659279
11.04477,0.003391325,6.657539
11.06115,0.00320331,6.548355
11.07872,0.003106318,6.129929
11.09423,0.002974838,5.584541
11.10479,0.003004823,5.198479
11.11817,0.002987932,4.93573
11.13266,0.003049355,4.097916
11.1479,0.002527967,3.020187
11.15948,0.002529718,2.645004
11.17222,0.002529718,2.645004
11.1886,0.002618521,2.320503
11.22526,0.002633758,1.550896
11.24069,0.00264388,1.12368
11.25769,0.00259639,1.045563
11.27398,0.002705447,0.6607971
11.28625,0.002705447,0.6607971
11.29603,0.002376933,0.7000885
11.31185,0.002376933,0.7000885
11.33263,0.002758563,0.0002288818
11.35168,0.002460051,0.3609772
11.37235,0.002550717,1.333473
11.39082,0.002529524,1.912056
11.42394,0.002849068,1.77829
11.43899,0.002848465,1.844063
11.45563,0.003315732,1.59198
11.47209,0.003235299,1.494263
11.48537,0.003239516,1.4729
11.49501,0.003505822,1.467072
11.51181,0.003992241,1.137421
11.52892,0.003845949,1.076202
11.54953,0.004316609,0.9129639
11.56535,0.004696444,0.7226944
11.5831,0.005323786,0.03852081
11.60073,0.005200971,0.04075623
11.64959,0.005491022,0.3738632
11.66508,0.00568084,0.3124619
11.67605,0.00568084,0.3124619
11.68939,0.005882651,0.006324768
11.70569,0.005982123,0.1217728
11.72059,0.005984943,0.4219894
11.73267,0.006652322,0.8194962
11.7452,0.00625046,0.9135971
11.76186,0.006776467,0.9330368
11.77905,0.006589781,1.476448
11.79576,0.006817538,1.247559
11.81304,0.006817538,1.247559
11.84876,0.007018596,1.219437
11.87161,0.006944202,1.166779
11.88586,0.006923571,0.8050919
11.9048,0.006913789,0.3168335
11.92028,0.006644983,0.7764435
11.93682,0.006271198,1.039932
11.95303,0.0061194,1.440102
11.96447,0.005930532,2.086372
11.97644,0.005478594,2.219894
11.99101,0.005478594,2.219894
12.0115,0.005370431,2.285858
12.02603,0.005370431,2.285858
12.05946,0.004847001,2.391785
12.07787,0.004305732,2.070793
12.09465,0.002485871,3.360451
12.11059,0.002555836,1.597946
12.12473,0.002180401,1.343925
12.13831,0.001777701,1.069359
12.15415,0.001678165,0.9766693
12.1709,0.001453158,0.8735123
12.19148,0.001190238,0.567955
12.20491,0.0009090267,0.7535858
12.22176,0.0008460693,0.8950348
12.23863,0.0006913096,1.109444
12.27209,7.137656E-06,1.546219
12.28901,6.211177E-05,1.950577
12.31799,0.0004486851,1.676262
12.3325,0.0007168613,1.434242
12.34379,0.0008983612,1.308212
12.36011,0.0009198897,1.148148
12.37755,0.0008822605,1.181168
12.39545,0.0008822605,1.181168
12.41527,0.0008822605,1.181168
12.4316,0.0007708967,0.93396
12.44242,0.0005365647,0.8230972
12.47246,0.001313277,0.1570816
12.50289,0.0009640194,0.09314728
12.52883,0.001965616,3.321518
12.55852,0.00227429,4.354523
12.57825,0.002316412,4.300346
12.59186,0.001665447,3.498596
12.60224,0.001479279,3.285278
12.61619,0.001346678,3.256096
12.63216,0.001468629,3.702095
12.64385,0.001440872,3.9758
12.65805,0.001227058,4.305588
12.67139,0.0009360388,4.565033
12.68834,0.0009087883,5.314125
12.70775,0.0008211695,5.98555
12.72446,0.001029417,6.219345
12.74117,0.001029417,6.219345
12.75935,0.001269691,6.542992
12.77675,0.001269691,6.542992
12.78869,0.0004713647,6.233765
12.80058,0.0004852675,6.545883
12.81773,0.0001670942,6.783676
12.84002,0.0003001392,7.140297
12.85448,0.0003466867,7.758904
12.88775,0.0003421083,7.606789
12.90507,0.0008812174,6.699043
12.92475,0.000971444,6.54483
12.94005,0.001146555,6.499046
12.95668,0.001598716,5.582542
12.99007,0.002115477,5.145325
13.00785,0.002731994,5.108948
13.02052,0.003430691,4.563217
13.03306,0.0035991,4.487434
13.04706,0.004055757,4.141937
13.0626,0.004701614,3.059723
13.08431,0.005530071,2.600418
13.10314,0.005530071,2.600418
13.12052,0.006013557,2.766197
13.13575,0.00608452,2.810272
13.15148,0.00608452,2.810272
13.15996,0.006449752,3.145233
13.17292,0.006449752,3.145233
13.18938,0.00662959,3.107323
13.20766,0.006681558,3.389465
13.22513,0.008249123,2.865204
13.24278,0.008418228,4.139297
13.2595,0.009464853,3.140434
13.2774,0.009741165,3.012131
13.31679,0.01193291,2.089218
13.32996,0.01240025,1.587944
13.34942,0.01277239,1.22757
13.3666,0.01287769,1.205338
13.3831,0.01330021,0.6266174
13.4005,0.0136227,0.5352478
13.41332,0.01363577,0.3912888
13.43413,0.01352147,0.6517181
13.44775,0.0134617,0.4783783
13.46001,0.01344605,0.2678375
13.47785,0.01344605,0.2678375
13.49388,0.01344605,0.2678375
13.52854,0.01357779,0.05025482
13.54722,0.01414754,0.6804504
13.56382,0.01422432,0.6354218
13.58033,0.01432349,0.7754517
13.59399,0.0138577,0.1699905
13.60423,0.01357039,0.4811401
13.62035,0.01414957,1.16507
13.63732,0.01388894,1.164375
13.65393,0.01369067,1.421463
13.67085,0.0136876,1.936653
13.68746,0.01348606,2.590683
13.70597,0.01313768,3.31691
13.75259,0.01318903,3.663239
13.77033,0.01285939,3.860191
13.78211,0.012523,4.095886
13.79556,0.01220379,3.906311
13.81104,0.0118963,4.31147
13.82717,0.01152627,4.050583
13.83987,0.01044937,4.239868
13.85111,0.01148108,4.877426
13.8759,0.01148108,4.877426
13.89232,0.01121887,4.916656
13.90411,0.01106603,5.004295
13.92138,0.01086664,4.917336
13.95573,0.008576583,4.986092
13.97411,0.007090412,3.947853
13.99138,0.007534485,6.311707
14.00784,0.006891426,6.260551
14.02579,0.006548747,6.38607
14.04264,0.006548747,6.38607
14.05327,0.006201584,6.126083
14.06558,0.006083928,6.224136
14.08226,0.005687803,5.883804
14.09978,0.005382411,5.633018
14.11896,0.005304921,5.387627
14.13567,0.005572595,5.263893
14.17039,0.006339908,5.301376
14.18699,0.006431893,5.489136
14.20484,0.006431893,5.489136
14.22092,0.006431893,5.489136
14.23229,0.006767388,5.717163
14.2428,0.006767388,5.717163
14.25867,0.00721544,6.050133
14.27677,0.007875495,5.79158
14.3023,0.008907054,5.443504
14.31659,0.009897456,4.972664
14.33099,0.009900369,4.326935
14.34674,0.009832416,2.381226
14.38385,0.01015777,2.613144
14.40075,0.01021094,2.418907
14.42218,0.01055994,2.350105
14.44163,0.01077613,2.003166
14.45557,0.01105183,2.04422
14.47106,0.0117877,1.535217
14.4893,0.01246958,3.338394
14.52567,0.01308067,3.27681
14.54297,0.01315236,2.719185
14.56079,0.01354539,3.307953
14.57592,0.01354539,3.307953
14.58579,0.01354539,3.307953
14.60127,0.0137216,3.438751
14.61733,0.0137216,3.438751
14.63094,0.01395678,3.973572
14.64282,0.01407484,3.977707
14.65548,0.01408717,3.648994
14.67163,0.01416191,3.482086
14.68916,0.0145252,3.556549
14.70656,0.01452094,2.623047
14.73038,0.01435025,2.5783
14.74344,0.01435025,2.5783
14.76578,0.01386037,1.973801
14.79704,0.01241775,1.551842
14.81287,0.01325308,2.997368
14.83065,0.01296363,2.880112
14.84578,0.01269818,2.839149
14.86196,0.01298084,4.141884
14.87401,0.01242239,4.454292
14.88658,0.01245225,3.648811
14.90432,0.0121787,3.987671
14.92139,0.01197284,3.529976
14.93658,0.01167994,3.596397
14.95717,0.01139577,3.711151
14.97378,0.01130661,2.168724
15.00895,0.01114665,1.587151
15.02563,0.01114665,1.587151
15.04228,0.01087216,1.734238
15.05874,0.01077233,1.561562
15.07628,0.01053346,1.056931
15.08927,0.00935752,13.9403
15.10046,0.009682237,13.26687
15.11644,0.009144917,9.295212
15.13952,0.008827932,8.774971
15.15763,0.009215724,7.000786
15.1709,0.009058274,7.134666
15.18575,0.009159259,6.175774
15.22175,0.009484086,7.013046
15.23968,0.009553473,7.599258
15.25657,0.009604402,9.302055
15.27257,0.009254597,9.445587
15.28652,0.009643001,11.48484
15.29961,0.009643001,11.48484
15.312,0.009765647,10.93768
15.32732,0.009765647,10.93768
15.34506,0.009301491,12.5153
15.36301,0.009759605,11.1823
15.37939,0.009411406,12.6016
15.40112,0.009258032,12.18565
15.43587,0.009855811,14.12669
15.45779,0.009265586,10.81148
15.47247,0.008796899,10.62379
15.48737,0.008473529,10.52424
15.50466,0.008191083,10.46196
15.51859,0.007932219,10.39773
15.52929,0.007909681,10.3902
15.54693,0.007798697,10.30943
15.56506,0.007570605,10.25365
15.58216,0.007333294,10.22503
15.5996,0.00740001,10.21681
15.61795,0.007346377,10.14573
15.65213,0.007236423,9.95165
15.66847,0.007236423,9.95165
15.68451,0.007228952,9.866892
15.70095,0.007228952,9.866892
15.71836,0.007108659,9.679344
15.73054,0.00723207,9.69925
15.7416,0.00723207,9.69925
15.75823,0.007094789,9.493036
15.77559,0.007287239,9.543345
15.79395,0.007436899,9.068826
15.81151,0.007460439,8.582657
15.82921,0.007456514,8.535871
15.86376,0.007182502,8.494933
15.88156,0.006857043,8.387123
15.90534,0.006295181,8.222301
15.924,0.006242448,8.430072
15.93675,0.006068833,8.469419
15.95991,0.0057264,8.403591
15.98884,0.005559463,8.496967
16.00249,0.005329495,8.658731
16.01494,0.005253169,8.818777
16.02909,0.005236801,8.791335
16.04659,0.005236801,8.791335
16.07973,0.005238749,8.820002
16.09604,0.005181483,8.906841
16.10707,0.005030435,8.833266
16.12076,0.005086809,9.000319
16.13795,0.004876094,9.17556
16.15447,0.004751354,9.184873
16.17279,0.004328114,9.29906
16.19147,0.004076503,9.342792
16.21135,0.003638732,9.649584
16.23322,0.003587476,9.381797
16.25311,0.003430383,9.464771
16.27197,0.003535105,9.549626
16.28802,0.003626417,9.651071
16.30403,0.003626417,9.651071
16.31542,0.003626417,9.651071
16.32593,0.00362399,9.636005
16.34295,0.003646387,9.722796
16.36376,0.003637789,9.828573
16.38017,0.003721575,10.01227
16.39786,0.003734644,10.05518
16.41743,0.003767104,10.12341
16.43554,0.003828276,10.18495
16.47922,0.004010185,10.35051
16.49747,0.004145849,10.47052
16.51452,0.004586939,10.61877
16.53381,0.005036911,10.78076
16.5516,0.005248272,10.8783
16.56939,0.005450231,10.97004
16.5875,0.005562116,11.06845
16.60693,0.005631601,11.20759
16.62516,0.005669838,11.29745
16.63917,0.005747589,11.34446
16.66365,0.005824603,11.48125
16.69652,0.005772186,11.86737
16.72151,0.005621085,12.24569
16.73658,0.005548168,12.2922
16.75253,0.005460063,12.36614
16.76563,0.005372127,12.45862
16.7756,0.005372127,12.45862
16.78999,0.005321013,12.50543
16.80468,0.005321013,12.50543
16.81486,0.005281485,12.7191
16.829,0.005281485,12.7191
16.84403,0.005199617,12.67955
16.88406,0.001019686,27.6801
16.90314,0.004355543,13.21055
16.92184,0.0008167513,25.19263
16.9411,0.0006801337,24.01671
16.96331,0.0006852075,23.54516
16.98879,0.0003831536,22.61584
17.00845,0.0001488812,22.43999
17.02213,6.831065E-05,19.97006
17.03783,3.354624E-05,20.23084
17.05313,0.0001909882,19.92812
17.08882,0.0004497059,17.61218
17.10921,0.0005538166,16.28016
17.12643,0.0007123016,16.07848
17.14058,0.0007123016,16.07848
17.14995,0.0007123016,16.07848
17.16484,0.0006299689,15.67883
17.18081,0.0007370599,15.63113
17.19183,0.0006295815,15.21852
17.20293,0.0007536672,15.17258
17.21863,0.0008235164,14.92753
17.23601,0.0008703694,14.16028
17.25376,0.0008206144,13.27438
17.29111,0.0003497638,11.83499
17.31106,4.255027E-05,11.04725
17.33163,0.0003080405,10.91943
17.34982,0.0004633106,9.889748
17.36782,0.0006739609,9.133446
17.38526,0.0009888709,8.483406
17.40361,0.001203328,8.094025
17.42184,0.001451079,7.583984
17.43942,0.001705982,7.083221
17.4547,0.001996197,6.190323
17.49557,0.002330333,4.8694
17.51413,0.002330333,4.8694
17.52394,0.002459202,4.497459
17.53629,0.002459202,4.497459
17.55385,0.002483312,4.118118
17.57116,0.002368484,3.923553
17.58703,0.002368484,3.923553
17.60427,0.002538487,3.734512
17.61933,0.002440136,3.014023
17.63474,0.002490483,2.253387
17.65559,0.002855744,0.7768097
17.70417,0.003072962,0.04373932
17.72302,0.003144387,0.3836899
17.74001,0.003189787,1.223969
17.75668,0.002874073,0.7142944
17.77229,0.003730126,0.8464203
17.78596,0.002621621,1.99778
17.80215,0.002456523,1.983185
17.81608,0.002352752,2.122841
17.82634,0.001872014,1.872154
17.84094,0.001540523,2.007828
17.86729,0.0005621985,0.9592667
17.90845,0.0007105246,0.9257813
17.93739,0.000167761,0.5144043
17.96663,0.0005237497,1.343849
17.98342,0.0004388243,2.283295
17.9985,0.001044784,2.30764
18.01877,0.00186694,1.876213
18.04255,0.002510644,0.9350739
18.05886,0.002853669,0.01280975
18.07871,0.003094889,0.3569183
18.10145,0.00345543,0.7749481
18.12126,0.003507491,1.147293
18.13963,0.003631901,1.268196
18.15958,0.003602479,1.220238
18.17228,0.003922977,0.9366837
18.18441,0.003816824,1.251717
18.19922,0.003914904,1.251358
18.21613,0.003867738,1.525459
18.23154,0.003969483,1.284096
18.24163,0.003969483,1.284096
18.25375,0.003887601,1.607117
18.26985,0.003887601,1.607117
18.28314,0.003888331,1.691513
18.31173,0.003875125,1.591347
18.33715,0.003422968,2.728172
18.35655,0.00378073,3.44165
18.37806,0.004377626,3.104401
18.40066,0.004230291,3.984039
18.43624,0.004755009,4.387451
18.48338,0.004535276,4.302216
18.50898,0.004401606,4.703514
18.53507,0.00515056,3.502327
18.55754,0.005304266,4.147469
18.58316,0.005422082,4.093605
18.60529,0.005633567,4.730476
18.63106,0.005594537,4.9076
18.6518,0.005589109,5.101051
18.67093,0.005582094,4.813904
18.68882,0.005309504,5.01973
18.70694,0.005720325,4.788544
18.73454,0.00522121,5.306572
18.75693,0.004411615,5.153282
18.77811,0.004111703,4.873917
18.7977,0.003789056,4.600494
18.80942,0.003586944,4.111267
18.82222,0.003586944,4.111267
18.8394,0.003257647,4.113754
18.85316,0.00311343,3.761856
18.86463,0.00311343,3.761856
18.88094,0.003227245,3.702553
18.89734,0.002868783,3.702438
18.91924,0.002331551,3.451752
18.93772,0.001856942,3.302917
18.95882,0.001968063,1.898819
18.97545,0.001910113,2.540062
18.99806,0.001910113,2.540062
19.01795,0.001855198,2.143196
19.03872,0.001423426,2.298424
19.06419,0.001454391,2.035393
19.08453,0.001088604,2.043137
19.10482,0.0007762425,1.149498
19.13173,0.001264576,0.167511
19.15052,0.001364354,0.07286835
19.16617,0.001407396,0.1975403
19.18335,0.001859363,0.7825699
19.20145,0.00176416,0.8909683
19.21865,0.002257869,1.588707
19.23312,0.001930695,1.155457
19.24705,0.002050512,0.8839493
19.26505,0.002530236,1.327728
19.2842,0.002744321,1.289642
19.30139,0.002585195,0.9433594
19.32127,0.002740737,1.354347
19.35871,0.002752889,1.194115
19.39694,0.002714045,1.161194
19.40943,0.002877448,1.233253
19.42099,0.003097672,1.307281
19.43833,0.003083456,1.233765
19.45687,0.0030271,1.235657
19.4742,0.003212575,1.724808
19.49211,0.003551081,1.508453
19.51234,0.003551081,1.508453
19.52397,0.003458928,1.900177
19.56336,0.003174618,1.724709
19.58405,0.002642062,2.260574
19.60306,0.00181533,1.799828
19.6247,0.002371319,1.799232
19.64458,0.002041783,1.777931
19.66202,0.001647435,1.69828
19.68526,0.001242578,1.921623
19.70569,0.001381148,1.846245
19.72788,0.001381148,1.846245
19.74548,0.001454264,1.733505
19.76572,0.001454264,1.733505
19.78463,0.001167733,1.960594
19.80316,0.001060575,1.989296
19.82233,0.0007654242,1.908188
19.84096,0.001125589,1.752899
19.85747,0.001208305,2.784477
19.87107,0.001665093,2.50695
19.8843,0.00114654,2.828835
19.90092,0.001457501,2.550568
19.92071,0.001098137,2.726761
19.93961,0.00153134,2.742004
19.97868,0.002846975,3.825645
19.99837,0.002480611,3.533188
20.01804,0.002752617,3.816673
20.0345,0.001953918,3.352798
20.05175,0.00159945,3.315735
20.07514,0.001729555,3.448128
20.0929,0.001712039,2.941444
20.11054,0.001712039,2.941444
20.12563,0.001510657,3.0112
20.13908,0.001510657,3.0112
20.15301,0.00153793,3.330658
20.1898,0.001776025,2.927574
20.20981,0.002555858,3.544701
20.23167,0.003058158,5.08429
20.25146,0.004026577,7.725677
20.27302,0.006253138,5.978607
20.29346,0.002983145,4.253746
20.31338,0.002228703,3.697289
20.33513,0.002509858,3.37085
20.35474,0.00245782,3.277878
20.37505,0.002316311,2.81778
20.39433,0.002240103,2.502525
20.41029,0.002967477,2.590073
20.43056,0.003779355,2.852295
20.44786,0.004215274,2.805672
20.46355,0.004215274,2.805672
20.47424,0.004215274,2.805672
20.48972,0.004235458,2.819809
20.50983,0.004296988,2.630447
20.53358,0.005329918,2.791176
20.55112,0.004438039,1.239426
20.57483,0.003464308,0.2656479
20.61055,0.005221367,0.3003769
20.62924,0.004955985,0.004570007
20.64789,0.005075626,0.4554291
20.66527,0.006432708,0.6034775
20.68321,0.006379675,0.5018539
20.70323,0.006441738,0.3817673
20.72268,0.006354216,0.1816406
20.74121,0.007119514,0.478096
20.75674,0.007435251,0.3597794
20.76913,0.007435251,0.3597794
20.78275,0.007435251,0.3597794
20.8184,0.007269271,0.07282257
20.84169,0.007370424,0.2590561
20.86155,0.007443313,0.003883362
20.88538,0.007619571,0.2805481
20.90928,0.006815579,2.606125
20.92871,0.006587222,4.218124
20.94228,0.007628776,4.053482
20.9562,0.007687721,4.541222
20.97358,0.007626224,4.079384
20.99395,0.008804958,4.473434
21.01691,0.008747254,3.928619
21.05951,0.01223455,2.934654
21.08658,0.01249522,2.803741
21.10979,0.01247903,2.923874
21.12821,0.01301013,2.586861
21.14243,0.01285614,2.20665
21.15484,0.01338826,2.035988
21.16881,0.0136165,1.552231
21.18545,0.0136165,1.552231
21.20351,0.01388895,1.040764
21.2227,0.01388895,1.040764
21.23888,0.01403096,1.573639
21.25223,0.01412458,0.7993011
21.26359,0.01416038,1.14164
21.27929,0.01422269,0.9222412
21.29625,0.01413701,0.538208
21.31261,0.01530315,0.2573166
21.32988,0.01583413,0.9599686
21.34639,0.01601715,0.7464676
21.3619,0.01657118,1.117264
21.37489,0.01701968,0.7503128
21.38737,0.01804764,1.14682
21.40431,0.01826041,1.459534
21.43826,0.0184641,1.021591
21.45589,0.01903479,1.446152
21.47304,0.01974806,1.414772
21.49217,0.02108883,2.419014
21.50713,0.02091924,0.9343414
21.52427,0.02144716,0.8330536
21.54115,0.02237934,1.71624
21.55883,0.02214534,1.012466
21.57419,0.02261813,1.308266
21.58562,0.02235426,0.9674225
21.6051,0.02251511,0.9138718
21.64277,0.02402308,1.698563
21.65772,0.02678395,2.193687
21.67328,0.02650485,2.065262
21.68882,0.02575493,1.329803
21.70454,0.02412827,0.08210754
21.72168,0.02400925,0.8186798
21.73853,0.02367306,1.719719
21.75558,0.02395261,2.212761
21.7711,0.02420523,1.786964
21.78703,0.0255296,1.624214
21.80579,0.02634318,2.080841
21.82004,0.02662154,2.606476
21.84738,0.02599232,3.543747
21.86491,0.02604019,4.302681
21.88162,0.02630785,4.814247
21.89783,0.02629729,4.789253
21.91537,0.0275917,4.790855
21.93505,0.02738957,4.7211
21.95355,0.02738957,4.7211
21.97021,0.02756606,5.044739
21.9868,0.02752183,4.84285
22.00274,0.0287555,4.559418
22.01785,0.02952007,4.992363
22.03201,0.02940776,4.868988
22.06262,0.02918655,6.124763
22.07938,0.02908977,6.407265
22.0987,0.02829337,7.379471
22.12382,0.02808319,7.91404
22.13711,0.02820937,7.696709
22.15266,0.02796078,8.322487
22.16686,0.02791562,8.444893
22.1829,0.0272603,8.540543
22.19954,0.0273029,8.718399
22.21802,0.02723108,8.83699
22.23498,0.02746532,8.766312
22.26861,0.02725509,8.915977
22.28687,0.02725509,8.915977
22.30292,0.02674047,8.93306
22.31679,0.02674047,8.93306
22.32814,0.02663964,8.993355
22.34319,0.02663849,8.922119
22.3582,0.02632085,9.0093
22.3756,0.02600222,8.889084
22.39411,0.02467618,7.564011
22.41139,0.02633595,7.264854
22.42885,0.02604581,6.129623
22.44501,0.02567074,5.754128
22.4687,0.02417475,4.150734
22.48376,0.02443085,3.939766
22.5017,0.02369006,3.137741
22.51763,0.02336985,2.423576
22.53442,0.02285317,1.870583
22.55141,0.02199352,1.290092
22.57097,0.02130673,1.028702
22.60476,0.02015287,0.562149
22.62655,0.01863896,0.8966827
22.64301,0.018224,0.9813004
22.66085,0.0174465,0.2038498
22.67844,0.01768946,1.093262
22.6945,0.01692605,0.2765579
22.71161,0.01692605,0.2765579
22.72607,0.01720921,1.183975
22.73972,0.01720321,1.473602
22.7533,0.0150463,0.5858612
22.76766,0.01510135,1.610252
22.78398,0.01433407,2.565361
22.80252,0.01112538,3.147285
22.82479,0.009362042,2.575371
22.84138,0.009332076,2.981964
22.85755,0.008181572,3.434174
22.87493,0.006649077,4.876892
22.90249,0.005644128,4.836197
22.92559,0.004617374,3.724426
22.94276,0.002917785,3.641518
22.95805,0.002350342,3.103767
22.97417,9.661913E-05,2.218353
22.98986,0.0004316047,2.527855
23.01353,0.0006911755,2.880005
23.03152,0.0005534738,2.590286
23.04377,0.0005534738,2.590286
23.05879,0.0002614483,2.078674
23.07658,0.0001026429,2.409317
23.09463,0.0002325587,1.971031
23.12038,0.0006876066,1.250381
23.13647,0.001800109,1.139832
23.14904,0.001685843,2.028847
23.1642,0.001737524,2.238861
23.18111,0.002150603,3.174927
23.19803,0.002155956,3.490082
23.21383,0.002038524,4.038773
23.22843,0.002306402,5.180145
23.24221,0.001993611,5.333031
23.25665,0.002147395,5.976089
23.27397,0.001626145,6.437393
23.30168,0.001920298,7.639488
23.33752,0.001877904,8.228973
23.35475,0.002070226,8.734825
23.36776,0.001990363,9.05114
23.38037,0.001715254,9.265282
23.39739,0.001715254,9.265282
23.41211,0.0009993501,8.865349
23.42863,0.0009644553,9.187798
23.44489,0.0009644553,9.187798
23.46126,0.000461489,9.504761
23.47563,0.0005058721,10.31117
23.48941,0.0003727525,10.20705
23.5016,0.001179896,11.43575
23.54737,0.002075776,13.30988
23.56729,0.002587661,14.01392
23.58545,0.002136394,14.16761
23.60188,0.001589324,14.48706
23.62453,0.001531512,14.76912
23.64256,0.001447961,15.14128
23.66002,0.001639865,15.65639
23.67706,0.001996897,16.01358
23.69276,0.0021732,16.27906
23.70902,0.002541184,16.70623
23.72929,0.002772272,17.07179
23.7454,0.003030293,17.27055
23.7597,0.003030293,17.27055
23.77308,0.003154263,17.3374
23.7848,0.003154263,17.3374
23.8001,0.003145017,17.31647
23.81672,0.003291532,17.43124
23.83293,0.003643371,17.97474
23.84571,0.003802452,18.02873
23.86391,0.006063458,20.54242
23.87704,0.005171843,19.90719
23.89125,0.006640799,21.02529
23.90818,0.007032294,21.38793
23.94235,0.009531058,23.93236
23.95992,0.009925865,23.21311
23.97669,0.009707358,23.38244
23.99356,0.009707358,23.38244
24.00891,0.01011861,23.2188
24.0266,0.01127083,23.77982
24.04423,0.01180355,24.52391
24.06352,0.01220598,23.98151
24.08324,0.01404358,25.3533
24.10071,0.01478268,26.08169
24.11792,0.01504396,26.02772
24.16092,0.01485804,26.91417
24.17603,0.01411298,25.19103
24.19277,0.01411298,25.19103
24.20901,0.01345284,24.31499
24.22773,0.01256618,23.03325
24.24469,0.01066135,21.4286
24.26157,0.009156659,20.58982
24.2772,0.00817414,20.32337
24.29173,0.008134667,21.33144
24.30207,0.00837696,21.81944
24.31761,0.005334068,20.1837
24.33398,0.004496481,19.76217
24.36428,0.00219088,18.94733
24.37933,0.002333283,19.81321
24.39283,0.002177451,20.43043
24.40669,0.001062628,19.8127
24.42311,0.0007409118,21.952
24.43879,0.0005322471,22.55034
24.45669,0.0006800182,22.31258
24.47189,0.001307074,22.1246
24.48391,0.001997046,21.94286
24.49906,0.001813464,22.32683
24.51856,0.001813464,22.32683
24.53152,0.002567463,22.0024
24.54647,0.002567463,22.0024
24.59551,0.004192989,21.64288
24.61571,0.004957531,21.44833
24.63261,0.004842043,21.60287
24.64892,0.005541522,21.57879
24.67044,0.009441204,21.81958
24.68712,0.01069272,21.80743
24.70303,0.01250755,22.34497
24.72138,0.01176614,24.21169
24.73405,0.01199436,24.07059
24.74882,0.01307682,23.59464
24.76668,0.01331023,24.01728
24.78045,0.01471267,35.91689
24.79564,0.01417436,35.60076
24.81378,0.01235481,25.57204
24.83139,0.01039506,27.47939
24.84705,0.01023994,27.68839
24.86461,0.01023994,27.68839
24.8821,0.01179243,34.85271
24.89947,0.009888053,27.63449
24.91601,0.009888053,27.63449
24.93188,0.01164671,34.59847
24.94388,0.01165062,34.44911
24.95722,0.01151535,34.20673
24.99014,0.01389638,33.97165
25.00665,0.01223584,24.22424
25.02459,0.01402426,33.5612
25.04121,0.01311537,33.20937
25.05644,0.0124218,32.96677
25.07417,0.01191117,32.73495
25.09249,0.01209269,32.62342
25.11035,0.01223843,32.55298
25.13177,0.01220486,32.45201
25.15075,0.01157389,32.24819
25.16707,0.01171034,32.15011
25.18859,0.01144111,31.96542
25.20576,0.01132364,31.82721
25.22389,0.01104267,31.76751
25.23796,0.01065333,31.65928
25.25468,0.01069456,31.61888
25.27118,0.01069456,31.61888
25.28623,0.01043453,31.47198
25.29926,0.01037082,31.43536
25.31329,0.01037082,31.43536
25.32828,0.01037082,31.43536
25.34423,0.01010895,31.27994
25.36152,0.009233992,30.8757
25.37865,0.0075553,30.21413
25.41318,0.001819003,18.21125
25.43098,0.004292506,29.1172
25.44513,0.002502095,15.2084
25.46122,0.001325574,14.62424
25.47849,0.0007055514,13.71313
25.49635,0.001169972,13.2462
25.51393,0.001380038,12.57555
25.53093,0.001634281,11.8265
25.5461,0.001743052,11.61263
25.56028,0.002853166,28.11394
25.57485,0.001936519,28.04316
25.58965,0.002425856,28.03213
25.62558,0.001929634,28.00166
25.6427,0.002380405,27.9906
25.65961,0.002418984,27.97259
25.67866,0.0003788657,9.41082
25.7127,0.0008546077,9.800812
25.72913,0.0008627884,9.995453
25.74569,0.001085074,27.54511
25.76307,0.002849129,27.65668
25.78032,0.005064602,27.63505
25.79773,0.005607304,27.67331
25.81617,0.006878208,27.73178
25.83311,0.00746749,27.74987
25.84663,0.008519263,27.7703
25.86108,0.010044,27.75219
25.8743,0.009793344,27.81742
25.88994,0.01103525,27.80156
25.90543,0.01103525,27.80156
25.92407,0.01121009,27.81589
25.94127,0.01189285,27.83537
25.95759,0.01139123,27.88081
25.97466,0.01195547,27.84502
25.98988,0.01195547,27.84502
26.00395,0.01122294,27.90479
26.03177,0.0110235,27.89036
26.04949,0.009439297,27.95157
26.06646,0.01027525,27.86775
26.08208,0.01106754,27.87964
26.0991,0.009400772,27.9103
26.11693,0.009295545,27.92963
26.13507,0.008943268,27.93425
26.15391,0.005792207,27.96492
26.17248,0.005197932,27.98312
26.19579,0.004599575,27.90941
26.21743,0.00268445,27.80221
26.23763,0.002864184,27.76517
26.25356,0.002409827,6.956978
26.26645,0.002622601,7.109955
26.28268,0.00339587,27.93803
26.29916,0.003534138,5.839661
26.31573,0.003588881,6.657372
26.33241,0.003588881,6.657372
26.34968,0.003773708,5.433189
26.36777,0.004231188,5.841171
26.38382,0.004231188,5.841171
26.39816,0.003286291,4.644142
26.41234,0.00342286,4.658348
26.42701,0.003286295,3.638718
26.46136,0.008930466,27.79969
26.47718,0.005906839,3.430099
26.4927,0.006028578,3.369514
26.50925,0.006324951,3.255562
26.5267,0.006833348,3.623764
26.54344,0.006513473,2.769112
26.55935,0.006513473,2.769112
26.5736,0.006699584,2.452377
26.5874,0.007174261,2.591789
26.60049,0.007366132,2.766457
26.62432,0.007830858,1.541611
26.64224,0.008475471,1.49823
26.67234,0.008895777,1.361725
26.68998,0.009448536,2.092209
26.71219,0.01043938,3.096367
26.72674,0.01043938,3.096367
26.74206,0.009813331,1.69371
26.75824,0.009813331,1.69371
26.77488,0.01011562,1.449234
26.79185,0.01033699,1.538124
26.80813,0.0103951,1.240219
26.82386,0.01215621,1.220634
26.83981,0.01243345,0.7277298
26.85428,0.0124897,0.5590591
26.89079,0.01400563,0.5791092
26.90627,0.01375964,0.05252075
26.92074,0.01565288,2.276093
26.93577,0.01569861,0.923317
26.9515,0.0168944,1.978149
26.96677,0.01577559,0.5883255
26.98409,0.01663575,0.7720337
27.00021,0.01715798,0.753334
27.01494,0.01842288,2.195877
27.02962,0.01865121,1.661385
27.04337,0.01885504,1.067146
27.05918,0.01885504,1.067146
27.09335,0.01967564,1.644577
27.10998,0.02046204,2.215797
27.12568,0.02046204,2.215797
27.1421,0.01990664,1.796356
27.16198,0.02159881,4.02504
27.17965,0.02114495,2.535019
27.19751,0.02266097,4.0756
27.22355,0.02375392,3.616165
27.2635,0.02354049,3.914993
27.28435,0.03162501,26.34307
27.2974,0.03262157,26.09658
27.31205,0.03268922,26.1863
27.32743,0.03341316,26.08219
27.34451,0.03449579,26.06639
27.36166,0.03472316,26.02685
27.3785,0.03518218,25.98371
27.39585,0.03587892,25.96155
27.41267,0.03601912,25.91487
27.42774,0.03616344,25.98695
27.44194,0.03645821,25.95834
27.45473,0.03645821,25.95834
27.46829,0.03645448,25.90243
27.49505,0.03657852,25.96767
27.51772,0.03789197,25.81001
27.5384,0.03784219,25.95162
27.55272,0.04031983,25.76568
27.56779,0.04031547,26.28332
27.58105,0.04319427,25.71787
27.59478,0.04358142,25.68849
27.61033,0.04391077,25.76772
27.62663,0.04428258,25.73346
27.64402,0.04499508,25.68238
27.6632,0.04633016,25.32659
27.67958,0.04673973,25.36644
27.70785,0.04831384,25.08064
27.72663,0.04863221,25.13459
27.74057,0.04928028,25.06248
27.75563,0.04972697,25.03793
27.77324,0.05034806,24.88091
27.78892,0.05052957,24.86399
27.80576,0.05047433,24.92039
27.82275,0.05047433,24.92039
27.84401,0.05066558,24.8614
27.86502,0.0506131,24.90548
27.8889,0.05057994,24.9318
27.91627,0.05091634,24.82189
27.93597,0.0509728,24.83933
27.95682,0.05051997,25.04924
27.97425,0.05071056,25.06698
27.99205,0.05041436,25.09339
28.00757,0.05017968,25.14296
28.02289,0.04972022,25.14847
28.03827,0.04932635,25.24454
28.0534,0.04890941,25.34783
28.06671,0.04894648,25.27814
28.0819,0.04823884,25.471
28.09843,0.04801569,25.53177
28.13203,0.04728237,25.74112
28.15171,0.04690834,25.80063
28.17132,0.04689631,25.79847
28.18832,0.04672558,25.84451
28.20668,0.04672558,25.84451
28.22556,0.04672558,25.84451
28.24156,0.04660158,25.88245
28.25663,0.04629105,25.96749
28.27246,0.04608624,26.01975
28.293,0.04432394,26.41053
28.31201,0.0431466,26.57162
28.33372,0.04290334,26.60297
28.35053,0.04192999,26.80012
28.36859,0.04205663,26.65696
28.38498,0.04108627,26.70066
28.39872,0.03968857,26.99273
28.41394,0.03895059,27.04729
28.43137,0.03863106,27.06126
28.44845,0.03830576,27.13981
28.46247,0.03810628,27.19049
28.47799,0.03821283,27.07918
28.49402,0.03782567,26.98087
28.51395,0.03568851,27.35389
28.53374,0.03556452,27.39148
28.5505,0.03451394,27.58005
28.56802,0.03451394,27.58005
28.58382,0.03451394,27.58005
28.59977,0.03467589,27.21585
28.61703,0.03257665,27.65692
28.63186,0.03162717,27.70555
28.64738,0.03007942,27.89655
28.66915,0.02723227,28.43436
28.68497,0.02504499,28.7429
28.69927,0.0243543,28.86249
28.72326,0.02296526,29.1476
28.74733,0.02208723,29.30691
28.76489,0.02124426,29.55946
28.80188,0.02037231,29.75359
28.81938,0.01973429,29.90139
28.8349,0.01931795,30.08291
28.85109,0.0191757,30.16056
28.8679,0.01885904,30.19847
28.88507,0.01860768,30.24693
28.90059,0.01842782,30.31163
28.91571,0.01822291,30.31472
28.93006,0.01822291,30.31472
28.94565,0.01796894,30.38184
28.95996,0.01729275,30.41066
28.97654,0.01662534,30.53908
28.99279,0.01646719,30.55836
29.01041,0.01596376,30.87477
29.02878,0.01497241,31.17925
29.04698,0.01421551,31.42396
29.06372,0.01368561,31.51844
29.08102,0.01334885,31.64055
29.09619,0.01334885,31.64055
29.10818,0.01334885,31.64055
29.12173,0.01314744,31.73382
29.14013,0.01280551,31.84094
29.1913,0.01197085,32.03211
29.21602,0.01164494,32.07092
29.22899,0.01152437,32.07992
29.24698,0.01059187,32.24569
29.26837,0.0110178,32.17844
29.28656,0.01078032,32.20726
29.30545,0.01058692,32.23876
29.32603,0.01058692,32.23876
29.34617,0.01010546,32.32257
29.37495,0.008516697,32.64125
29.39288,0.007939076,32.79724
29.40808,0.007592401,32.90358
29.42932,0.007229809,33.09402
29.44812,0.007397477,33.2922
29.46684,0.007366065,33.34238
29.48073,0.006814762,33.61244
29.50076,0.007187464,33.62346
29.5196,0.007291644,33.81427
29.53565,0.007441116,33.83122
29.54988,0.007567354,33.94442
29.56709,0.006844064,34.16604
29.57975,0.006761605,34.27478
29.59486,0.006971043,34.2789
29.61168,0.006767644,34.42653
29.63028,0.006566977,34.62696
29.64988,0.006687973,34.69733
29.66553,0.006687973,34.69733
29.68113,0.006712861,34.75611
29.69843,0.006841379,34.96302
29.71894,0.007452663,35.60206
29.73703,0.007452663,35.60206
29.75294,0.007636229,35.7718
29.77284,0.007636229,35.7718