0.9730355,0.008367138,10.03542
0.9883736,0.008217895,10.11441
1.006429,0.008075209,10.18717
1.029689,0.007886245,10.41259
1.05876,0.007729991,10.49031
1.080216,0.007570397,10.69056
1.099522,0.007505773,10.74748
1.118861,0.007352992,10.83752
1.140525,0.007129426,10.97944
1.157427,0.007064747,11.02314
1.179124,0.006906086,11.10527
1.197077,0.00670273,11.17138
1.217054,0.006465362,11.22125
1.236501,0.006234326,11.30451
1.260578,0.005980999,11.40859
1.280781,0.005725268,11.5067
1.299267,0.005429838,11.61196
1.317789,0.005259024,11.65794
1.336115,0.004871304,11.76759
1.354809,0.00449303,12.01132
1.37339,0.00410175,12.07633
1.407276,0.003522051,11.9804
1.425702,0.003128822,12.01508
1.441753,0.002750489,12.03375
1.456478,0.002411084,12.03064
1.474615,0.002098786,12.0202
1.493097,0.001961203,12.00843
1.509564,0.001678993,11.99571
1.525471,0.001563614,11.99283
1.542264,0.00140694,11.8159
1.564578,0.00136165,11.8126
1.580573,0.00145745,11.66331
1.596562,0.001545416,11.66868
1.615063,0.001770945,11.37259
1.632523,0.001911017,11.37451
1.650556,0.002220281,11.21856
1.669201,0.002555083,11.0535
1.685613,0.002880872,10.86448
1.701767,0.003012085,10.84357
1.717998,0.003218066,10.62871
1.736546,0.003306052,10.60285
1.754914,0.003506887,10.5598
1.774864,0.003742506,10.51386
1.793497,0.003951794,10.44572
1.811433,0.00414264,10.34699
1.829331,0.004308258,10.24067
1.848588,0.004389585,10.18066
1.869061,0.004631573,9.813057
1.886812,0.004690779,9.741262
1.904067,0.004839621,9.583962
1.920949,0.004988331,9.454236
1.938994,0.005054889,9.383096
1.956788,0.005166685,9.211556
1.979395,0.005328323,9.106146
2.005216,0.005418909,9.092066
2.028426,0.005483018,9.222643
2.051193,0.005512035,9.385043
2.069826,0.005536914,9.452594
2.088459,0.005590208,9.535618
2.107931,0.005639726,9.485972
2.128622,0.005673308,9.601729
2.149516,0.005666351,9.584065
2.167877,0.005614602,9.730377
2.186943,0.00552307,9.90274
2.205054,0.00540421,10.08814
2.224349,0.005259986,10.32884
2.239892,0.005192036,10.38715
2.253666,0.005077095,10.50378
2.269673,0.005025048,10.57287
2.28684,0.004921991,10.85723
2.303488,0.004806226,10.98661
2.320757,0.004756043,11.04266
2.338368,0.004676119,11.00729
2.356334,0.004623918,10.97244
2.375479,0.004608338,10.88432
2.396047,0.004580199,10.91829
2.414934,0.004585368,10.97103
2.431603,0.00458034,10.90477
2.450886,0.004557682,11.08228
2.470841,0.004528192,11.07345
2.489249,0.004516113,11.02202
2.509057,0.004493329,10.79282
2.528388,0.004439096,10.69901
2.568738,0.004272691,10.47452
2.585643,0.004233422,10.4239
2.604928,0.004124415,10.44444
2.623849,0.003985449,10.60751
2.643418,0.003847992,10.64451
2.660954,0.00374933,10.46249
2.675499,0.003676406,10.41903
2.695149,0.003612258,10.38972
2.7117,0.003577901,10.3801
2.726995,0.00352987,10.38139
2.744042,0.003520727,10.38743
2.761976,0.003513658,10.27847
2.77814,0.003495224,10.2834
2.793801,0.003492896,10.16131
2.814898,0.003513758,10.17262
2.833133,0.003556016,10.19424
2.850098,0.00355609,10.21419
2.868073,0.003538834,10.13793
2.885394,0.003542995,10.16094
2.904227,0.003603594,10.25091
2.922269,0.003659315,10.32485
2.940243,0.003687597,10.40136
2.958057,0.003705961,10.46695
2.971768,0.003712245,10.49548
2.98337,0.00371561,10.52172
3.001837,0.003710115,10.56937
3.020504,0.003698087,10.51597
3.040058,0.003704872,10.57181
3.066103,0.003719772,10.62699
3.085448,0.00365488,10.71474
3.1035,0.003633498,10.75122
3.122097,0.003594222,10.81248
3.13742,0.003554859,10.86058
3.152704,0.003500444,10.87705
3.171836,0.003348822,10.91201
3.190747,0.003192663,10.9211
3.213479,0.003041751,10.93081
3.231006,0.002881753,10.82982
3.247879,0.002780216,10.83262
3.268368,0.002495453,10.81893
3.28661,0.002411012,10.80893
3.301974,0.002236046,10.77454
3.319285,0.002146028,10.74054
3.337252,0.001978284,10.64751
3.355217,0.001866994,10.54143
3.374327,0.001842147,10.43289
3.391338,0.001899403,10.50086
3.405361,0.001949084,10.46042
3.422202,0.002088786,10.55863
3.452097,0.002387235,10.65132
3.468601,0.00249261,10.64078
3.486704,0.002716616,10.64965
3.504537,0.002919642,10.68513
3.526659,0.003113921,10.72363
3.543038,0.003302837,10.77062
3.563264,0.003487078,10.84495
3.582934,0.003580247,10.88172
3.602193,0.003819147,11.03264
3.62076,0.003962718,11.01862
3.6367,0.00404419,11.05998
3.663362,0.004347818,11.20832
3.681911,0.004462318,11.26954
3.713058,0.004765405,11.45845
3.729633,0.004950592,11.58216
3.749675,0.005105743,11.71003
3.76684,0.005270758,11.8259
3.785206,0.005351086,11.88024
3.803682,0.005526722,12.13452
3.821373,0.00571234,12.052
3.839101,0.005891639,12.11159
3.858719,0.006073975,12.06125
3.877391,0.006158301,11.91897
3.893718,0.006301298,11.93553
3.909615,0.006444009,11.59872
3.930327,0.006576538,11.3887
3.944744,0.006710139,11.30549
3.96114,0.006778066,11.25132
3.97398,0.00683315,11.18072
3.990288,0.006969192,11.01156
4.008574,0.007028758,10.92494
4.028314,0.007263965,10.62056
4.047218,0.007346003,10.50807
4.068846,0.007563702,10.15536
4.091617,0.007720829,9.901668
4.10662,0.007789861,9.786431
4.123179,0.007940884,9.402159
4.143511,0.008097637,9.474133
4.161346,0.008300616,9.388729
4.178125,0.00839807,9.433673
4.19594,0.008607465,9.704317
4.215178,0.00871521,9.768513
4.233285,0.008909309,10.29639
4.253113,0.009103342,10.59509
4.278582,0.009344936,10.78724
4.296483,0.009525064,11.17687
4.314262,0.009617348,11.16038
4.331855,0.009812579,11.03648
4.349199,0.009904672,11.19473
4.367412,0.01011559,11.0669
4.385117,0.01037555,11.02727
4.403495,0.01064656,11.17544
4.422915,0.01090873,11.39674
4.438186,0.01106346,11.50393
4.451802,0.01135025,11.67602
4.469504,0.01149802,11.59999
4.500959,0.0118431,11.83238
4.520661,0.01206472,11.81233
4.537727,0.01233681,11.91166
4.557352,0.01261362,11.99244
4.5799,0.01285275,11.80462
4.596412,0.01304611,11.70913
4.613589,0.01313703,11.55795
4.632936,0.01332429,11.41264
4.649741,0.01352564,11.39938
4.667484,0.01363228,11.39242
4.68587,0.01384997,11.34328
4.707315,0.01418329,11.22514
4.725719,0.01428256,11.16243
4.744783,0.01444996,10.93845
4.760534,0.01461748,10.61187
4.779449,0.01473226,10.51111
4.796273,0.01500717,10.46473
4.812849,0.01532375,10.38825
4.827734,0.01547118,10.59301
4.86613,0.01616591,10.6254
4.886464,0.01656205,10.78105
4.904904,0.01698196,10.84194
4.921479,0.01721901,10.81989
4.935719,0.01771422,10.99102
4.951909,0.01799071,11.0195
4.968859,0.01853834,11.14509
4.985971,0.01879545,11.22688
5.003583,0.01931172,11.49024
5.023791,0.01987863,11.51139
5.044995,0.02051966,11.20356