5.062243,0.05695245,3.76832
5.083675,0.05325636,3.919616
5.108308,0.05183003,3.834051
5.158591,0.05038771,4.030217
5.181821,0.04930332,4.094142
5.206144,0.04691257,3.784238
5.231051,0.04791265,4.020292
5.257264,0.04504913,4.215193
5.286125,0.04073934,4.289665
5.316524,0.0373421,4.463264
5.342282,0.03620666,4.478028
5.368368,0.03560952,4.562826
5.397548,0.03435893,4.677888
5.425475,0.03463888,4.311071
5.450624,0.03388708,4.311843
5.476041,0.03399798,4.280433
5.50119,0.03427775,4.212915
5.530803,0.03444168,4.203282
5.556283,0.03612125,4.025647
5.582154,0.03694616,3.871914
5.606862,0.03659588,3.804468
5.631705,0.0367004,3.709929
5.656476,0.03650698,3.761142
5.68196,0.03652605,3.799936
5.705933,0.0360668,3.709613
5.734257,0.03528981,3.579655
5.757786,0.03537361,3.647226
5.784426,0.03560934,3.673331
5.808316,0.03571716,3.640187
5.833123,0.03580328,3.633888
5.856515,0.03591529,3.690774
5.881999,0.03566498,3.75202
5.908232,0.0359944,3.778698
5.937181,0.03583362,3.833183
5.964418,0.03673081,3.92376
5.989562,0.03696488,3.948833
6.015203,0.03729272,3.989782
6.040173,0.03713883,4.390704
6.067083,0.03641663,4.514317
6.094006,0.03631476,4.999554
6.12232,0.0360532,5.026209
6.152249,0.03602922,4.982243
6.181893,0.03656182,5.128622
6.206241,0.03716632,5.288095
6.230643,0.03710042,5.314486
6.253854,0.03728814,5.349509
6.277412,0.03684963,5.29587
6.301655,0.0363597,5.479904
6.32783,0.03552491,5.93584
6.354177,0.0359288,5.867486
6.379049,0.03655365,6.066242
6.402942,0.03615059,6.187037
6.429506,0.03572454,6.255892
6.452635,0.0357467,6.280446
6.478562,0.03573054,6.201817
6.502323,0.0371172,6.31373
6.528426,0.03706365,6.303349
6.555817,0.03651912,6.285844
6.581725,0.03674589,6.337968
6.606993,0.03690687,6.377689
6.632393,0.03678689,6.358014
6.656637,0.03702817,6.444273
6.681047,0.03716265,6.461927
6.70783,0.03728808,6.422174
6.731347,0.03796882,6.738281
6.760666,0.03907508,6.969309
6.785738,0.03937972,7.152121
6.811259,0.03965454,7.248574
6.834663,0.03977071,7.261852
6.858934,0.03961471,7.280443
6.887936,0.04007697,7.292076
6.912313,0.03985495,7.425525
6.935747,0.03882143,7.595228
6.963307,0.03887474,7.553177
6.987028,0.03887474,7.553177
7.013495,0.03893088,7.570616
7.037061,0.03860935,7.650424
7.063875,0.03843467,7.643546
7.087919,0.03823376,7.535645
7.112517,0.03787319,7.468395
7.139078,0.03779156,7.747953
7.174885,0.0371361,7.81266
7.207761,0.03701017,7.922015
7.23538,0.03658023,7.893915
7.262612,0.03656704,7.861249
7.286244,0.03653795,7.946606
7.31232,0.0362821,7.928874
7.33828,0.03592519,8.031893
7.364966,0.03592519,8.031893
7.393524,0.03550278,8.012439
7.419655,0.03329681,7.697405
7.446816,0.03264851,7.651476
7.472239,0.03174896,7.655476
7.497129,0.030277,7.616359
7.545192,0.02956087,7.662062
7.569936,0.0293307,7.642032
7.59812,0.02885217,7.475014
7.622624,0.02838758,7.359888
7.650002,0.02848906,7.494362
7.679337,0.02872858,7.577663
7.70583,0.02865282,7.548186
7.733089,0.02874303,7.560759
7.760225,0.02859918,7.518125
7.78624,0.02826878,7.570253
7.815656,0.02684814,7.668334
7.842117,0.02761464,7.737257
7.866345,0.02772373,7.78084
7.89255,0.02766954,7.88461
7.916028,0.02760782,7.866565
7.940381,0.02734926,7.872177
7.96464,0.02657979,8.025536
7.989389,0.02630542,8.245932
8.016049,0.0253811,8.279438
8.041432,0.0251199,8.403053
8.066085,0.02502805,8.499556
8.093607,0.02491842,8.526893
8.122486,0.02452712,8.624069
8.157299,0.0246522,8.550653
8.186891,0.02396769,8.839292
8.218413,0.02371208,9.159913
8.252055,0.02424377,9.299145
8.283894,0.02432434,9.294198
8.314507,0.02433276,9.611634
8.341391,0.02461123,9.626513
8.365908,0.02525933,9.725445
8.39408,0.02531684,9.89223
8.422667,0.02536953,10.02864
8.452698,0.02548564,10.0641
8.480323,0.02527097,10.14022
8.505366,0.02541717,10.23608
8.530604,0.02530478,10.39565
8.553835,0.02533346,10.50062
8.579058,0.02562294,10.54723
8.602084,0.02538339,10.9044
8.627672,0.02568292,10.78945
8.65631,0.02550783,10.98351
8.682128,0.02542934,11.05978
8.708873,0.02437336,11.26266
8.734642,0.02406572,11.77677
8.761536,0.024657,11.86664
8.786938,0.02460767,11.90451
8.812458,0.02437422,11.91886
8.83524,0.02437422,11.91886
8.861302,0.02433812,11.95685
8.886629,0.0247099,11.94783
8.911845,0.024675,12.21053
8.934833,0.02445941,12.15307
8.959324,0.024224,12.51621
8.983384,0.02382686,12.50694
9.008413,0.02349983,12.59824
9.031825,0.02370234,12.80297
9.055093,0.02328297,12.69865
9.084458,0.02254077,12.81195
9.111107,0.02193549,13.00979
9.135619,0.02112162,13.16525
9.15991,0.02100358,13.2047
9.182877,0.02089797,13.24845
9.20914,0.02106889,13.144
9.234036,0.02075065,13.09622
9.262115,0.02054333,13.07761
9.292426,0.02035076,13.23072
9.319043,0.02044817,13.26284
9.347195,0.01839565,13.18183
9.370429,0.01739482,12.93772
9.394752,0.01697028,12.59225
9.420423,0.01665611,12.26421
9.446168,0.01659375,12.19026
9.470108,0.01609276,11.97311
9.498372,0.01578079,11.89178
9.521165,0.01578012,11.73203
9.546459,0.01578012,11.73203
9.569053,0.01580603,11.76748
9.593145,0.01578312,11.57452
9.617463,0.01584731,11.48299
9.64308,0.01566101,11.22435
9.667707,0.01520874,11.30456
9.696305,0.01396747,11.53712
9.726002,0.01424466,11.49823
9.751516,0.01450984,11.77393
9.778174,0.01428355,11.50143
9.802585,0.01423285,11.66942
9.828358,0.01415337,11.74603
9.851699,0.01417797,11.81835
9.876799,0.01420446,12.11362
9.924223,0.01429004,12.16523
9.950979,0.014203,12.1546
9.976205,0.01459048,12.34306
9.999228,0.01451812,12.35287
10.02616,0.01465918,12.57578
10.05283,0.01350732,13.10637
10.08009,0.01321786,13.15379
10.10804,0.01306282,13.33182
10.13303,0.01301645,13.66258
10.16368,0.01297918,13.80542
10.19058,0.01271293,13.93038
10.21483,0.01251712,14.15873
10.24065,0.01261675,14.32722
10.2664,0.01276219,14.32559
10.29479,0.01288822,14.37984
10.32148,0.01302004,14.21168
10.34855,0.01322177,14.23689
10.38075,0.01280773,14.61587
10.40686,0.0126975,14.80886
10.43215,0.01278859,14.55424
10.458,0.01252903,14.75717
10.48136,0.01237936,14.76987
10.50591,0.01242084,14.82371
10.52932,0.01196382,14.56773
10.55318,0.01136864,14.79609
10.58042,0.01142484,14.81733
10.60439,0.01142756,14.7646
10.62787,0.01170273,14.76749
10.65189,0.0116711,14.81423
10.67559,0.0116711,14.81423
10.70144,0.01167615,14.89923
10.72854,0.01108051,14.87327
10.7526,0.01115203,14.91146
10.77859,0.01168801,15.00465
10.80974,0.01309333,14.6298
10.83371,0.01318189,14.62664
10.8614,0.01317846,14.30401
10.88959,0.01340639,13.7786
10.91406,0.01449127,13.32856
10.94138,0.01469097,13.20083
10.96507,0.01502918,12.94691
10.99051,0.01531646,12.40736
11.01671,0.01560994,12.13739
11.04105,0.01560994,12.13739
11.06399,0.01569097,12.23529
11.08886,0.01549718,12.29623
11.11304,0.01528654,12.39685
11.13637,0.01524051,12.47772
11.16024,0.01478703,11.34621
11.18525,0.0147177,10.54021
11.21013,0.01485562,10.18673
11.23884,0.01410992,10.31364
11.2644,0.01313987,10.64231
11.28959,0.01429373,10.17465
11.31544,0.01409422,9.625492
11.34096,0.01459925,9.687324
11.3649,0.01473939,9.467866
11.39139,0.01503502,9.489743
11.41762,0.0152797,9.257289
11.44605,0.01574794,9.619465
11.47238,0.01502982,9.010509
11.49671,0.01454016,9.675953
11.52057,0.01578052,9.768996
11.54608,0.01563928,9.744572
11.57125,0.01551411,9.515146
11.59459,0.01547139,9.401344
11.61864,0.01552686,9.385693
11.64559,0.01580162,9.475938
11.66912,0.01601292,9.421559
11.69484,0.01582722,9.418387
11.72019,0.01577676,9.46149
11.74378,0.01590455,9.47994
11.76722,0.01579655,9.54524
11.79092,0.01579655,9.54524
11.81476,0.01584319,9.612003
11.84185,0.01565106,9.662167
11.86866,0.0157546,9.893363
11.89768,0.01607357,9.917662
11.92377,0.01545621,9.87705
11.94753,0.01566922,9.891733
11.97177,0.01617543,9.971272
11.99568,0.01650185,10.00117
12.02035,0.01680985,10.02336
12.04378,0.01617304,9.89537
12.07105,0.01644661,9.858458
12.09542,0.01647924,9.874581
12.11851,0.01674399,9.857021
12.14447,0.01674399,9.857021
12.16881,0.01752838,9.95807
12.19356,0.01852137,10.34758
12.21818,0.01794568,10.07607
12.26762,0.01808803,10.19231
12.29566,0.01811037,10.24261
12.3204,0.01801663,10.42298
12.34573,0.01814241,10.45848
12.37363,0.01750729,10.48492
12.398,0.01753054,10.38148
12.42987,0.0175676,10.3203
12.45629,0.01703804,10.67297
12.47897,0.01709452,10.74589
12.50902,0.016868,10.81438
12.53454,0.01638152,10.89649
12.55858,0.01641971,11.05328
12.5857,0.01606328,11.68213
12.61023,0.01569094,11.83856
12.63418,0.01533639,12.02408
12.65901,0.01532409,12.16543
12.68457,0.01546748,12.27347
12.71167,0.01588989,12.3686
12.73641,0.01574936,12.39962
12.76187,0.01544683,12.57984
12.78966,0.01537542,12.73561
12.81251,0.01522605,12.80159
12.83623,0.01520122,12.84068
12.86084,0.01511686,12.86109
12.88933,0.01504781,12.88209
12.91652,0.01511264,13.1816
12.94313,0.01459606,13.4413
12.96815,0.01397926,13.6413
12.99286,0.01362739,13.76975
13.01697,0.01351187,13.83943
13.04329,0.01351187,13.83943
13.06956,0.01302922,13.86732
13.09683,0.01289945,13.9567
13.12778,0.01293724,14.03495
13.15557,0.01260653,14.06084
13.18223,0.01193253,14.17955
13.20852,0.01171336,14.19944
13.23159,0.01171336,14.19944
13.25455,0.0118018,14.09599
13.27885,0.0118787,13.84162
13.3085,0.01195119,13.90384
13.34196,0.01061817,14.02954
13.37318,0.009775824,14.09016
13.40186,0.009431032,14.39696
13.43208,0.00887426,14.58374
13.45781,0.008690345,14.67013
13.48058,0.00872374,14.78835
13.50584,0.008709195,14.92546
13.5317,0.008613082,15.10229
13.56331,0.008409451,15.21696
13.59131,0.008325956,15.25544
13.61873,0.008306084,15.3087
13.64612,0.008293787,15.37581
13.6753,0.008227816,15.41542
13.70213,0.008304195,15.63939
13.72786,0.008057266,15.75569
13.75134,0.007740543,15.92221
13.78001,0.00775243,15.98007
13.80378,0.007688485,16.01189
13.82827,0.008002398,16.27865
13.85341,0.007787674,16.58224
13.8819,0.007886942,16.60219
13.91278,0.007900206,16.59982
13.93879,0.007802592,16.64077
13.96742,0.007907279,16.66249
13.99952,0.0077086,16.7424
14.02694,0.007554604,16.82833
14.05089,0.007677982,16.92835
14.07584,0.007893092,16.98534
14.10153,0.008378573,16.84621
14.126,0.008359966,16.98092
14.14929,0.008447163,16.91294
14.1739,0.008181752,16.92134
14.20616,0.008412403,16.94201
14.23239,0.008150615,16.82229
14.25796,0.008784487,16.86797
14.28695,0.008301019,17.10554
14.31399,0.008295666,17.17801
14.34033,0.007550729,17.08518
14.36558,0.007371221,17.13313
14.39172,0.007210266,17.1715
14.42066,0.00726861,17.23856
14.44427,0.006551564,17.56497
14.47192,0.006945305,17.87563
14.49824,0.005829991,18.01832
14.52613,0.003974305,18.21855
14.55279,0.002877474,18.30807
14.58061,0.002576534,18.30664
14.60798,0.001824599,18.4607
14.6666,0.001350872,18.50649
14.6911,0.001177465,18.51367
14.71262,0.001177465,18.51367
14.73714,0.001134059,18.61596
14.76068,0.001029795,18.89919
14.78647,0.0005528704,19.28452
14.81171,0.0007199975,19.05216
14.83979,0.0008027185,19.0017
14.86193,0.001330298,18.97258
14.88605,0.001244421,18.95793
14.90865,0.001244989,18.95763
14.93764,0.001450965,19.03037
14.96167,0.001415892,19.0585
14.99253,0.001615232,19.14754
15.01777,0.001748704,19.22045
15.04483,0.00173377,19.21383
15.07136,0.001757168,19.34417
15.09386,0.001757168,19.34417
15.11726,0.001744691,19.35427
15.14005,0.001448161,19.44494
15.1626,0.001658642,19.62804
15.19093,0.001884001,20.0345
15.21625,0.002240633,20.11682
15.24391,0.003109305,20.22702
15.27455,0.003840909,20.55395
15.29959,0.004469453,20.66173
15.3254,0.004868697,20.65832
15.34948,0.004777695,20.88644
15.37262,0.004572168,21.12322
15.39603,0.004402551,21.19537
15.42197,0.004432664,21.16414
15.44825,0.004392612,21.23294
15.47678,0.004464445,21.27102
15.50767,0.004242243,21.90966
15.53347,0.004423605,22.54553
15.55795,0.005506503,22.85092
15.58315,0.006392639,23.07713
15.60634,0.006392639,23.07713
15.62836,0.008491942,23.38038
15.65404,0.01020717,23.76529
15.68147,0.01188928,24.12803
15.70747,0.01254672,24.37658
15.73245,0.01249838,24.4046
15.758,0.01265045,24.56447
15.78227,0.01279981,24.65667
15.80813,0.0128454,24.72672
15.83491,0.01298207,24.73824
15.85973,0.01336083,24.85072