2.65333,0.01246242,28.81862
2.6734,0.01278233,28.92741
2.698884,0.01244165,28.95258
2.724374,0.01217799,28.95287
2.751175,0.01196372,28.72639
2.775932,0.01190895,28.57741
2.800854,0.01133681,28.44527
2.825583,0.01113834,28.43078
2.852536,0.01114994,28.40406
2.879206,0.01211915,27.84627
2.905353,0.01230916,27.71516
2.930656,0.01238818,27.65132
2.955847,0.01238818,27.65132
2.980545,0.01238386,27.68025
3.007256,0.01248586,27.40365
3.034557,0.01218298,27.27739
3.063178,0.01234232,27.00039
3.091192,0.01263552,27.12548
3.116874,0.01263552,27.12548
3.13946,0.01321101,27.05389
3.212256,0.0134259,27.03614
3.234918,0.01363469,27.03077
3.26048,0.01375304,27.18513
3.283793,0.01378858,27.17917
3.305918,0.01395123,27.20655
3.333258,0.01402563,27.19569
3.357588,0.01410114,27.21095
3.383907,0.01446412,27.24454
3.406802,0.01541898,27.57128
3.432849,0.01551732,27.69186
3.455781,0.0154785,27.71861
3.4833,0.01580758,27.70322
3.505134,0.0159011,27.73979
3.529952,0.01628013,27.79554
3.553029,0.01627188,27.9392
3.577129,0.01621303,28.05182
3.602525,0.01653411,28.11407
3.625229,0.01674293,28.1486
3.649584,0.01668605,28.0907
3.671946,0.01673203,28.10811
3.699211,0.01676345,28.12698
3.720669,0.01678461,28.13257
3.743846,0.0170067,28.19524
3.770447,0.01708093,28.22943
3.792685,0.0178914,28.38639
3.816384,0.01827945,28.4677
3.838425,0.01848531,28.813
3.862254,0.01749093,28.81673
3.885036,0.01672476,28.95272
3.910536,0.01656242,28.95433
3.936207,0.0163219,29.01412
3.958181,0.01611438,29.11924
3.980996,0.01610144,29.24067
4.003577,0.01626696,29.18114
4.025421,0.01621056,29.18629
4.048932,0.01615757,29.19067
4.071822,0.01628973,29.16581
4.096075,0.01616474,29.22198
4.122131,0.01580312,29.29698
4.146841,0.01514153,29.15521
4.170395,0.01494129,29.22103
4.194765,0.01464895,29.29243
4.222285,0.01477733,29.26157
4.245149,0.01465726,29.23784
4.271077,0.01465718,29.29606
4.296945,0.01475674,29.39694
4.32198,0.01494377,29.40668
4.344668,0.01507823,29.50454
4.368341,0.01508844,29.60871
4.419085,0.01503742,29.70743
4.446943,0.01503742,29.70743
4.471479,0.01509978,29.79002
4.497023,0.01516998,29.81693
4.525459,0.01560178,29.82034
4.550906,0.01546836,29.95898
4.579248,0.01569263,29.99086
4.604398,0.01582877,29.99958
4.627512,0.01577624,29.86072
4.65231,0.01584791,29.91802
4.6763,0.01584797,29.9848
4.700857,0.01594597,30.04511
4.729605,0.01606323,30.11433
4.75695,0.0163171,30.25416
4.784512,0.01632682,30.27584
4.81173,0.01641713,30.29265
4.836317,0.01705435,30.36385
4.861296,0.01835436,30.77972
4.885169,0.01871399,30.94984
4.91152,0.0177593,30.92305
4.941424,0.0176247,30.98895
4.96646,0.01765168,31.13275
4.990716,0.01789988,31.22429
5.017441,0.01811262,31.31562
5.040635,0.01811584,31.31256
5.06727,0.01817498,31.38923
5.090853,0.01801196,31.35746
5.116704,0.01851357,31.64458
5.14256,0.01849585,31.59857
5.16781,0.01849585,31.59857
5.19276,0.01862356,31.70528
5.218823,0.01782043,31.81207
5.247296,0.01760222,31.95529
5.27363,0.0173682,31.9419
5.298851,0.01688854,32.09381
5.323926,0.01686217,32.19081
5.353068,0.0168521,32.1722
5.378774,0.01648293,32.21399
5.403499,0.01664438,32.38041
5.427525,0.0168154,32.28374
5.452093,0.01678749,32.37345
5.477962,0.01668038,32.59385
5.502855,0.01668038,32.59385
5.526906,0.01698197,32.65568
5.555069,0.01732774,32.62557
5.582762,0.01758542,32.61598
5.607823,0.01761511,33.00826
5.633123,0.01816433,33.12092
5.656326,0.01796533,33.1201
5.681583,0.0181862,33.23309
5.705992,0.01810015,33.41846
5.731355,0.01858454,33.5209
5.762222,0.01844773,33.56502
5.791969,0.01870508,33.65722
5.822087,0.01989175,33.98594
5.853477,0.02037716,34.04265
5.878643,0.02041264,34.05882
5.90108,0.0202364,34.05759
5.924976,0.02024537,34.19586
5.951323,0.00544576,30.1974
5.982562,0.004876871,29.5436
6.006888,0.004693966,29.71922
6.032588,0.004134759,29.15038
6.057642,0.003531806,27.45644
6.083063,0.003299296,27.84452
6.108616,0.002933182,27.20823
6.134021,0.002145119,26.51711
6.158871,0.001360055,25.62339
6.187435,0.001110721,26.41994
6.21285,0.0004559085,26.62313
6.23598,0.0004559085,26.62313
6.260994,0.0001527108,26.10608
6.287663,0.000447534,26.13861
6.316864,0.0008104704,25.16666
6.346838,0.002273101,23.30428
6.373763,0.003575914,22.85026
6.403171,0.004183151,22.03532
6.427217,0.004613765,21.10029
6.451841,0.005350456,19.15244
6.480993,0.006840002,17.78039
6.507997,0.007096067,16.50305
6.533701,0.007791273,15.34253
6.559913,0.008321416,14.45175
6.590903,0.00866124,13.96579
6.623021,0.008580074,13.98936
6.646751,0.008696634,13.34698
6.666654,0.009035211,13.05061
6.680137,0.009477071,12.76678
6.693043,0.009571411,12.43063
6.709026,0.009619575,11.55006
6.725021,0.009708058,11.60953
6.740171,0.009526901,10.0058
6.756554,0.009621385,9.640228
6.775393,0.009620275,9.483665
6.7978,0.009678602,8.106834
6.823119,0.009844285,8.014893
6.845497,0.009946082,7.202965
6.867281,0.009941623,6.788445
6.894572,0.01012911,6.479485
6.916987,0.009979352,5.174103
6.938859,0.01009533,5.217583
6.959389,0.01011982,5.090851
6.979722,0.01007055,5.271744
6.997993,0.01010228,5.301949
7.01826,0.01000741,5.443123
7.037501,0.01009765,5.243408
7.057379,0.00959209,5.316551
7.078856,0.008979451,5.499565
7.098979,0.008896831,5.15242
7.11894,0.008715004,4.581177
7.139888,0.008128278,3.227295
7.159855,0.008423273,3.640831
7.184312,0.009255949,2.916237
7.230975,0.008279778,1.796654
7.259119,0.008385111,1.385635
7.282037,0.008625768,0.9522324
7.306014,0.008998867,0.5386429
7.332934,0.009251799,0.320076
7.358563,0.009008624,0.427124
7.384105,0.009229176,0.1720657
7.41047,0.008967683,0.4833298
7.438572,0.008777205,3.536743
7.468344,0.008807812,6.297401
7.491906,0.009275839,5.922173
7.516423,0.009557921,6.220474
7.54038,0.009790946,6.704987
7.566404,0.01041035,8.488075
7.590712,0.01041035,8.488075
7.615395,0.01071157,8.877205
7.641344,0.01101921,8.956955
7.669827,0.01097196,10.14523
7.697313,0.01110375,10.61876
7.72076,0.01106574,10.9003
7.747315,0.01118943,10.84108
7.771552,0.01150072,11.08926
7.800983,0.01219787,11.03453
7.826426,0.01364353,9.717766
7.852814,0.01385612,9.755913
7.883412,0.01419215,10.14268
7.910391,0.01399174,10.60917
7.935529,0.01413658,10.67616
7.961924,0.01416093,10.40078
7.984634,0.01448371,10.25405
8.009596,0.0143407,10.55974
8.034277,0.01422152,11.06409
8.058691,0.0143849,11.48675
8.088003,0.01447616,11.36784
8.115206,0.01445095,11.70665
8.143323,0.0149549,12.06793
8.169691,0.0146339,11.95789
8.200431,0.01414041,13.6346
8.227893,0.01422555,14.18103
8.25344,0.01283275,14.1646
8.282161,0.01258897,14.65662
8.314301,0.01213204,17.33694
8.343939,0.01132719,16.45865
8.372665,0.01269435,17.92059
8.400855,0.01194513,16.69091
8.433817,0.01234949,16.97784
8.464634,0.01217866,17.19004
8.492759,0.01199709,17.36089
8.522781,0.01233087,16.79718
8.549289,0.01287407,16.75609
8.579764,0.01383394,16.45036
8.606927,0.01431558,15.36572
8.633781,0.01507131,14.9704
8.662257,0.01591178,14.54834
8.686646,0.01685726,15.66739
8.712981,0.0171013,16.4325
8.744236,0.01795067,17.20064
8.773065,0.01864946,18.12843
8.802443,0.01865466,18.30718
8.829666,0.01873352,18.48409
8.856544,0.01886612,18.48371
8.886058,0.01915863,18.67246
8.914277,0.01920082,19.60548
8.950687,0.02000841,21.94666
8.98289,0.02007866,23.36782
9.012237,0.02033556,22.88762
9.038337,0.02016529,23.17139
9.067083,0.01960551,22.22878
9.095219,0.01917375,21.35778
9.122243,0.01814467,20.50931
9.15244,0.01756928,20.39919
9.180242,0.01733134,20.32285
9.205089,0.01733134,20.32285
9.230078,0.01708145,19.49328
9.255839,0.01432022,14.20718
9.283436,0.008513555,11.45796
9.31375,0.004080001,12.1664
9.340237,0.003293961,10.92368
9.370936,0.001180939,11.14037
9.399996,0.0002061948,10.18919
9.428227,0.000440333,9.731827
9.454461,0.001054902,8.903229
9.485269,0.003891863,8.864548
9.512348,0.004419625,8.96933
9.536702,0.004419625,8.96933
9.562435,0.004874751,9.16169
9.59261,0.004940115,9.065796
9.619946,0.009412318,10.03531
9.646763,0.003076836,7.33519
9.675194,0.004289344,7.529198
9.702717,0.003907207,7.100975
9.730599,0.005471829,8.149925
9.75801,0.005649284,8.839577
9.78468,0.004755735,8.517494
9.816442,0.004081689,8.854599
9.845015,0.00327212,8.330421
9.8743,0.002458952,8.824753
9.904973,0.001897812,9.128029
9.938893,0.001926862,9.530914
9.967609,0.001155578,9.968399
9.99826,0.001701478,9.058174
10.0293,0.0007827915,10.65069
10.0566,0.0002798773,10.94334
10.08447,0.0002294965,11.67301
10.11321,0.0006243214,12.05355
10.13919,0.0006368086,11.94386
10.16458,0.0007871091,12.92542
10.19118,0.001256168,13.84181
10.21686,0.001776099,13.5452
10.27932,0.00231633,15.02869
10.30499,0.00231633,15.02869
10.33021,0.002550039,15.03975
10.35464,0.002789114,14.60531
10.38084,0.002896089,15.33421
10.40691,0.002065569,16.06256
10.43698,0.001902498,16.38743
10.46797,0.00250243,17.18282
10.49974,0.004286822,16.5701
10.52638,0.004411142,17.04807
10.55233,0.0048193,18.26758
10.58095,0.005385872,18.21075
10.60843,0.005577732,18.79778
10.63399,0.0053555,18.84914
10.66065,0.005422495,19.14399
10.69053,0.005422495,19.14399
10.71353,0.005405534,20.24849
10.73696,0.005384773,22.56349
10.76316,0.005651135,21.51595
10.78608,0.005794413,21.85511
10.81045,0.006542739,21.37809
10.83408,0.007278956,20.9131
10.85889,0.007795513,22.147
10.88445,0.008362241,22.40881
10.91437,0.008679371,23.08099
10.93979,0.009838954,21.85456
10.96741,0.01020747,22.52045
10.99378,0.01046579,21.749
11.02084,0.01056283,21.96846
11.05009,0.01056283,21.96846
11.07731,0.01068543,21.75193
11.10187,0.01148857,21.57629
11.13018,0.01316107,21.32211
11.1556,0.01339253,22.08085
11.18019,0.01423255,22.83839
11.20489,0.01393262,23.54156
11.23054,0.0134137,25.22573
11.25424,0.01240221,26.05115
11.27947,0.01115057,26.97468
11.30363,0.01100129,27.1612
11.33151,0.01112266,27.75872
11.35616,0.01060231,28.56541
11.38092,0.01060231,28.56541
11.40546,0.01060231,28.56541
11.4285,0.01028268,28.59053
11.45494,0.009946812,29.12119
11.4817,0.00902836,30.64053
11.50646,0.008005701,30.50508
11.537,0.005640261,32.34716
11.56324,0.005387302,32.58444
11.5867,0.005310789,32.92972
11.61164,0.005070448,33.97586
11.63646,0.005065121,34.0591
11.6616,0.005372286,33.75052
11.68495,0.005515605,33.49625
11.71139,0.005391963,34.0011
11.74948,0.005130168,34.26044
11.77603,0.005155239,34.63131
11.79942,0.005058967,34.74206
11.82393,0.005283318,34.19254
11.84873,0.00526863,33.77779
11.87534,0.005002223,34.91091
11.89889,0.004797399,35.17479
11.92416,0.004464168,34.78458
11.95134,0.005158737,34.83189
11.97761,0.006059781,36.14114
12.00331,0.006826267,35.8793
12.029,0.007496249,36.12266
12.05674,0.007611413,36.33133
12.08151,0.007488202,36.50659
12.11017,0.007967331,36.40802
12.13727,0.007967331,36.40802
12.16454,0.008374445,36.52387
12.19038,0.008093972,37.23868
12.21536,0.008090559,38.36761
12.24201,0.009693224,37.78112
12.26705,0.009715308,38.16827
12.2922,0.00956865,38.2919
12.31675,0.009357776,38.93323
12.34328,0.008856621,39.77238
12.37099,0.008333966,39.97502
12.3955,0.007249486,40.54129
12.42136,0.006375492,40.97501
12.44542,0.005052458,41.29691
12.469,0.00476861,41.22131
12.49435,0.004814327,41.19691
12.52201,0.004370473,40.9798
12.54577,0.004048705,41.28125
12.57949,0.002837654,41.20627
12.60422,0.002270095,41.26468
12.63087,0.0001737252,41.46259
12.65566,0.000111375,41.26425
12.67904,0.0002144948,41.12352
12.70339,0.0005055852,41.04335
12.72728,0.0005501471,41.12497
12.75478,0.0006406307,40.84314
12.78306,0.001850825,40.02452
12.8113,0.000711441,38.97951
12.83471,0.0007408895,38.79535
12.86039,0.001127597,38.69119
12.88327,0.001006953,38.26506
12.90946,0.0004139319,37.78623
12.93646,0.0006346032,36.70366
12.96417,0.0005495176,35.87
12.99225,0.0006320626,35.94368
13.01686,0.001063608,34.69549
13.04438,0.001883674,33.74382
13.07209,0.002627991,32.73576
13.09905,0.002366297,31.78313
13.12886,0.002402332,31.693
13.1541,0.002845448,30.67792
13.20516,0.003079157,28.79416
13.23236,0.003079157,28.79416
13.26024,0.003079157,28.79416
13.28529,0.003193907,28.43509
13.31116,0.003878988,28.34627
13.33575,0.004173167,28.19983
13.3628,0.004173167,28.19983
13.38985,0.005161401,26.38951
13.41465,0.006055567,27.47159
13.44446,0.00546553,26.24793
13.46934,0.005357873,26.59792
13.49411,0.005493686,26.47922
13.52015,0.005511019,27.2076
13.54514,0.005491145,27.88371
13.57166,0.005555607,27.79787
13.59808,0.005615279,27.73066
13.62438,0.00554448,27.46382
13.65066,0.005633123,27.54335
13.67556,0.005846757,29.16884
13.69878,0.007663544,28.08351
13.7244,0.007981375,29.87241
13.74946,0.008405332,31.53723
13.77444,0.00912375,32.23543
13.79799,0.009491347,31.33542
13.82329,0.009422582,31.65942
13.84796,0.009300329,32.2062
13.88054,0.00972528,34.90633
13.90448,0.009701628,35.60866
13.92753,0.009936824,36.10324
13.95265,0.009936824,36.10324
13.97729,0.01011506,36.40646
14.00138,0.01019998,35.70719
14.02586,0.01042566,35.98535
14.0488,0.01099264,36.33131
14.07888,0.01116578,36.8294
14.10439,0.01147372,35.06952
14.13091,0.01103855,36.06826
14.15858,0.01032646,36.21947
14.18286,0.009369303,37.87724
14.20887,0.008527368,38.93456
14.23302,0.007207252,40.1714
14.25927,0.00576831,41.5629
14.2863,0.005086254,41.3438
14.31097,0.004575919,41.60535
14.33762,0.004415296,41.2048
14.36254,0.004265606,40.90407
14.38924,0.003514916,42.20389
14.41237,0.002720457,41.83659
14.43769,0.001230571,42.73358
14.46209,0.0009249859,42.79225
14.49109,0.001476664,42.57045
14.51631,0.003633,41.70547
14.54133,0.002932515,41.46552
14.56726,0.003634017,41.87741
14.59688,0.003590651,40.61447
14.623,0.003666189,40.43881
14.64707,0.003666963,40.15819
14.67498,0.003614169,39.5083
14.70323,0.00353732,38.95399
14.72564,0.003333136,39.01216
14.7506,0.003207762,38.70177
14.77663,0.00304991,41.79457
14.80081,0.002318196,42.24287
14.8251,0.0006004423,39.34401
14.84877,0.003267366,33.5141
14.87657,0.003839966,33.23422
14.90447,0.004799876,33.38506
14.92743,0.005923085,31.95231
14.95241,0.006244943,31.30349
14.97793,0.006895859,31.71888
15.00358,0.008282982,32.47096
15.02892,0.00856889,33.51157
15.05458,0.008594953,34.07182
15.07857,0.008859955,34.44801
15.10955,0.009214923,34.14539
15.13538,0.009486981,34.54566
15.1613,0.01046637,34.73383
15.19,0.009845946,37.02647
15.21504,0.009920754,37.00398
15.24127,0.009062976,38.84328
15.26474,0.009177793,38.74547
15.28969,0.008850962,38.90448
15.31768,0.007873852,39.25285
15.34336,0.006542165,39.96036
15.36824,0.005422059,39.61514
15.39283,0.004921447,39.19933
15.41925,0.004695591,39.30466
15.44458,0.00463536,39.45934
15.47125,0.004003182,40.05502
15.49744,0.002379939,41.55339
15.5259,0.002456408,39.98283
15.54976,0.0007661469,44.27606
15.57631,0.001953926,45.19954
15.59994,0.002741095,45.58957
15.62524,0.003433786,46.13657
15.65117,0.003819227,46.42319
15.67509,0.004425507,47.23808
15.70229,0.005485844,48.77544
15.72959,0.00603893,49.52437
15.75567,0.005606074,49.22118
15.7787,0.005897995,49.62729
15.80334,0.006119892,50.02461
15.82906,0.006121818,50.31944
15.85244,0.005998183,50.85558
15.87644,0.006201427,50.63828
15.90007,0.006541703,51.41473
15.92609,0.006611854,51.59712
15.95365,0.01018943,45.55545
15.97737,0.009218518,57.08397
16.00363,0.01099194,44.60779
16.02961,0.01074725,44.14778
16.05553,0.009433512,60.37987
16.1096,0.009410325,60.24063
16.13495,0.0100109,42.94232
16.1646,0.009971296,42.85626
16.1901,0.009971296,42.85626
16.21635,0.01003062,42.92684
16.24319,0.01012186,42.56857
16.27515,0.009813402,41.74979
16.30805,0.009550589,41.54307
16.33381,0.009324937,41.00148
16.35807,0.00922697,40.81197
16.38552,0.009552568,40.85894
16.40917,0.009694383,40.69549
16.43739,0.009741503,40.40152
16.46147,0.00964395,40.45728
16.48516,0.009842232,40.79783
16.51085,0.00996859,40.44032
16.53865,0.00995889,40.34731
16.56423,0.009927896,40.30965
16.59384,0.009913934,40.29668
16.61757,0.009924962,40.28913
16.64064,0.01006767,40.37038
16.6689,0.009527213,40.13659
16.69421,0.009651106,40.07719
16.71817,0.009229837,40.19395
16.74453,0.009414141,39.93298
16.77226,0.009547807,39.89547
16.80185,0.009312279,40.24199
16.82654,0.009458278,40.25151
16.85104,0.009231455,40.51888
16.87521,0.009022138,40.67838
16.8994,0.009022138,40.67838
16.92382,0.008852696,40.74439
16.9487,0.008685489,40.77431
16.97514,0.008578779,40.68694
17.00225,0.008492938,40.66546
17.02893,0.008726939,40.45917
17.05619,0.008797366,40.69183
17.08025,0.008844347,40.88051
17.11012,0.008977517,40.64654
17.13604,0.009127224,40.53995
17.16257,0.009267936,40.67778
17.18975,0.009447593,40.65021
17.21717,0.009408638,40.59201
17.24247,0.009689441,40.45629
17.26828,0.009689441,40.45629
17.29138,0.009710032,40.46083
17.315,0.009885618,40.64888
17.34108,0.009529443,40.80854
17.36494,0.009314761,40.28615
17.38967,0.00952544,40.86269
17.41519,0.009644989,40.28839
17.44356,0.00968572,40.19679
17.46615,0.009600795,40.45325
17.49001,0.009673935,40.47135
17.5149,0.009661953,40.23217
17.54168,0.009612287,40.18835
17.56554,0.009778446,40.34436
17.59093,0.009971322,40.20503
17.61744,0.01006288,40.19746
17.64545,0.01006288,40.19746
17.67213,0.01011725,40.25121
17.69847,0.009957909,40.33364
17.72413,0.01007486,40.31803
17.74867,0.009968298,40.31587
17.77593,0.009766536,40.347
17.80017,0.008951603,40.40271
17.82322,0.008989492,40.36811
17.85117,0.008954368,40.37491
17.87641,0.009193933,40.29858
17.90176,0.009330723,40.11687
17.92805,0.009045188,40.11415
17.95522,0.008626957,40.11837
17.98095,0.008887231,39.98314
18.00751,0.008939879,39.90406
18.0334,0.008954125,39.88832
18.06277,0.008817334,39.74869
18.09164,0.008775502,39.8269
18.11712,0.008693366,39.9669
18.14247,0.00902973,40.20713
18.16788,0.008946295,39.97645
18.19147,0.004369523,60.90768
18.21759,0.003673892,60.6595
18.24528,0.003886245,60.17654
18.27415,0.003529463,59.51413
18.30122,0.002877388,57.9811
18.32657,0.002571609,57.61042
18.35065,0.002567317,57.12868
18.37463,0.002379958,56.68998
18.39847,0.002723392,56.86559
18.42261,0.00276887,55.81886
18.44975,0.009611662,40.0955
18.47729,0.002681974,54.98867
18.50251,0.00945812,40.16087
18.52591,0.001788624,54.14492
18.55347,0.001239054,52.24977
18.58072,0.001268625,51.12809
18.60878,0.0009376667,50.01479
18.63652,0.0009563938,50.04292
18.66057,0.00115807,48.17855
18.69408,0.0006355867,48.14823
18.72416,0.000466831,47.56638
18.75199,0.000348758,48.12506
18.78082,0.0004768856,48.78051
18.81168,0.000146538,47.12503
18.83718,0.0001036339,45.02575
18.86228,0.0005496927,46.1441
18.89237,0.0007073171,44.86274
18.9165,0.001047418,43.56963
18.94172,0.001425318,42.64642
18.96635,0.001648743,41.50481
18.99063,0.001685493,40.63755
19.01555,0.001707654,39.30542
19.06915,0.001712628,38.79928
19.09624,0.001653943,37.90264
19.12101,0.001712177,37.60579
19.14501,0.001554433,37.75343
19.17252,0.001541588,37.6671
19.19945,0.001419373,37.62386
19.2242,0.001510799,36.14991
19.24953,0.001378831,34.77519
19.27945,2.685934E-05,34.38481
19.30995,0.001009408,32.50663
19.33726,0.001266193,33.2919
19.36235,0.001969412,33.33138
19.38697,0.002746526,32.56294
19.41069,0.003417671,31.62429
19.438,0.003361672,31.2438
19.46344,0.003425125,31.35398
19.48879,0.003404457,30.58193
19.52048,0.003755867,29.33159
19.54597,0.003633615,27.09023
19.57167,0.003947012,25.40955
19.59757,0.00455394,24.61406
19.62176,0.004231475,24.33339
19.6453,0.004380789,23.64706
19.6704,0.004344113,22.27129
19.69399,0.00432314,21.31929
19.7211,0.004472841,20.28262
19.74464,0.004165456,20.39589
19.77076,0.003930356,19.19135
19.79572,0.003259622,17.49632
19.82148,0.002889194,16.55128
19.84729,0.00269318,16.27573
19.87518,0.002683207,16.11425
19.9043,0.001676563,15.20125
19.93377,0.0005686171,14.82293
19.95798,0.0006410033,13.34634
19.98149,0.001092728,12.06055
20.00602,0.001770977,11.74753
20.02919,0.001740947,11.84063
20.0551,0.001696333,11.548
20.08072,0.001381498,11.53957
20.11005,0.001786482,10.73158
20.13944,0.001692899,10.53387
20.16435,0.001794681,9.920944
20.18793,0.002067555,9.289146
20.21238,0.002067555,9.289146
20.23626,0.002200201,9.210381
20.26036,0.002492864,8.778618
20.28644,0.002689537,8.47448
20.314,0.003771298,6.304161
20.34615,0.00387032,5.452896
20.37528,0.004075713,5.080475
20.40214,0.004082482,5.335724
20.42738,0.004667144,4.736786
20.45555,0.004154906,4.071381
20.48207,0.004868444,3.430809
20.50811,0.004542798,3.089096
20.53374,0.004548568,2.814499
20.56088,0.004896808,2.258339
20.5878,0.004896808,2.258339
20.61163,0.005166873,2.063957
20.63555,0.00439712,2.171364
20.65967,0.004959174,1.440697
20.68621,0.005181365,1.513306
20.71109,0.005290303,1.847214
20.73789,0.005403254,0.5037842
20.76438,0.005659446,0.5094147
20.78807,0.005630188,0.8641815
20.81399,0.005073067,2.114998
20.84013,0.004326206,3.557289
20.86746,0.003347091,5.703705
20.89447,0.002917085,7.486626
20.92076,0.00231057,8.048409
20.94482,0.002704512,6.98658
20.97301,0.002776157,7.102966
20.99884,0.002871472,7.17775
21.0222,0.002853941,7.184998
21.04639,0.002991378,7.226669
21.07141,0.003007736,8.000885
21.09778,0.004175417,9.4478
21.12303,0.004036535,9.214081
21.1515,0.004064508,10.43362
21.18204,0.004353713,13.14613
21.20838,0.004237134,14.15891
21.23472,0.004941281,14.93745
21.26007,0.00520112,15.2256
21.2864,0.005553335,15.40921
21.31242,0.005367525,15.57161
21.33942,0.005405713,15.73123
21.36519,0.00524094,15.80635
21.39452,0.0044735,15.72995
21.42034,0.005265601,15.72535
21.44363,0.004676539,15.42325
21.46866,0.003466763,15.15301
21.49419,0.003565986,15.02711
21.5213,0.00363104,14.97811
21.54466,0.00257713,14.71156
21.57089,0.004328098,15.31947
21.60007,0.002810922,14.63433
21.62294,0.002438594,14.59267
21.64648,0.002840851,14.96767
21.67155,0.002840851,14.96767
21.69419,0.002840851,14.96767
21.71848,0.003271192,14.91707
21.74123,0.002908245,14.70786
21.76695,0.00269537,14.84883
21.79148,0.001968015,14.46968
21.82021,0.0006983504,12.83417
21.84661,0.0002506189,12.39558
21.87329,0.0006321706,11.80784
21.90141,0.001572184,10.07006
21.92679,0.002422798,9.865135
21.97954,0.003134742,9.678841
21.99897,0.003342584,9.259201
22.02046,0.003837965,8.377914
22.03596,0.004016452,8.33992
22.05159,0.003825944,7.994293
22.06807,0.003825944,7.994293
22.08692,0.003825944,7.994293
22.1038,0.00346864,7.507545
22.11815,0.004835971,7.239319
22.13395,0.005471103,6.615128
22.15333,0.006446224,4.895851
22.17099,0.007304061,4.457214
22.18839,0.00801133,4.088348
22.20699,0.008014236,4.315964
22.23085,0.008131228,4.936615
22.25092,0.008638747,4.542328
22.26931,0.008629099,4.511612
22.28969,0.008982923,4.300858
22.3142,0.009088438,4.51194
22.34786,0.009434357,5.13887
22.3814,0.008386128,5.203667
22.40948,0.00928333,4.189095
22.43819,0.009352684,4.142097
22.46859,0.009049304,4.469147
22.49215,0.009611629,4.667076
22.52005,0.01072812,4.154602
22.54839,0.01011002,3.244545
22.58008,0.008193508,2.422691
22.60664,0.00856499,2.343857
22.63407,0.008092731,3.449799
22.66566,0.007930905,2.901146
22.69052,0.007885631,3.046135
22.72058,0.007658895,5.112526
22.75006,0.007561497,6.092316
22.77649,0.007561058,6.131813
22.80661,0.006822694,6.506958
22.83347,0.006941933,5.902878
22.86623,0.007436279,7.153694
22.89357,0.007712875,5.984299
22.92353,0.007211983,6.611351
22.95114,0.006257351,6.876457
22.98106,0.007032547,6.506996
23.00757,0.007394101,4.991074
23.0349,0.005954694,6.039375
23.06799,0.005702939,6.535477
23.10006,0.00571109,5.576477
23.12955,0.005533159,6.870239
23.16172,0.005084421,7.091248
23.18918,0.004876383,7.212387
23.21699,0.00259652,7.411034
23.24331,0.004662741,5.55793
23.27601,0.002233367,8.038345
23.30316,0.002867788,8.005081
23.33073,0.00426393,8.188721
23.35858,0.004947994,8.427536
23.38457,0.005933251,8.132065
23.41273,0.006933533,7.712433
23.44526,0.006812125,7.963234
23.48474,0.005665176,6.372864
23.51258,0.007364918,6.418999
23.54093,0.006973699,6.362991
23.56888,0.007225428,6.143776
23.59832,0.007225428,6.143776
23.62301,0.007812943,6.184639
23.64982,0.008599993,6.31411
23.68431,0.008569382,5.687241
23.71597,0.01375489,6.057632
23.75632,0.0159146,4.16378
23.79185,0.01879038,4.211601
23.82482,0.0196312,4.300087
23.85349,0.02034501,4.538383
23.88548,0.02092568,4.815025
23.91123,0.02092568,4.815025
23.93872,0.02169526,5.072105
23.96716,0.02208439,4.585365
23.99546,0.02143442,4.273956
24.02666,0.02313377,7.967636
24.05271,0.02357934,10.82163
24.08196,0.02318629,11.54578
24.11486,0.02369907,10.40212
24.14054,0.02222613,10.00643
24.17083,0.02204594,11.93346
24.20141,0.02116641,11.75594
24.22767,0.02088697,11.48813
24.25596,0.02075582,11.24593
24.28352,0.02057679,11.44511
24.31378,0.02007354,11.49686
24.34058,0.01896297,13.67805
24.36834,0.01787902,13.89473
24.39544,0.01624566,16.06591
24.42478,0.01549514,15.86178
24.4536,0.01448017,16.28266
24.48597,0.01387545,16.18437
24.51836,0.01289014,16.16087
24.54683,0.01273108,17.95248
24.57454,0.01216926,18.2764
24.60159,0.01237563,18.48686
24.62764,0.01247589,17.96156
24.65366,0.01248735,18.26145
24.68198,0.01199925,17.32767
24.70648,0.01014302,18.02534
24.73659,0.01065135,17.68999
24.7647,0.01091683,17.03104
24.79003,0.01045244,17.06753
24.8168,0.009893093,17.20209
24.84376,0.008799657,17.17359
24.8696,0.008878201,17.32238
24.89668,0.008573338,17.56152
24.92097,0.008237105,17.63526
24.9504,0.009206139,18.44601
25.01008,0.009213749,19.62884
25.04021,0.008497369,22.27569
25.07176,0.008083206,22.69125
25.10045,0.008522332,26.09572
25.12671,0.008614104,28.41348
25.16157,0.008872587,28.2962
25.19089,0.009118855,29.41939
25.21889,0.008820433,28.96686
25.24386,0.00821165,29.24299
25.27189,0.008480445,30.20113
25.30166,0.008056536,31.24083
25.33124,0.006871145,31.06043
25.36252,0.006986629,31.00387
25.38763,0.007179968,31.30086
25.41437,0.006965589,32.00412
25.43875,0.006595723,32.8046
25.46522,0.007641863,33.46613
25.4925,0.008226454,33.80551
25.51779,0.00848506,33.8807
25.5444,0.007733304,32.43643
25.57644,0.007829849,30.51842
25.60312,0.007713843,30.22088
25.62847,0.007142171,30.57821
25.65429,0.006892871,30.27751
25.68172,0.00677694,30.79412
25.70625,0.006661937,31.02348
25.7314,0.006642126,31.43903
25.75509,0.006506618,31.5332
25.78413,0.006279137,32.40849
25.81073,0.005678173,33.95129
25.83709,0.003039543,36.73981
25.86453,0.002208576,37.24334
25.89042,0.001618523,37.96476
25.91641,0.0007488094,37.89124
25.94133,0.0002834313,38.18004
25.96836,0.0001174919,39.06915
25.99703,0.0004426911,39.1322
26.02447,0.0007615909,39.69885
26.05151,0.000831604,40.35152
26.07619,0.001044445,40.80089
26.10298,0.02520911,39.27557
26.12796,0.0009614006,41.40651
26.1522,0.0009614006,41.40651
26.1766,0.02510677,38.85406
26.20317,0.02533358,38.40818
26.22826,0.0256909,38.06646
26.25261,0.02501846,38.00766
26.28049,0.02497411,37.97979
26.30449,0.02496065,37.98304
26.32978,0.02495055,37.86653
26.35488,0.02486689,37.63158
26.38123,0.02499787,37.38792
26.40982,0.02490897,37.27959
26.43562,0.02500987,37.28302
26.46144,0.02511491,37.29694
26.48741,0.02515824,37.28897
26.51301,0.02517399,37.33195
26.53786,0.02568081,36.86208
26.56418,0.02594532,37.15488
26.59083,0.02634378,37.06886
26.62294,0.02659944,37.04377
26.64753,0.02655378,37.16448
26.67248,0.02662818,37.21298
26.69716,0.02662955,37.07368
26.72098,0.02652321,37.15204
26.74712,0.02637935,37.30225
26.77026,0.02636933,37.40591
26.79711,0.02643433,37.43097
26.82501,0.02645742,37.45507
26.84982,0.02646049,37.47677
26.87495,0.0265131,37.54905
26.90192,0.0263093,37.62266
26.92661,0.02594681,37.69157
26.95157,0.02544868,37.82185
26.9771,0.02549071,37.75322
27.00157,0.02544658,37.72825
27.03125,0.02521368,37.77759
27.05976,0.02515744,37.87549
27.08557,0.02516113,37.94995
27.11357,0.02476186,37.92159
27.13892,0.02456593,38.08383
27.16407,0.02424552,38.1785
27.18782,0.02423371,38.20214
27.21387,0.02415209,38.2599
27.24033,0.02414014,38.26433
27.26549,0.02386146,38.59734
27.28999,0.0234207,38.62241
27.31446,0.02329624,38.87072
27.33909,0.02315443,38.91232
27.36564,0.02316604,39.2056
27.38859,0.02305602,39.3358
27.4147,0.02310667,39.40185
27.44082,0.02304213,39.45955
27.46424,0.02268934,39.57383
27.48937,0.02229569,39.73498
27.51708,0.02195115,39.77721
27.54298,0.02197346,39.77853
27.56984,0.02197346,39.77853
27.60794,0.02182507,39.77868
27.63578,0.02156018,39.79162
27.66204,0.02057977,40.18326
27.68248,0.0204961,40.31447
27.70185,0.02024385,39.90271
27.71805,0.01882262,40.08173
27.73033,0.01835008,40.01928
27.7468,0.01801606,40.01769
27.76316,0.01801192,39.92942
27.77998,0.01766828,39.77747
27.79459,0.0174622,39.76991
27.81213,0.01732329,40.04031
27.82841,0.01685335,39.93346
27.89589,0.01648561,40.08653
27.92509,0.01651522,40.08926
27.94964,0.01627421,40.20766
27.97514,0.01631276,40.26592
28.00038,0.01637913,40.11609
28.02435,0.01630596,40.21775
28.04966,0.01627174,40.09048
28.07541,0.01628775,40.01926
28.10237,0.01660253,40.18575
28.13442,0.01618946,40.23632
28.16731,0.01617302,40.31327
28.19464,0.0164059,40.4655
28.22121,0.0160228,40.44762
28.24927,0.01617349,40.52063
28.27966,0.01625865,40.56537
28.30358,0.01630891,40.59356
28.33488,0.01641154,40.60829
28.36238,0.01628914,40.63615
28.3886,0.01619293,40.68388
28.41769,0.01509335,41.07859
28.4456,0.01485573,41.32281
28.47081,0.01473236,41.55045
28.4993,0.01493786,41.51147
28.52541,0.01366468,41.41182
28.55725,0.01209124,41.42571
28.58647,0.01213416,41.2432
28.61561,0.01227123,41.58747
28.64337,0.01229012,41.85678
28.67196,0.01237249,41.97018
28.70242,0.01222911,41.99474
28.73219,0.01217453,42.04121
28.76341,0.01223366,42.06243
28.78856,0.01199839,42.19566
28.81617,0.01202811,42.43686
28.8428,0.01242222,42.67279
28.86909,0.01222055,42.53518
28.898,0.012134,42.66901
28.92555,0.01184816,42.8802
28.95107,0.01144459,42.78882
28.98195,0.01106682,42.63231
29.00676,0.01091618,42.66966
29.03449,0.01091618,42.66966
29.06417,0.01073539,42.74302
29.0953,0.01053023,42.93153
29.12599,0.009918856,42.88968
29.1545,0.009625901,43.17593
29.19197,0.009782971,42.94501
29.22623,0.009547959,43.1418
29.2554,0.009869964,43.035
29.28326,0.0097657,43.21177
29.31226,0.009747246,43.45702
29.34365,0.009792288,43.55935
29.37407,0.009726466,43.5689
29.40847,0.009847556,43.55499
29.43919,0.009910388,43.57883
29.49649,0.01054892,43.49347
29.5476,0.01061373,43.5932
29.56992,0.01061359,43.6894
29.59408,0.0105688,43.76083
29.61319,0.01051195,43.75762
29.6297,0.01058439,43.88248
29.64245,0.01052322,43.82086
29.65848,0.01048361,43.79047
29.67686,0.01069995,43.80001
29.69468,0.01103863,43.85739
29.71281,0.01123864,44.26191
29.73144,0.01142671,44.10378
29.75093,0.01150991,44.05622
29.77169,0.01152056,44.08143
29.7912,0.01174436,44.06228
29.81032,0.01184598,44.08153
29.83362,0.01225231,44.42175
29.85782,0.01168364,44.65235
29.88234,0.01139626,44.65254
29.90242,0.01127049,44.6862
29.92239,0.01123715,44.773
29.94327,0.01144905,44.93278
29.96265,0.01149908,44.93372
29.98376,0.01155512,44.90748
30.00607,0.01160098,44.92687
30.02755,0.01170462,44.9851
30.05085,0.01175002,44.95955
30.07163,0.01181333,44.7819
30.09307,0.01157617,45.08897
30.11235,0.01157617,45.08897
30.13267,0.0115892,45.26774
30.15325,0.0115892,45.26774
30.17608,0.01145865,45.34161
30.19551,0.01178289,45.1465
30.21544,0.01223191,45.20621
30.23707,0.01215484,45.26704
30.261,0.01092527,45.46807
30.28124,0.01084198,45.46198
30.30201,0.01143502,45.40775
30.32323,0.01129781,45.6852
30.34352,0.01120999,45.66375
30.36581,0.01138607,45.48753
30.38769,0.01145673,45.42266
30.41029,0.01122377,45.6467
30.43076,0.01089905,45.91195
30.45068,0.01097886,46.0097
30.47387,0.01134598,45.89164
30.49389,0.01120929,45.7501
30.51388,0.01131285,45.79044
30.53355,0.0113639,45.73347
30.55358,0.01170964,46.12203
30.57499,0.0124005,46.29128
30.59548,0.01239906,46.46445
30.61485,0.01234319,46.50436
30.63493,0.01234319,46.50436
30.65459,0.01228003,46.52275
30.67698,0.01287668,46.56328
30.71043,0.0131686,46.76002
30.72825,0.01307721,46.8151
30.74738,0.01294651,46.88689
30.76677,0.01364976,47.08749
30.7866,0.01414314,47.03422
30.80702,0.01450211,47.46586
30.82799,0.01455551,47.81977
30.84952,0.01461081,47.85947
30.87368,0.01459235,47.70352
30.89539,0.01484495,47.69862
30.9151,0.01493599,47.76306
30.93601,0.01503528,47.74407
30.95711,0.01459292,47.70821
30.97707,0.01497295,48.18259
30.99749,0.01508644,48.20499
31.01834,0.01502027,48.2058