New Try
New Try
New Try
New Try
New Try
New Try
New Try
1.516274,0.003566356,3.820903
1.524112,0.003509105,3.760986
1.532697,0.003748673,3.76338
1.541735,0.003800218,3.744236
1.549835,0.003800218,3.744236
1.558254,0.004243184,3.659981
1.566524,0.004730979,3.747216
1.582386,0.005379009,3.599347
1.589528,0.004763435,3.739578
1.598245,0.004620406,3.64024
1.608036,0.004824,3.619419
1.616508,0.005041853,3.557434
1.626027,0.004704658,3.601631
1.634274,0.004507012,3.574017
1.64346,0.004214655,3.568754
1.651872,0.004186379,3.556664
1.660753,0.004142102,3.55903
1.669067,0.004278732,3.517695
1.677903,0.003999536,3.612704
1.686776,0.00384606,3.576536
1.69597,0.003754421,3.560735
1.70407,0.00371154,3.59679
1.713907,0.003705569,3.608258
1.722922,0.003348346,3.621852
1.731534,0.003348346,3.621852
1.740219,0.003540458,3.620663
1.748486,0.003764921,3.637604
1.757004,0.003120611,3.601849
1.766062,0.003497331,3.61433
1.775695,0.003535171,3.603914
1.795161,0.003786973,3.552146
1.800973,0.003786973,3.552146
1.810667,0.003784563,3.597279
1.81894,0.003808779,3.536568
1.828626,0.003759776,3.526311
1.836851,0.003747613,3.500398
1.846207,0.003655309,3.498048
1.854439,0.0036252,3.493007
1.862578,0.00362638,3.478177
1.871327,0.003465046,3.458589
1.879771,0.003706614,3.453661
1.894758,0.003778968,3.443726
1.90316,0.003890111,3.43091
1.912223,0.003890111,3.43091
1.920561,0.004061475,3.385586
1.92925,0.004391455,3.327608
1.939058,0.004455301,3.400531
1.948294,0.004404525,3.409156
1.956968,0.004271794,3.409328
1.965121,0.004110695,3.391133
1.974217,0.004737597,3.381593
1.98253,0.004060625,3.38992
1.999927,0.003951808,3.407145
2.008226,0.004466027,3.381478
2.016296,0.004348046,3.34164
2.025714,0.003990999,3.383677
2.033876,0.004140276,3.329667
2.043162,0.004107648,3.332664
2.05151,0.004427486,3.277038
2.060322,0.004029517,3.385355
2.068634,0.003911205,3.33237
2.078286,0.003900893,3.32949
2.086842,0.003609133,3.359171
2.095596,0.003687407,3.319892
2.104074,0.003356618,3.3441
2.11242,0.003445396,3.294793
2.121655,0.00335356,3.295031
2.129871,0.003123819,3.30997
2.138283,0.003117297,3.227314
2.147124,0.003235596,3.182785
2.156361,0.00313954,3.191446
2.164282,0.003086073,3.169595
2.17296,0.003058295,3.156907
2.181057,0.002969995,3.150327
2.189848,0.002986103,3.119227
2.205599,0.002442465,3.09674
2.211391,0.002442465,3.09674
2.21919,0.002543635,3.058511
2.228848,0.002479053,3.046711
2.237177,0.002401941,3.034091
2.246485,0.002348644,3.025045
2.255609,0.002309815,3.008953
2.263797,0.001744912,3.012984
2.273304,0.001886519,2.958301
2.281573,0.001886519,2.958301
2.290572,0.002418896,2.834623
2.298641,0.002345015,2.909729
2.307672,0.002350118,2.87712
2.315633,0.002073688,2.999766
2.324874,0.001948918,2.815985
2.332916,0.002128423,2.792181
2.341672,0.002801889,2.78495
2.350083,0.00319622,2.645083
2.359051,0.003249333,2.742097
2.367674,0.003297056,2.777701
2.378077,0.001933123,2.68584
2.387114,0.002190824,2.735522
2.396351,0.002116957,2.807422
2.41228,0.00204601,2.832965
2.417923,0.001902351,2.859786
2.427644,0.001859916,2.873512
2.435787,0.001330279,2.951677
2.445535,0.001285827,2.93031
2.454102,0.001338258,2.936117
2.463557,0.001004091,2.951411
2.473558,0.0009071868,2.966429
2.482113,0.0007932207,3.039892
2.491935,0.0008341536,3.058639
2.500068,0.0008232167,3.070521
2.509247,0.0008288092,3.038862
2.517959,0.0009144185,3.037831
2.527061,0.0009330753,3.095412
2.535713,0.0009550434,3.129378
2.545379,0.001013664,3.17903
2.554112,0.001045556,3.236279
2.562125,0.001087029,3.289203
2.570862,0.001087029,3.289203
2.579033,0.001273333,3.354155
2.589796,0.001213427,3.360977
2.599856,0.001454968,3.458702
2.618081,0.001313416,3.372027
2.626119,0.00150452,3.636473
2.634454,0.001520032,3.402603
2.644292,0.001835327,3.482172
2.652547,0.002109542,3.534575
2.661803,0.002159974,3.574127
2.670881,0.002286634,3.625526
2.679487,0.002672357,3.8148
2.688032,0.002335702,3.676049
2.696518,0.002365887,3.687908
2.705603,0.002423933,3.720997
2.713428,0.002501447,3.643682
2.722712,0.002647953,3.895109
2.730996,0.002730064,3.866651
2.740294,0.002848969,4.015224
2.749382,0.002740527,3.938505
2.758118,0.00276533,3.996941
2.766232,0.002981563,4.185913
2.775542,0.002995467,4.174575
2.783363,0.003246815,4.314023
2.792507,0.003200309,4.265766
2.801603,0.003361638,4.336031
2.819711,0.003605403,4.374302
2.827669,0.003733537,4.437031
2.836902,0.003919021,4.495055
2.845938,0.004179609,4.647345
2.855085,0.004286022,4.656819
2.863272,0.0045614,4.816295
2.872539,0.004545008,4.804363
2.88577,0.004624624,4.817027
2.895112,0.004704703,4.905205
2.903188,0.004763741,4.966568
2.911572,0.004763741,4.966568
2.919987,0.005003172,5.110366
2.928978,0.004931819,5.06879
2.938052,0.005072574,5.072268
2.946405,0.005262546,5.219432
2.955658,0.005088195,5.152215
2.964495,0.004993767,5.163232
2.974027,0.004871453,5.170324
2.981597,0.004871453,5.170324
2.990484,0.004773841,5.193125
2.998828,0.00483158,5.309543
3.007742,0.004779835,5.341444
3.023321,0.004460137,5.279565
3.029126,0.004797942,5.447696
3.038827,0.00362836,5.266857
3.048495,0.002390832,5.098237
3.057793,0.00297968,5.228247
3.065816,0.003017336,5.275778
3.075335,0.002372553,5.180697
3.087111,0.003001569,5.51164
3.096428,0.002652749,5.185989
3.105281,0.002261225,5.146698
3.113603,0.002084483,5.103844
3.122445,0.001882899,5.062602
3.130725,0.001688506,5.033727
3.139477,0.001445489,4.977286
3.147871,0.001460343,5.003902
3.156473,0.001355851,4.949972
3.164694,0.00134958,4.940425
3.173189,0.001413301,4.901489
3.181163,0.001487568,4.859058
3.190155,0.001538765,4.916694
3.198089,0.001675857,4.922985
3.206886,0.001748664,5.02617
3.215186,0.002087955,4.957447
3.230267,0.00208959,5.034934
3.236766,0.00225165,4.929428
3.245889,0.002282852,4.92919
3.254068,0.00262578,4.905844
3.262773,0.002526049,4.952821
3.273042,0.002599328,4.96345
3.281458,0.002599328,4.96345
3.290448,0.002760752,4.952584
3.298495,0.002851275,4.945696
3.307379,0.003301247,4.891166
3.315445,0.003318743,4.884312
3.324441,0.003294307,4.856437
3.332564,0.003490109,4.835739
3.341478,0.003875347,4.789006
3.349689,0.004067272,4.790193
3.358758,0.005384,4.663293
3.366921,0.00521453,4.795424
3.375887,0.005132281,4.753821
3.383722,0.006081846,4.78217
3.393759,0.006267922,4.748131
3.401871,0.00595388,4.697528
3.410865,0.006008696,4.6622
3.419294,0.006129365,4.609679
3.434637,0.006626223,4.64764
3.440993,0.006929166,4.558875
3.449341,0.006895102,4.585138
3.458805,0.006737485,4.65703
3.467009,0.006572483,4.546571
3.476602,0.00636921,4.50737
3.485359,0.006099756,4.492003
3.494424,0.005850057,4.49305
3.503406,0.005832021,4.412863
3.512897,0.005734256,4.382309
3.522282,0.00558574,4.405045
3.530861,0.005597712,4.3564
3.540403,0.005555012,4.388027
3.550602,0.005438224,4.304751
3.560479,0.005451475,4.281486
3.570026,0.005520452,4.352622
3.580341,0.005534832,4.253213
3.590845,0.005345133,4.219465
3.599038,0.005191458,4.219929
3.608098,0.005259011,4.2044
3.615964,0.005244278,4.188299
3.625388,0.005045297,4.16076
3.641912,0.004989103,4.116087
3.648125,0.00478564,4.047091
3.657433,0.004882792,4.032986
3.665516,0.004879791,4.006435
3.675066,0.004883423,3.991843
3.682698,0.004928623,3.978378
3.692604,0.004846016,3.970938
3.700733,0.004703068,3.97084
3.709654,0.004674274,3.923111
3.71774,0.004538937,3.977394
3.726591,0.004317792,3.999488
3.734787,0.004056851,4.005555
3.743323,0.003957963,4.011612
3.75146,0.003903882,3.968521
3.760315,0.003794069,3.982806
3.769573,0.003822316,4.004577
3.77801,0.00469634,4.115755
3.787123,0.004834886,4.039536
3.795493,0.005082259,4.097012
3.804332,0.004757594,4.011662
3.812356,0.005994014,3.989094
3.822136,0.006920742,3.968521
3.830683,0.00727605,3.897722
3.848292,0.007362781,3.944666
3.856783,0.007813406,4.082646
3.865555,0.007885648,3.866347
3.875399,0.008374106,4.093569
3.883269,0.009127286,3.767956
3.899466,0.009458154,3.728251
3.908438,0.009730492,4.017174
3.916526,0.009877604,3.796018
3.925653,0.009978894,3.719786
3.933891,0.01001225,3.790133
3.943663,0.009997056,3.735073
3.952173,0.01006217,3.760986
3.960611,0.01008643,3.729984
3.970748,0.01003564,3.701263
3.979055,0.01000755,3.705599
3.988426,0.01012625,3.703696
3.99683,0.0101026,3.628819
4.005419,0.01009018,3.605326
4.013989,0.0100483,3.56134
4.022659,0.009986533,3.515301
4.031043,0.009986533,3.515301
4.047593,0.009923712,3.373594
4.055205,0.009831845,3.321661
4.06288,0.009931663,3.321719
4.072463,0.009829726,3.296041
4.082799,0.009762659,3.299306
4.094298,0.009683181,3.329432
4.102641,0.009637924,3.358005
4.111307,0.009474876,3.136813
4.120127,0.009317075,3.595918
4.129294,0.009293439,3.347611
4.138409,0.009127598,3.330725
4.147879,0.009018599,3.35818
4.157138,0.009042989,3.327196
4.165426,0.008771956,3.438548
4.174489,0.008744182,3.451165
4.182422,0.008617685,3.47919
4.192096,0.008581199,3.503641
4.200203,0.008492816,3.530196
4.209408,0.008417787,3.542653
4.217323,0.00840297,3.518028
4.226385,0.00838792,3.534907
4.234817,0.008327337,3.556994
4.250135,0.008330956,3.593467
4.257201,0.008342698,3.631085
4.265287,0.008240543,3.676528
4.275177,0.00821578,3.665274
4.283335,0.0081716,3.690455
4.293583,0.0081374,3.670665
4.302149,0.008109633,3.689925
4.310879,0.008161807,3.752333
4.320361,0.008123916,3.739997
4.328787,0.008090876,3.771176
4.337699,0.008080065,3.839971
4.345884,0.008074759,3.851479
4.35496,0.008074517,3.860264
4.362601,0.008041959,3.850461
4.371291,0.008041959,3.850461
4.379178,0.00801534,3.843794
4.388168,0.008001714,3.759527
4.396866,0.007992545,3.782789
4.405743,0.007986019,3.811256
4.414193,0.008016903,3.824079
4.423265,0.008028977,3.825768
4.431519,0.008026377,3.869081
4.440552,0.007371851,3.930791
4.456887,0.007062277,3.832672
4.462315,0.006966862,3.820339
4.471946,0.006736087,3.823516
4.480025,0.00650959,3.812592
4.489993,0.006497219,3.802512
4.497892,0.006440627,3.864877
4.50717,0.00607679,3.767904
4.515164,0.006032239,3.75984
4.524332,0.005935757,3.746798
4.532835,0.005881678,3.730246
4.542952,0.005685479,3.713517
4.551993,0.005657442,3.72126
4.56031,0.005589217,3.732241
4.569106,0.005551652,3.745752
4.578457,0.00531787,3.734968
4.589297,0.005166233,3.746379
4.597437,0.005090639,3.747843
4.606573,0.005069419,3.827201
4.614739,0.004936832,3.657733
4.625713,0.004847542,3.8129
4.638103,0.004768913,3.63615
4.652888,0.004654377,3.588397
4.674778,0.004643925,3.526089
4.681349,0.004662103,3.484027
4.691713,0.00463228,3.539557
4.699999,0.004617817,3.444521
4.709929,0.004606912,3.482003
4.718127,0.00460032,3.472544
4.727412,0.00456961,3.441621
4.737191,0.004564444,3.444237
4.74587,0.004562836,3.44986
4.755469,0.004562865,3.44128
4.764059,0.004563656,3.421538
4.773348,0.004564576,3.411108
4.781879,0.004608021,3.341054
4.790925,0.004608021,3.341054
4.79893,0.004607983,3.354855
4.807976,0.004621615,3.343514
4.816082,0.00462163,3.38113
4.825312,0.004705462,3.3769
4.833529,0.004784777,3.414321
4.842385,0.005089825,3.419248
4.851114,0.005274989,3.35141
4.859569,0.005291472,3.406858
4.876991,0.005322989,3.429654
4.883034,0.00531829,3.45196
4.894665,0.005372627,3.420279
4.905127,0.00540476,3.405938
4.913074,0.005515887,3.380088
4.922234,0.005584995,3.357072
4.936893,0.005705544,3.30073
4.945512,0.005757719,3.284557
4.954528,0.00583877,3.263028
4.962269,0.005961231,3.308846
4.971538,0.006054346,3.308787
4.979816,0.006201312,3.195859
4.988882,0.005908021,3.187026
4.996913,0.0058447,3.181247
5.00566,0.005712242,3.131129
5.013742,0.005763311,3.077017
5.022835,0.005657317,3.032219
5.031404,0.005570331,3.013504
5.041242,0.005352914,2.983144
5.050904,0.005341459,2.997742
5.059393,0.005258325,2.965109
5.067779,0.005218324,2.98662
5.086357,0.005225863,2.99055
5.093505,0.005190145,2.954858
5.102052,0.005189907,2.964977
5.111256,0.005189907,2.964977
5.120124,0.005170018,2.962005
5.128609,0.005161616,2.943042
5.137899,0.005138538,2.91987
5.146787,0.005117139,2.874738
5.155503,0.005170711,2.850599
5.163482,0.005328935,2.827363
5.17254,0.00528527,2.823829
5.180418,0.00528527,2.823829
5.18967,0.005300561,2.723689
5.198532,0.005475943,2.798483
5.207684,0.005684964,2.810558
5.215795,0.005821279,2.749796
5.224961,0.005882158,2.733374
5.232765,0.006055454,2.70559
5.241743,0.006119063,2.689045
5.250763,0.006113258,2.688171
5.259194,0.006429418,2.62137
5.268198,0.006396487,2.600379
5.283278,0.006254689,2.521501
5.290432,0.00632764,2.4618
5.298523,0.006190229,2.449525
5.308061,0.006098547,2.36364
5.316544,0.005968824,2.303928
5.326923,0.005882959,2.388517
5.336654,0.005787153,2.222287
5.345036,0.005681067,2.204247
5.35388,0.005575797,2.156947
5.361682,0.005575797,2.156947
5.370299,0.005442667,2.063363
5.378654,0.005297639,2.084314
5.387452,0.005146677,2.057664
5.396135,0.00508772,2.059946
5.40515,0.004982152,2.047749
5.413209,0.004943364,2.02642
5.422154,0.004839268,2.003888
5.430374,0.004801779,2.035671
5.439515,0.004477208,1.929655
5.447558,0.004516964,1.968812
5.456449,0.004515853,1.952843
5.464829,0.004463512,1.934518
5.47337,0.004484082,1.917038
5.489594,0.004572969,1.950336
5.495524,0.00443016,1.88336
5.504755,0.004434578,1.863511
5.513695,0.004418369,1.846738
5.525559,0.004301566,1.839837
5.535786,0.0042868,1.798853
5.546437,0.004264523,1.811321
5.556073,0.004236503,1.828848
5.56385,0.004185975,1.836536
5.572829,0.004043523,1.825206
5.581583,0.004036481,1.763252
5.592397,0.003944762,1.769235
5.600752,0.003919333,1.757694
5.609524,0.003911447,1.796241
5.617888,0.003841836,1.81456
5.626517,0.003807703,1.857305
5.63621,0.003805178,1.834404
5.645317,0.003806407,1.900634
5.654108,0.003728626,1.884295
5.661885,0.003779,1.876801
5.670723,0.003779,1.876801
5.678817,0.003870096,1.895478
5.69473,0.00381662,1.874715
5.700235,0.003987034,1.954847
5.709861,0.004005155,1.927829
5.718247,0.00392414,1.952643
5.727358,0.003986986,1.939065
5.736932,0.003827765,1.938156
5.7456,0.003826317,1.947625
5.754269,0.003871105,1.939166
5.762276,0.004203231,1.901663
5.771515,0.004230196,1.910186
5.779869,0.004254838,1.907623
5.789135,0.004289729,1.925086
5.79745,0.004343978,1.928438
5.806635,0.004346247,1.924374
5.814636,0.004342498,1.921117
5.823208,0.004339504,1.919996
5.832654,0.004341545,1.853508
5.841934,0.004342333,1.877323
5.850599,0.004342333,1.877323
5.858641,0.004329454,1.917446
5.867581,0.004331315,1.930061
5.875672,0.004334902,1.949031
5.884462,0.004368293,1.993509
5.89994,0.004375207,1.995668
5.907361,0.004392558,2.000174
5.917182,0.004411901,2.003302
5.928351,0.004208778,2.025841
5.945046,0.004084595,2.030472
5.95422,0.004135263,2.051568
5.962039,0.003805359,2.029701
5.971025,0.00390554,2.054618
5.979267,0.003910977,1.998999
5.988734,0.003951051,1.938257
5.997472,0.003608802,1.974173
6.006623,0.003528293,1.914484
6.014955,0.003548926,1.932088
6.024044,0.003893322,1.815961
6.032365,0.00396906,1.935529
6.041898,0.004138362,1.895375
6.050786,0.004150733,1.905467
6.059446,0.004285558,1.938358
6.069967,0.004452227,1.965629
6.081343,0.004627171,1.853085
6.093366,0.004685271,1.877219
6.109908,0.004777991,1.906391
6.116124,0.00476754,1.921728
6.125873,0.004782491,1.882216
6.136236,0.004778219,1.90557
6.147601,0.004720608,1.923255
6.157513,0.004674232,1.938358
6.165603,0.004619277,1.942191
6.174857,0.004575538,1.946419
6.183316,0.004493318,1.974371
6.192189,0.004493318,1.974371
6.200094,0.004472957,1.979915
6.208886,0.0044388,2.024004
6.217099,0.004459005,1.998118
6.225351,0.004467107,2.020617
6.233614,0.004365674,2.086754
6.241827,0.004365674,2.086754
6.249867,0.004416595,2.088535
6.258688,0.004526966,2.076411
6.267472,0.004569467,2.060516
6.275838,0.004665562,2.041239
6.284627,0.004736217,1.98268
6.292999,0.004743204,2.002325
6.301899,0.004761151,2.000761
6.31822,0.004261484,2.015962
6.323915,0.003529998,2.021779
6.332151,0.003500923,1.976551
6.341657,0.003403912,1.95154
6.350342,0.003134991,2.000467
6.359517,0.002878082,1.941788
6.368625,0.002787304,1.946821
6.377143,0.002697235,1.955647
6.386719,0.002720331,1.85899
6.395449,0.002586271,1.877114
6.404068,0.002522679,1.895685
6.412029,0.002498575,1.923154
6.421108,0.002487039,1.959646
6.429496,0.002484886,1.994294
6.438559,0.002613423,1.96553
6.44674,0.002636345,2.001152
6.455769,0.002603119,2.071882
6.463513,0.002561738,2.111647
6.472513,0.002533529,2.175648
6.480335,0.002447828,2.268657
6.490116,0.002348513,2.315875
6.498054,0.002313221,2.359164
6.507419,0.002283538,2.351436
6.524484,0.002138228,2.4133
6.530632,0.002073704,2.458139
6.541522,0.001953822,2.456387
6.550489,0.001953822,2.456387
6.559032,0.001917341,2.486639
6.568297,0.001917435,2.518472
6.577077,0.001911968,2.543683
6.587317,0.001920336,2.56796
6.596422,0.001890892,2.583614
6.605421,0.001911885,2.607595
6.613338,0.001904029,2.630018
6.622378,0.001935999,2.637004
6.630703,0.001935999,2.637004
6.639366,0.002049376,2.644787
6.648098,0.0020517,2.606994
6.657274,0.002073106,2.585204
6.665311,0.00188836,2.677226
6.674413,0.001831514,2.630167
6.682289,0.00147982,2.659621
6.691401,0.001857327,2.822651
6.701395,0.002300735,2.696024
6.710594,0.002429517,2.692827
6.727138,0.003503152,2.797504
6.734343,0.003625632,2.716781
6.743295,0.004029761,2.755556
6.752658,0.004152678,2.758893
6.760802,0.004554931,2.804283
6.771497,0.004625902,2.779674
6.780013,0.004625902,2.779674
6.788898,0.005175724,2.834139
6.797235,0.005266564,2.832689
6.806333,0.005058375,2.887172
6.814711,0.004972222,2.928373
6.823749,0.005082401,2.902387
6.831633,0.005353596,2.919334
6.840468,0.00517419,3.023232
6.848999,0.005100224,3.109672
6.857833,0.005027798,3.08794
6.866436,0.005416516,3.238396
6.874967,0.005132274,3.180877
6.883221,0.005170229,3.176135
6.892152,0.005148818,3.191691
6.900701,0.00514398,3.280978
6.909193,0.005037129,3.251548
6.918113,0.004992984,3.31647
6.932802,0.005149302,3.484251
6.940859,0.005240698,3.586923
6.958451,0.005267337,3.548838
6.966815,0.005308134,3.579437
6.975946,0.005362642,3.616713
6.984793,0.005508811,3.654788
6.99318,0.005652853,3.708029
7.001867,0.005938748,3.756505
7.010073,0.00610057,3.821313
7.019092,0.00614145,3.842367
7.027209,0.006174281,3.773149
7.036505,0.006294785,3.885948
7.045567,0.006726529,3.920964
7.054907,0.006627508,3.906354
7.06263,0.006886525,3.949726
7.071823,0.006827274,4.004088
7.080955,0.00694748,4.166687
7.091796,0.007144955,4.157558
7.10184,0.007058221,4.206728
7.11122,0.007220622,4.237713
7.120237,0.007048557,4.207334
7.138417,0.006896663,4.236049
7.144917,0.006848436,4.232488
7.154193,0.006958776,4.300382
7.162167,0.006958548,4.323818
7.172042,0.006977973,4.350147
7.18014,0.007119709,4.425805
7.189737,0.007172578,4.434205
7.197731,0.007208413,4.464931
7.206579,0.007234779,4.485152
7.214838,0.007244408,4.516659
7.223456,0.007213225,4.567289
7.231494,0.007219342,4.596701
7.240391,0.007119983,4.649199
7.249102,0.007129105,4.616516
7.257595,0.00687268,4.738881
7.266701,0.006617397,4.747553
7.275123,0.006419855,4.799998
7.283387,0.006197857,4.784382
7.292011,0.006197857,4.784382
7.300016,0.005909392,4.836266
7.308491,0.005720944,4.874556
7.317379,0.005511045,4.925611
7.325404,0.005290543,4.968382
7.341185,0.005074517,4.973742
7.347034,0.004913676,5.021803
7.356913,0.004801512,5.064537
7.365654,0.004701014,5.121932
7.374971,0.00465753,5.221834
7.383008,0.004607765,5.310908
7.39242,0.004500423,5.324285
7.401497,0.004458253,5.409323
7.409731,0.004498216,5.494511
7.418882,0.0045206,5.417974
7.426677,0.004494371,5.471852
7.435444,0.004481236,5.515621
7.443437,0.004342629,5.561091
7.451818,0.004342629,5.561091
7.459643,0.004376835,5.691095
7.468616,0.004350771,5.63496
7.476645,0.0042685,5.698288
7.48566,0.004227201,5.664896
7.493839,0.004133907,5.700146
7.502269,0.004135856,5.722178
7.510251,0.003880261,5.794136
7.519344,0.003991879,5.862807
7.527798,0.003946702,5.807482
7.545416,0.003811083,5.797517
7.552996,0.003741583,5.867419
7.561434,0.003784835,5.87363
7.571177,0.003722413,5.907637
7.580436,0.003851552,5.912878
7.591813,0.004079089,5.943364
7.60069,0.004047125,5.932735
7.608837,0.004027619,6.045524
7.617981,0.004139695,6.070506
7.626028,0.004136532,6.079154
7.635006,0.004147668,6.131685
7.643573,0.004247158,6.165674
7.652432,0.004247158,6.165674
7.660157,0.004270013,6.192642
7.669153,0.004290198,6.245918
7.676984,0.004228416,6.215963
7.685767,0.004106094,6.19508
7.695398,0.003989459,6.235739
7.704497,0.003925311,6.276355
7.712306,0.003925311,6.276355
7.721484,0.003862873,6.361867
7.729587,0.003840572,6.351565
7.745136,0.003843871,6.47266
7.752308,0.003835994,6.412673
7.760243,0.003731303,6.446737
7.769913,0.003578405,6.56468
7.778114,0.003397679,6.384449
7.787529,0.003259171,6.53489
7.795823,0.003162001,6.741365
7.804659,0.00311007,6.537651
7.812679,0.003048142,6.53333
7.821486,0.003116037,6.631109
7.829943,0.003096536,6.192072
7.838673,0.002973079,6.542688
7.846716,0.002772074,6.590618
7.856078,0.002545669,6.62081
7.864098,0.002345491,6.647001
7.8731,0.002259362,6.63643
7.881062,0.002110896,6.732428
7.889943,0.001951343,6.698903
7.898628,0.001878592,6.774711
7.907348,0.001798746,6.73435
7.916555,0.001692793,6.808728
7.924901,0.001587731,6.789574
7.933808,0.001481635,6.812242
7.950774,0.001482486,6.929426
7.961802,0.001582483,6.935623
7.972011,0.001593547,6.973136
7.980991,0.001831521,6.989012
7.992061,0.001958332,7.028279
8.001473,0.002170803,7.049403
8.009923,0.002261013,7.079449
8.01879,0.002315804,7.066052
8.027129,0.002307067,7.058747
8.036381,0.002405453,7.047344
8.045261,0.002524944,7.023253
8.054582,0.002574373,6.999052
8.06231,0.00257799,6.987355
8.071372,0.00257799,6.987355
8.080539,0.002468676,6.987243
8.091591,0.002447048,6.99594
8.10012,0.002318875,6.964917
8.108454,0.002157267,6.974542
8.117738,0.002141695,7.019091
8.126088,0.001973693,6.987187
8.1353,0.001775778,6.921071
8.151619,0.001584901,6.923564
8.157528,0.001727575,6.975611
8.166217,0.001555144,6.991537
8.175243,0.001407674,7.016407
8.18506,0.001674228,7.088449
8.19298,0.001676462,7.135644
8.202401,0.001932914,7.067524
8.210786,0.002080697,7.134544
8.219734,0.002019044,7.317511
8.227781,0.001892041,7.286235
8.236798,0.002043942,7.697073
8.245005,0.001975311,7.526552
8.254401,0.001990372,7.484485
8.261192,0.002301413,7.66242
8.27157,0.002252337,7.517186
8.280717,0.002704626,7.748865
8.290704,0.002859773,7.713629
8.300167,0.003147819,7.814368
8.308468,0.003391813,7.778292
8.317047,0.003633676,7.766524
8.325247,0.003967377,7.795986
8.334427,0.003964085,7.613035
8.34323,0.004038069,7.651348
8.358344,0.003995392,7.652245
8.36442,0.004116256,7.782026
8.373533,0.004428576,7.895656
8.381722,0.004428576,7.895656
8.390758,0.004237878,7.806201
8.399356,0.004337627,7.981262
8.408658,0.004141104,7.950064
8.417409,0.003963865,7.948088
8.425476,0.003840526,7.964717
8.434501,0.003809375,7.986475
8.442338,0.003548683,8.012439
8.451326,0.003548683,8.012439
8.458905,0.003443789,8.037292
8.467772,0.003443796,8.057005
8.476073,0.003539991,8.141698
8.484701,0.003691861,8.19441
8.493299,0.003427548,8.157982
8.501946,0.003766516,8.155911
8.510274,0.003432172,8.003
8.519691,0.003825731,8.28546
8.528284,0.004031612,8.313283
8.537863,0.004491199,8.257544
8.546806,0.004675185,8.347556
8.561951,0.004837347,8.518758
8.568784,0.004782729,8.305366
8.577413,0.004804515,8.472526
8.588318,0.004769112,8.449501
8.597415,0.004766495,8.49669
8.606766,0.00469832,8.459581
8.615466,0.004823658,8.550055
8.623666,0.004832788,8.59656
8.632484,0.004943188,8.638042
8.64128,0.005137889,8.703396
8.651198,0.005337629,8.781319
8.659135,0.005473146,8.760983
8.667917,0.005445133,8.741522
8.675894,0.005652277,8.784607
8.684545,0.00582024,8.923854
8.69262,0.005704089,8.87478
8.700986,0.005704089,8.87478
8.708889,0.005675229,8.882812
8.718034,0.005733084,8.939801
8.726973,0.005621213,8.919031
8.737039,0.005629335,9.009789
8.745949,0.005504495,9.057161
8.755869,0.005456104,9.09548
8.772938,0.005395785,9.053213
8.779134,0.005395785,9.053213
8.789425,0.005393214,9.027805
8.798617,0.005380138,9.004292
8.808045,0.005393531,9.018856
8.816868,0.005451651,9.051128
8.82506,0.005418249,9.018769
8.833724,0.005474574,9.035681
8.841784,0.005584509,8.991124
8.850758,0.005659603,9.027284
8.858925,0.005911773,9.054971
8.868657,0.005869526,8.97448
8.877397,0.00597607,9.057726
8.886411,0.005995102,9.052388
8.895558,0.006020495,9.097942
8.906019,0.005859512,9.120075
8.914941,0.005852951,9.122574
8.923093,0.005915297,9.125588
8.931717,0.005880057,9.125848
8.940866,0.005842249,9.170891
8.950523,0.005895803,9.18072
8.958892,0.006052303,9.19317
8.97924,0.005889374,9.141466
8.98649,0.005928102,9.168855
8.994814,0.005955905,9.197444
9.00548,0.005986355,9.204001
9.014851,0.006001832,9.205303
9.025493,0.006071317,9.232035
9.035699,0.006190888,9.164374
9.044588,0.006283238,9.176524
9.053414,0.006413879,9.217719
9.061353,0.006373361,9.26618
9.070601,0.006511698,9.294495
9.080387,0.006518432,9.284931
9.090969,0.006847802,9.382048
9.100063,0.006844293,9.302314
9.108344,0.006722003,9.295298
9.117575,0.006828955,9.300961
9.12584,0.006969733,9.325926
9.134275,0.007031144,9.282793
9.142603,0.007044451,9.289206
9.151675,0.007044451,9.289206
9.159652,0.007039031,9.313126
9.175414,0.006945781,9.362083
9.181255,0.006958405,9.437215
9.190804,0.006958405,9.437215
9.199389,0.006883493,9.439381
9.208016,0.007081457,9.435528
9.217427,0.007015446,9.36118
9.225675,0.007013372,9.324598
9.234243,0.006967735,9.222686
9.241938,0.006750505,9.205303
9.250838,0.006959814,9.244543
9.259028,0.007728433,9.333278
9.268733,0.006511715,8.992414
9.276934,0.007187664,9.176781
9.286055,0.008818763,9.347608
9.294687,0.007712873,9.020773
9.303732,0.00894183,9.057573
9.312625,0.008730015,8.840025
9.321961,0.01003838,9.013103
9.331007,0.01054428,9.059461
9.339066,0.01126179,9.041573
9.347531,0.01166198,9.108541
9.356109,0.01178217,9.142972
9.364353,0.01202528,9.163967
9.37889,0.01213561,9.160921
9.386233,0.01352043,9.331719
9.395144,0.01348467,9.232568
9.405199,0.01368322,9.282772
9.413001,0.01352138,9.278155
9.423019,0.01335309,9.255294
9.432295,0.01365588,9.28946
9.44036,0.01368606,9.433735
9.449491,0.01335703,9.390779
9.458857,0.01359162,9.503385
9.468456,0.01295303,9.348596
9.476636,0.01262617,9.255422
9.48554,0.01206975,9.186198
9.493818,0.01160045,9.210681
9.502469,0.01125083,9.252831
9.510487,0.01125083,9.252831
9.519324,0.01092722,9.256695
9.527536,0.01076801,9.23727
9.537077,0.0105281,9.132175
9.546085,0.01044925,9.072724
9.555197,0.0104064,9.050239
9.563166,0.01049877,9.069736
9.571926,0.01053238,9.042919
9.591057,0.01109047,9.140391
9.597059,0.01142113,9.140757
9.606308,0.01200404,9.174854
9.614979,0.01174666,9.186477
9.623831,0.01180338,9.220427
9.633403,0.01212861,9.28273
9.641502,0.01229291,9.356687
9.650294,0.01248521,9.408157
9.658287,0.01260012,9.421102
9.667131,0.01276848,9.491484
9.676165,0.0127376,9.478219
9.685374,0.01258232,9.466184
9.69376,0.01244362,9.424959
9.70261,0.01244664,9.428526
9.711024,0.0125707,9.473823
9.719989,0.01258613,9.466142
9.728065,0.01264717,9.446937
9.736928,0.01257872,9.384624
9.745456,0.01231888,9.372322
9.754683,0.01206214,9.405942
9.762512,0.01152396,9.397182
9.771681,0.01113071,9.39486
9.780056,0.0111711,9.403685
9.795624,0.01038274,9.365777
9.80226,0.009900361,9.379889
9.810476,0.009910512,9.40799
9.820263,0.009350688,9.407238
9.828613,0.008878754,9.51936
9.838534,0.008385009,9.529514
9.846992,0.007909629,9.580126
9.855333,0.007571682,9.631557
9.863564,0.007274215,9.6739
9.871975,0.007274215,9.6739
9.879823,0.00706376,9.736417
9.888417,0.006876717,9.68982
9.898874,0.00664735,9.730559
9.907106,0.006670076,9.771995
9.915735,0.006709664,9.844786
9.923677,0.006659883,9.969952
9.932725,0.006744535,10.0096
9.940938,0.006820412,9.906234
9.950503,0.00693632,9.998886
9.958408,0.007183182,9.979771
9.967388,0.007214584,10.00665
9.975338,0.007266784,10.07759
9.989025,0.00740944,10.14015
10.00474,0.007623035,10.28287
10.01026,0.007623035,10.28287
10.01945,0.008084872,10.50736
10.02772,0.008130528,10.36257
10.03861,0.008277616,10.55741
10.0514,0.00861759,10.58169
10.06051,0.009345643,10.73733
10.07073,0.008323113,10.48914
10.07986,0.008591674,10.77857
10.09086,0.008969743,10.8314
10.10019,0.007972043,10.74492
10.10845,0.008468782,10.83231
10.11702,0.008430711,10.79518
10.1254,0.008052868,10.6738
10.13447,0.007863702,10.64769
10.14284,0.007699578,10.70153
10.15191,0.007781677,10.75147
10.15997,0.007256357,10.76286
10.16881,0.007556541,10.90653
10.1768,0.007144938,11.01935
10.18587,0.00708027,11.03951
10.19423,0.006997897,11.04154
10.20975,0.006767108,11.06897
10.21711,0.006688129,11.07391
10.22517,0.006623283,11.16165
10.23434,0.00645981,11.29859
10.24211,0.006089332,11.29261
10.25166,0.006038592,11.36749
10.25978,0.005811331,11.37362
10.26907,0.00562671,11.37153
10.27694,0.005503785,11.39051
10.28591,0.00543341,11.4206
10.29432,0.00516145,11.43952
10.30306,0.005161636,11.47849
10.31121,0.005178996,11.51268
10.32008,0.004853453,11.51073
10.32836,0.005037431,11.59479
10.33731,0.004910554,11.56083
10.34707,0.004638709,11.53411
10.35568,0.005051923,11.56928
10.36464,0.003760996,11.57577
10.37267,0.004335307,11.57851
10.38171,0.004440677,11.61232
10.39031,0.003902852,11.76768
10.39897,0.003666244,11.62247
10.41432,0.003937763,11.76913
10.42015,0.003170427,11.71088
10.42862,0.003503628,11.82498
10.43825,0.003305569,11.73851
10.44679,0.003394928,11.79069
10.45579,0.003697963,11.8199
10.46435,0.004044054,11.87388
10.47316,0.003629774,11.89579
10.48258,0.003898959,11.95817
New Try
New Try
New Try
New Try
New Try
New Try
New Try
New Try
New Try
New Try
New Try
New Try
New Try
New Try
New Try
New Try
New Try
New Try
New Try
New Try
New Try
New Try
New Try
New Try
New Try
New Try
New Try
New Try
New Try
New Try
0.8339036,0.006819086,6.973277
0.8433522,0.006735028,6.904046
0.8512279,0.006640081,6.845444
0.8599577,0.006650792,6.899271
0.8682292,0.006672997,6.795465
0.8767113,0.006697305,6.747734
0.8857178,0.006534169,6.700103
0.8956124,0.006644677,6.655964
0.9042036,0.006610316,6.607081
0.9146999,0.006568974,6.516078
0.922929,0.006652232,6.542328
0.9311289,0.006652232,6.542328
0.9391243,0.006169079,6.355083
0.9486105,0.006400371,6.453546
0.9597009,0.006389514,6.335957
0.9740326,0.006428882,6.261405
0.9820731,0.006408727,6.216909
0.9911658,0.00640827,6.163702
0.999316,0.006090499,6.13322
1.008483,0.006191407,6.104127
1.024823,0.00633774,6.011902
1.030682,0.00593657,6.037736
1.039001,0.005938229,5.933362
1.048408,0.005808469,5.709559
1.058007,0.006003115,5.729776
1.066344,0.005923443,5.903853
1.075341,0.005962895,5.696156
1.083647,0.006059672,5.65475
1.091916,0.006075305,5.719437
1.099919,0.006075305,5.719437
1.108581,0.006093942,5.298016
1.11746,0.005967676,5.46411
1.127009,0.00592383,5.4053
1.135604,0.005857938,5.358073
1.145524,0.005827356,5.417612
1.153587,0.005819965,5.427009
1.162722,0.005949004,5.417938
1.17077,0.006095435,5.376365
1.179673,0.006055703,5.35372
1.187936,0.006114918,5.27756
1.196877,0.006152749,5.191955
1.205818,0.006171492,5.245831
1.214347,0.00633759,5.238581
1.229801,0.006538491,5.092353
1.235688,0.006516282,5.224648
1.245197,0.006517779,5.199234
1.253407,0.006627181,5.214775
1.263074,0.006625527,5.182701
1.270867,0.006625527,5.182701
1.279932,0.00684252,4.912149
1.288621,0.006780013,5.09493
1.29702,0.006790674,5.061519
1.305661,0.006893504,5.048728
1.314603,0.006900399,5.03178
1.323409,0.007001571,4.974057
1.33215,0.007164854,4.960568
1.341259,0.007254065,4.92398
1.349385,0.007460911,4.925134
1.358476,0.007451016,4.811249
1.36667,0.007436849,4.793218
1.375243,0.007758056,4.754069
1.383302,0.007765386,4.938402
1.392355,0.007854341,4.800692
1.400826,0.007593616,4.760328
1.421818,0.007785294,4.697445
1.449117,0.007457862,4.489168
1.461703,0.007248004,4.647893
1.471523,0.007115419,4.610274
1.4818,0.007189595,4.567975
1.493339,0.007260256,4.58236
1.502523,0.007340768,4.500672
1.514092,0.007395353,4.452367
1.523288,0.00727065,4.393736
1.533041,0.007292531,4.310526
1.542147,0.00729648,4.308845
1.550803,0.007153252,4.284138
1.561254,0.007195045,4.253582
1.570636,0.006987239,4.118276
1.580148,0.007031915,4.081687
1.590348,0.006797472,4.080344
1.599674,0.006738741,4.175138
1.609945,0.006821609,4.052653
1.619109,0.006755343,4.028516
1.629212,0.006712693,4.052991
1.647354,0.006667501,4.077079
1.653583,0.006651924,4.135217
1.663331,0.006651958,4.11466
1.673483,0.006517268,4.08629
1.68289,0.006560575,4.058399
1.693203,0.0064468,4.0556
1.70164,0.006530519,4.03012
1.7113,0.006350155,4.066016
1.719339,0.006641561,4.039003
1.728931,0.006553228,3.979805
1.736978,0.005976089,3.893248
1.745962,0.005893917,3.940891
1.753971,0.005903014,3.907156
1.762983,0.005900064,3.917167
1.771235,0.005900064,3.917167
1.779344,0.005472796,3.937262
1.787894,0.005259465,3.922263
1.796252,0.005268649,3.826536
1.804335,0.005208457,3.913766
1.813297,0.005126133,3.857829
1.821254,0.004830185,3.843284
1.830274,0.004859032,3.788738
1.846183,0.00463191,3.912765
1.851857,0.004477484,3.886855
1.861622,0.004608314,3.94804
1.87011,0.004537023,3.915717
1.8794,0.004905313,3.919865
1.889045,0.004815741,3.878685
1.898476,0.005416325,3.866954
1.907492,0.005585098,3.909661
1.91571,0.00546094,3.863307
1.925218,0.005595526,3.894908
1.934317,0.005272079,3.837063
1.943648,0.005219425,3.835532
1.952757,0.005172925,3.815313
1.961588,0.005115476,3.764524
1.97143,0.005111452,3.729827
1.982376,0.005127461,3.717838
1.997781,0.005634842,3.783928
2.006519,0.00548949,3.666502
2.015193,0.005496819,3.626013
2.024186,0.005833887,3.564362
2.03205,0.005642838,3.520421
2.047429,0.005650274,3.4976
2.053301,0.006081563,3.396383
2.062582,0.006311072,3.397247
2.070738,0.006344721,3.400876
2.080146,0.006188629,3.38113
2.090734,0.00732576,3.331959
2.099421,0.007085445,3.444465
2.108763,0.007222817,3.365692
2.1168,0.007167176,3.309733
2.125634,0.007346503,3.277396
2.133922,0.007218134,3.2961
2.143001,0.007296353,3.306656
2.151997,0.007185463,3.341289
2.161931,0.007080989,3.337067
2.171167,0.007091285,3.308787
2.180533,0.007133032,3.30405
2.189034,0.006880944,3.273212
2.197526,0.006673358,3.237005
2.206426,0.006490649,3.314225
2.215402,0.006504756,3.323546
2.224285,0.006396797,3.286344
2.232335,0.006506558,3.296813
2.247821,0.006645771,3.293961
2.253872,0.006736843,3.308313
2.263535,0.006865642,3.35322
2.27216,0.006845997,3.386973
2.280984,0.006944035,3.412256
2.290633,0.006660202,3.391652
2.298629,0.006711761,3.419878
2.307456,0.007110552,3.426227
2.31563,0.006797051,3.367146
2.324481,0.006439919,3.370575
2.333007,0.006882342,3.540995
2.341649,0.006286456,3.490259
2.349816,0.006286456,3.490259
2.357917,0.005935293,3.548617
2.366017,0.005793723,3.547458
2.374584,0.005717915,3.575222
2.382406,0.005617133,3.613517
2.391146,0.005617133,3.613517
2.398839,0.005716024,3.653502
2.407762,0.00586659,3.679616
2.416517,0.006056194,3.709824
2.425467,0.006213905,3.733657
2.434034,0.006255535,3.737379
2.450198,0.006303268,3.740992
2.457136,0.006209449,3.721838
2.465388,0.006169165,3.657519
2.474919,0.006132552,3.575222
2.484352,0.006061398,3.569412
2.495116,0.005849531,3.526589
2.503195,0.005799301,3.457514
2.51304,0.006088379,3.423026
2.522594,0.006114141,3.391537
2.531312,0.006202962,3.383214
2.540453,0.005919006,3.647441
2.548685,0.005805558,3.315112
2.557745,0.005622986,3.412944
2.566225,0.005613904,3.451279
2.574688,0.00555112,3.400588
2.582561,0.005733207,3.322486
2.592162,0.005924095,3.22695
2.601758,0.005342205,3.382288
2.610812,0.005238131,3.346207
2.619246,0.005240749,3.361618
2.628633,0.005199929,3.375683
2.637256,0.005118502,3.365808
2.652014,0.005052521,3.248717
2.658986,0.005006939,3.328138
2.667162,0.005044701,3.299187
2.677694,0.005222709,3.291702
2.686487,0.005111113,3.172311
2.696305,0.005404928,3.196594
2.705583,0.005763121,3.135003
2.713885,0.005833751,3.132879
2.722144,0.005781794,3.101478
2.731592,0.005669074,3.027244
2.741172,0.005467329,2.927169
2.750733,0.005467329,2.927169
2.760678,0.00508004,2.81202
2.769257,0.00508004,2.81202
2.777672,0.004829631,2.748942
2.785941,0.004604422,2.71195
2.794719,0.004308769,2.654612
2.802633,0.003849019,2.607895
2.81159,0.00357261,2.561855
2.81953,0.003408169,2.489629
2.828412,0.003048168,2.465533
2.837599,0.00281945,2.295246
2.852408,0.002302537,2.351353
2.859701,0.002437296,2.361237
2.86816,0.002110245,1.896098
2.877571,0.001893277,2.246289
2.886242,0.001707748,2.217438
2.895679,0.001599248,2.225895
2.904205,0.001478146,2.323132
2.91296,0.001525595,2.031436
2.921046,0.001640483,2.038553
2.929573,0.001561592,2.005255
2.938793,0.001683268,1.999195
2.948116,0.001696185,1.957248
2.956994,0.001748339,2.009253
2.965297,0.001761466,1.917446
2.973943,0.001817747,1.841432
2.982187,0.001787366,1.795914
2.994011,0.001800484,1.808618
3.008116,0.001886792,1.706856
3.016829,0.001849163,1.578428
3.025612,0.00202746,1.666831
3.03374,0.001935184,1.602788
3.042721,0.001900301,1.577684
3.059888,0.00195026,1.572714
3.065765,0.001956,1.569725
3.074852,0.001942552,1.552678
3.083023,0.001906201,1.520585
3.092741,0.001867513,1.482265
3.100446,0.002110859,1.46967
3.110049,0.001991911,1.4878
3.118164,0.001881581,1.485431
3.126932,0.002715538,1.464067
3.134822,0.002258876,1.446586
3.143896,0.002069234,1.41347
3.15149,0.002069234,1.41347
3.160078,0.001915627,1.391283
3.168538,0.001802969,1.341151
3.177442,0.001961944,1.340567
3.186594,0.001759944,1.375155
3.196257,0.001362588,1.367449
3.205749,0.001481154,1.341005
3.214828,0.001227039,1.387198
3.224059,0.001507985,1.36487
3.231972,0.001634753,1.371735
3.240706,0.001632266,1.416789
3.248996,0.001710676,1.488195
3.264269,0.002313673,1.474588
3.271625,0.002467082,1.498286
3.281213,0.002605596,1.615679
3.290581,0.004114839,1.553812
3.298741,0.004312126,1.622568
3.307853,0.004537975,1.492003
3.316041,0.004632766,1.582885
3.325087,0.004866706,1.533911
3.333338,0.00507282,1.634824
3.342417,0.005173749,1.630869
3.350509,0.005378282,1.666126
3.359344,0.005364625,1.641275
3.367639,0.005181795,1.734381
3.376782,0.004999626,1.677714
3.384821,0.005000422,1.674328
3.393857,0.005049483,1.677714
3.401912,0.005738727,1.813589
3.411304,0.005570789,1.847056
3.419293,0.005711184,1.824991
3.42852,0.005658973,1.816715
3.438852,0.005643509,1.816392
3.447549,0.005680655,1.818546
3.456591,0.005988853,1.779603
3.471387,0.006111723,1.83547
3.477688,0.006111723,1.83547
3.486308,0.006265596,1.848433
3.497539,0.006380495,1.862986
3.507315,0.006440796,1.804068
3.515969,0.006525078,1.858148
3.525252,0.006721157,1.87555
3.533768,0.006661543,1.956248
3.542888,0.006795385,1.978827
3.5509,0.00711336,2.009545
3.561098,0.007004446,2.284305
3.569898,0.006558039,2.378499
3.578197,0.006604475,2.332465
3.58699,0.006718914,2.316804
3.596017,0.006611525,2.378663
3.604831,0.006689914,2.458139
3.614287,0.006820132,2.500924
3.623298,0.006718789,2.551903
3.631302,0.006698076,2.57785
3.640324,0.006857424,2.572529
3.64877,0.006524907,2.64012
3.657432,0.006727969,2.473697
3.673385,0.006625275,2.538907
3.679037,0.006625275,2.538907
3.687582,0.006653374,2.596763
3.697416,0.00666418,2.644713
3.706878,0.00663211,2.716493
3.71519,0.006476156,2.780941
3.724362,0.006458678,2.708916
3.732321,0.006217915,2.676788
3.74114,0.005947044,2.656307
3.749272,0.005842553,2.689481
3.758006,0.005944584,2.616138
3.765985,0.005671581,2.654096
3.774945,0.005511736,2.670638
3.782671,0.005288346,2.831928
3.791777,0.005153602,2.693772
3.799968,0.005136923,2.772623
3.809303,0.004840541,2.688608
3.817304,0.004760046,2.709639
3.82628,0.004728101,2.746733
3.834245,0.004690824,2.805469
3.843398,0.004696747,2.8643
3.851469,0.004762785,2.949222
3.861679,0.004719076,2.983341
3.879241,0.004616448,3.049023
3.885632,0.0045065,3.095159
3.895021,0.004407937,3.136251
3.903471,0.004409132,3.181923
3.912694,0.00430652,3.205157
3.920896,0.004196173,3.234767
3.929952,0.004143858,3.281933
3.939466,0.00415242,3.431138
3.948602,0.004000729,3.233253
3.957696,0.004088992,3.064777
3.966624,0.003663272,3.231679
3.975224,0.003621023,3.161865
3.984303,0.003479453,3.200328
3.994986,0.002963221,3.292415
4.004155,0.002916039,3.137999
4.019631,0.002916039,3.137999
4.02779,0.002906106,3.14983
4.036719,0.003055342,3.115459
4.045527,0.003180774,3.084007
4.054183,0.003267778,3.009083
4.062291,0.003339922,3.002179
4.07818,0.003375486,2.998525
4.084342,0.003484459,3.00674
4.093964,0.003607107,3.007391
4.101737,0.003620124,2.969398
4.111554,0.003632927,2.931713
4.119946,0.00385219,2.951146
4.128993,0.003792333,2.90178
4.137931,0.003844382,2.891914
4.146676,0.003857382,2.921144
4.155623,0.003978158,2.877256
4.163684,0.004041762,2.869967
4.172268,0.003914489,2.86949
4.180256,0.003914489,2.86949
4.188861,0.003831654,2.870717
4.197113,0.003677453,2.846682
4.205897,0.003509829,2.798203
4.21443,0.00342767,2.755911
4.224424,0.003347245,2.780589
4.234247,0.003314089,2.809653
4.244164,0.003325841,2.846751
4.253351,0.003325519,2.892862
4.261783,0.003335806,2.891102
4.27071,0.003341929,2.91873
4.286013,0.00329856,2.894823
4.292774,0.003324108,2.868398
4.300982,0.003368007,2.787128
4.31115,0.003382501,2.842967
4.319327,0.003392927,2.77756
4.328463,0.00338243,2.811324
4.336709,0.003376343,2.856773
4.345538,0.003386208,2.888866
4.354417,0.003510888,2.903871
4.362861,0.003510792,2.889883
4.371507,0.003556706,2.826601
4.379726,0.003646798,2.798903
4.389114,0.003672713,2.788182
4.39725,0.003653636,2.854168
4.406197,0.003775541,2.867852
4.414643,0.003688476,3.029572
4.42285,0.003799304,2.919803
4.431263,0.004243003,2.903466
4.441273,0.00462813,2.888663
4.451663,0.004927029,2.656823
4.461235,0.005114322,2.762154
4.469819,0.005349023,2.753353
4.47814,0.005583758,2.884594
4.496989,0.006307938,2.96854
4.502966,0.006661532,2.938716
4.51276,0.007245233,2.713104
4.521905,0.007597183,2.773611
4.530869,0.007933234,2.742953
4.540983,0.008087641,2.772623
4.549532,0.008087641,2.772623
4.55839,0.008414686,2.928105
4.566609,0.008606144,2.906768
4.575353,0.008801697,2.926768
4.583525,0.009099835,2.958963
4.593033,0.009175424,2.958963
4.600952,0.009089014,2.885409
4.610381,0.00928117,2.866009
4.618723,0.009360629,2.914838
4.627658,0.009375151,2.961806
4.636185,0.00926391,3.072369
4.644721,0.009313327,3.092122
4.653694,0.009125989,3.275962
4.661702,0.009094864,3.329902
4.670248,0.009094864,3.329902
4.678481,0.008969738,3.398227
4.695839,0.00836312,3.411911
4.701514,0.008231175,3.456494
4.711345,0.008200063,3.528254
4.719684,0.008331625,3.542764
4.729152,0.008277539,3.620933
4.738388,0.008381758,3.674184
4.746646,0.008304232,3.500286
4.755511,0.008122409,3.589869
4.764293,0.008039138,3.533411
4.773608,0.007807323,3.608963
4.782665,0.007661231,3.662655
4.792646,0.007715857,3.805909
4.802367,0.007635072,3.899932
4.812368,0.007420592,3.907456
4.821038,0.007490008,3.951857
4.82906,0.007408967,3.994785
4.838143,0.007418486,3.943474
4.846411,0.007370168,4.02039
4.855654,0.007312795,3.988751
4.863876,0.007292891,4.059895
4.87258,0.007306868,4.11742
4.880499,0.007349716,4.16283
4.896367,0.007453175,4.230961
4.902737,0.007445664,4.304797
4.911847,0.007372858,4.349831
4.920418,0.007372858,4.349831
4.929335,0.007301363,4.573632
4.939245,0.007153926,4.393157
4.948392,0.006944395,4.390972
4.957092,0.006699803,4.388741
4.965547,0.00648409,4.4169
4.974654,0.006327569,4.469929
4.983716,0.006209772,4.52606
4.993815,0.006052162,4.55707
5.00195,0.005899035,4.590646
5.011536,0.005724591,4.617959
5.020161,0.005536551,4.631343
5.034148,0.005516222,4.680065
5.044733,0.005478174,4.709023
5.05384,0.005551181,4.726587
5.061892,0.005754242,4.775201
5.071042,0.005344064,4.994536
5.079127,0.00552461,4.828847
5.08804,0.006035313,4.815888
5.103146,0.006438805,4.873471
5.109879,0.006963616,4.904885
5.118242,0.007552639,4.933996
5.127545,0.007976135,4.850382
5.136048,0.008598004,5.022856
5.145391,0.008758125,5.008677
5.154802,0.009016916,5.058808
5.163004,0.009009635,5.049737
5.171523,0.009012116,5.035206
5.179498,0.008987913,5.071186
5.188591,0.008739239,5.127246
5.196454,0.008571153,5.143004
5.20531,0.0084655,5.219395
5.213643,0.008192851,5.221759
5.222148,0.00802233,5.228509
5.230312,0.008007675,5.303635
5.239075,0.008067206,5.085307
5.247262,0.007882568,5.199083
5.256834,0.007813604,5.090237
5.266677,0.007670511,5.116765
5.27644,0.007639752,5.111056
5.285309,0.007580328,5.174718
5.29368,0.00760902,5.271245
5.310207,0.007667126,5.277412
5.316968,0.007746874,5.31585
5.327755,0.007699456,5.284462
5.337469,0.007687591,5.295463
5.346174,0.007738694,5.289058
5.35544,0.007735241,5.379426
5.363722,0.007754815,5.479618
5.373093,0.00784243,5.566973
5.380598,0.007909374,5.605145
5.389941,0.007973157,5.661609
5.398857,0.007905948,5.693264
5.408923,0.007819092,5.647363
5.416807,0.007647788,5.742146
5.426017,0.007626542,5.682652
5.434941,0.007572287,5.77163
5.444427,0.007509004,5.993516
5.453902,0.007389985,6.038386
5.46179,0.007526078,6.051099
5.470655,0.007547047,6.118466
5.479207,0.007415493,6.185769
5.489481,0.007356131,6.189666
5.497844,0.007322629,6.202006
5.513609,0.007372791,6.261218
5.520153,0.007391052,6.267227
5.529968,0.007301097,6.445611
5.539438,0.007334048,6.447953
5.547637,0.007125234,6.499053
5.557439,0.006888345,6.475598
5.565601,0.00675127,6.498239
5.574781,0.006566744,6.519268
5.582769,0.006472559,6.558075
5.591744,0.006423214,6.588386
5.600357,0.006503311,6.47802
5.609532,0.006451385,6.68102
5.61757,0.006304678,6.830988
5.627338,0.006254185,6.847048
5.63665,0.006163247,6.902455
5.645338,0.006099354,6.978478
5.654588,0.005958025,7.049682
5.662476,0.005803061,7.132426
5.671315,0.005803061,7.132426
5.679179,0.005889252,7.195929
5.688298,0.005654051,7.263175
5.696909,0.005517737,7.340134
5.706156,0.005352781,7.43358
5.722058,0.005051929,7.544416
5.727828,0.004920432,7.601684
5.73714,0.004810024,7.568153
5.745726,0.004439473,7.583617
5.75514,0.004410123,7.586127
5.763798,0.003907506,7.613293
5.77305,0.003732066,7.66324
5.780869,0.003156546,7.97959
5.790003,0.002955872,7.807131
5.798222,0.002161151,8.094393
5.806961,0.001955032,7.926374
5.81519,0.001819999,7.986868
5.824216,0.001643095,8.063532
5.832013,0.001508934,8.116774
5.841399,0.00136329,8.103848
5.849493,0.001218273,8.137403
5.858346,0.001004926,8.246169
5.866405,0.0006297275,8.289582
5.875322,0.0007962944,8.306997
5.883419,0.000607743,8.341108
5.892511,0.0005638192,8.360648
5.900655,0.0006257548,8.406955
5.909853,0.0006924226,8.425482
5.925491,0.0009946261,8.480287
5.931386,0.001043005,8.500942
5.941574,0.001277941,8.585358
5.951359,0.001200612,8.587895
5.960697,0.001321821,8.659389
5.969975,0.001224371,8.61655
5.978566,0.001412705,8.75055
5.989566,0.001423121,8.763428
5.998643,0.001383491,8.793993
6.008907,0.001353634,8.786037
6.016933,0.001354861,8.823119
6.025717,0.001559899,8.954799
6.039202,0.001559899,8.954799
6.046865,0.001605023,9.02565
6.055735,0.001725152,9.121627
6.063913,0.00175958,9.115484
6.072575,0.001846266,9.154655
6.080375,0.001805483,9.138263
6.089381,0.001921587,9.206072
6.097241,0.00208497,9.301891
6.106203,0.002128143,9.34216
6.114769,0.002113693,9.309157
6.129618,0.002253948,9.306201
6.137479,0.002703081,9.437778
6.146142,0.002897965,9.344664
6.155568,0.00315116,9.357758
6.163614,0.003547747,9.337235
6.173243,0.003861198,9.397873
6.181118,0.003995695,9.399713
6.190301,0.004406251,9.520516
6.198228,0.00418881,9.414506
6.207091,0.004254558,9.338899
6.21663,0.004297256,9.324809
6.226432,0.004426799,9.346808
6.235033,0.004574412,9.374461
6.243397,0.004630168,9.397705
6.25183,0.004630168,9.397705
6.259771,0.004814325,9.441109
6.268752,0.00480167,9.399252
6.277089,0.004819106,9.354144
6.286208,0.004848154,9.332793
6.295309,0.004828486,9.362629
6.305147,0.004997828,9.41221
6.314781,0.005128901,9.468219
6.32393,0.00517293,9.473449
6.339354,0.005168698,9.475896
6.345474,0.005379947,9.479837
6.354828,0.005274965,9.354397
6.363078,0.00520228,9.384247
6.372664,0.005234268,9.423979
6.380348,0.005234268,9.423979
6.389826,0.00514353,9.455983
6.3983,0.004986562,9.486594
6.407204,0.004923386,9.507583
6.41532,0.004790481,9.509939
6.424278,0.004696498,9.500612
6.432152,0.004572758,9.487796
6.440899,0.004572758,9.487796
6.449333,0.004513676,9.487548
6.459043,0.004449422,9.441566
6.468758,0.004375912,9.486428
6.478114,0.004340495,9.527843
6.486932,0.004341192,9.530215
6.496087,0.004516563,9.524067
6.506599,0.004428139,9.373707
6.515451,0.004625205,9.252831
6.524921,0.004689104,9.211471
6.540753,0.004429781,9.140435
6.547017,0.00459876,9.299778
6.558478,0.004883188,9.273389
6.566656,0.00486989,9.228075
6.57682,0.00499888,9.271672
6.586905,0.005167307,9.287387
6.594948,0.005096497,9.129292
6.604294,0.00519959,9.05013
6.612426,0.005222455,9.058247
6.621251,0.005401539,9.132456
6.629322,0.005585813,9.212666
6.638606,0.005839583,9.304764
6.646739,0.005823893,9.231929
6.655509,0.006108024,9.184145
6.663671,0.006156834,9.12447
6.672364,0.006347617,9.169583
6.680309,0.006477099,9.221045
6.689451,0.006576028,9.161415
6.698198,0.006492485,9.19163
6.707082,0.006820437,9.310297
6.715253,0.006979639,9.397538
6.724326,0.007071063,9.287387
6.732619,0.007167352,9.27824
6.747631,0.007223452,9.277033
6.754751,0.007058873,9.22701
6.763201,0.007185827,9.388038
6.772745,0.007206653,9.413128
6.780318,0.007206653,9.413128
6.789458,0.007271499,9.485061
6.797584,0.007285941,9.549626
6.807329,0.007234153,9.639493
6.816919,0.007256333,9.684544
6.826572,0.007097712,9.554647
6.836196,0.006910036,9.630638
6.845206,0.006833998,9.626432
6.855614,0.00679712,9.760962
6.863806,0.006823777,9.819306
6.873211,0.007094959,9.779859
6.881012,0.007037548,9.728518
6.890489,0.007037548,9.728518
6.898171,0.006891005,9.675526
6.907315,0.0067732,9.53603
6.915407,0.006843311,9.560037
6.924469,0.007222572,9.541718
6.932259,0.007187895,9.650317
6.941268,0.007114381,9.7213
6.958325,0.007004327,9.684868
6.965425,0.007215103,9.740212
6.975367,0.006957491,9.752074
6.983936,0.0067826,9.741282
6.993412,0.00675339,9.832774
7.002681,0.00615685,9.891195
7.014565,0.006349576,9.94914
7.023911,0.005964459,10.03315
7.031772,0.005801121,10.01278
7.040734,0.005586309,10.09479
7.05494,0.005498221,10.02629
7.062983,0.005355435,10.11849
7.071636,0.005127192,10.13966
7.079786,0.005085798,10.18466
7.088499,0.005034631,10.25854
7.096467,0.004716335,10.2966
7.10543,0.004634204,10.35881
7.113696,0.004572223,10.40323
7.122425,0.004529571,10.43166
7.130538,0.00449033,10.49064
7.140014,0.004488965,10.48751
7.14838,0.004528797,10.56777
7.164303,0.004674369,10.69288
7.171474,0.004674369,10.69288
7.179156,0.004722157,10.73557
7.188748,0.004737005,10.76999
7.196623,0.004784229,10.79567
7.206334,0.004789341,10.78027
7.214708,0.004898508,10.86789
7.223761,0.004920723,10.87153
7.232111,0.005061527,10.9278
7.241239,0.004711251,10.98605
7.249718,0.004672288,11.00825
7.258191,0.004709463,10.99456
7.267038,0.004809995,11.07736
7.275516,0.005022792,11.1333
7.28426,0.005070135,11.11149
7.292607,0.005108963,11.15537
7.301192,0.005228951,11.29536
7.309881,0.005253249,11.27187
7.318982,0.005502447,11.41803
7.328035,0.005650241,11.41629
7.337598,0.005712465,11.40171
7.346978,0.005744069,11.38121
7.356376,0.005770597,11.28863
7.37347,0.005764014,11.32976
7.379114,0.005853372,11.40368
7.389781,0.005786141,11.40878
7.399141,0.005750369,11.46216
7.409669,0.005773234,11.52448
7.417875,0.005672528,11.46113
7.427,0.005684116,11.44398
7.435854,0.005637007,11.42608
7.444101,0.005572195,11.32945
7.45315,0.005585135,11.24602
7.461562,0.005575244,11.29866
7.471853,0.005639631,11.3475
7.480304,0.005639631,11.3475
7.48921,0.005671305,11.40683
7.497677,0.005499265,11.35083
7.506732,0.005571565,11.46336
7.517508,0.005611773,11.48263
7.526956,0.00550653,11.42105
7.535791,0.00549689,11.39935
7.544281,0.005522994,11.39389
7.553179,0.0054052,11.18322
7.561217,0.005405836,11.18843
7.576239,0.005345899,11.21603
7.581597,0.005356234,11.25281
7.591572,0.005351341,11.2569
7.60099,0.005429239,11.33253
7.610016,0.005403051,11.27059
7.619153,0.005391202,11.23731
7.627671,0.005394364,11.28322
7.636707,0.005414424,11.26881
7.644867,0.005553406,11.29803
7.653616,0.00535735,11.29494
7.661113,0.005447704,11.35213
7.669931,0.005864028,11.50069
7.678605,0.005122365,11.11693
7.687624,0.005345714,11.37103
7.697619,0.005574507,11.38609
7.706815,0.005692472,11.3514
7.71546,0.005923208,11.38145
7.724069,0.005019581,10.94091
7.73223,0.00526127,11.16147
7.740834,0.005034688,11.18336
7.749294,0.005033693,11.19333
7.76006,0.005540141,11.21382
7.769982,0.004600765,11.09548
7.786726,0.004862377,11.16722
7.792435,0.005122393,11.25935
7.80083,0.004847482,11.25169
7.810013,0.004823685,11.27716
7.819349,0.004758972,11.32032
7.827962,0.004783316,11.33122
7.836915,0.004730142,11.32724
7.845016,0.004847873,11.23605
7.853845,0.004944033,11.2814
7.861606,0.004964035,11.28655
7.870705,0.004952554,11.29683
7.878711,0.005000408,11.30251
7.888225,0.00524871,11.39072
7.896058,0.005265187,11.34102
7.905076,0.005366412,11.32672
7.913508,0.005464921,11.30125
7.922154,0.005382123,11.26222
7.930166,0.005528857,11.34484
7.939851,0.005344009,11.17593
7.947945,0.005927483,11.32757
7.956766,0.005418495,11.10582
7.966041,0.005819391,11.15219
7.975951,0.005674846,11.01667
7.994107,0.005715461,11.08909
8.000131,0.005919536,11.26726
8.010859,0.006015575,11.00593
8.021713,0.00598158,10.99913
8.029789,0.00598158,10.99913
8.039546,0.005650616,10.97709
8.048024,0.005526965,10.94873
8.062548,0.005414198,10.90699
8.071651,0.005197588,10.8678
8.079498,0.005115842,10.86044
8.088423,0.004872336,10.80826
8.096434,0.004783391,10.77404
8.105549,0.004404119,10.71146
8.113726,0.004314568,10.70403
8.12273,0.004063626,10.74882
8.130807,0.004063626,10.74882
8.14021,0.004149207,10.76
8.150817,0.003873096,10.69656
8.159317,0.004005818,10.64244
8.170231,0.004026873,10.56878
8.178486,0.003943624,10.52377
8.194109,0.003915497,10.54691
8.200151,0.003806774,10.5423
8.209991,0.003497208,10.4386
8.222815,0.003362038,10.33274
8.231758,0.003211827,10.26081
8.241235,0.003049059,10.20378
8.250002,0.003049059,10.20378
8.258196,0.00274346,10.12287
8.266987,0.002696616,10.04592
8.275381,0.00258872,9.960657
8.283662,0.00234662,9.853649
8.29191,0.002384127,9.803153
8.300372,0.002384127,9.803153
8.308466,0.002410057,9.697993
8.317027,0.002570249,9.57713
8.325727,0.002699825,9.46851
8.334064,0.002764319,9.404709
8.342557,0.003150094,9.267813
8.351382,0.002322949,9.286625
8.360623,0.002510534,9.164567
8.370509,0.002958664,9.240439
8.379482,0.003059133,9.146023
8.396352,0.003738372,8.822273
8.403937,0.003659041,8.780313
8.411789,0.003747578,8.708541
8.421081,0.003581652,8.634722
8.429494,0.003842878,8.546885
8.438979,0.003745191,8.422684
8.447265,0.003528678,8.36809
8.456248,0.003484194,8.310802
8.466148,0.003407309,8.215635
8.475865,0.003447858,8.133953
8.484787,0.0034832,8.0327
8.493086,0.003524139,7.978064
8.501617,0.00362379,7.943122
8.511224,0.003825531,7.897545
8.521781,0.003843448,7.86357
8.529912,0.003883607,7.836792
8.539243,0.003960375,7.773497
8.547633,0.003997441,7.749675
8.557008,0.004025055,7.670305
8.566392,0.00418677,7.617415
8.576924,0.004266414,7.508906
8.586648,0.004277387,7.480289
8.603298,0.004447963,7.422803
8.609367,0.004447963,7.422803
8.618227,0.004485908,7.382726
8.626959,0.00451231,7.383098
8.636117,0.004543495,7.383098
8.64408,0.00460331,7.324265
8.653107,0.004692591,7.282841
8.660751,0.004785114,7.257095
8.66952,0.004785114,7.257095
8.6772,0.004797152,7.267065
8.686378,0.004861762,7.232425
8.694888,0.004938997,7.222164
8.703658,0.004972721,7.188673
8.711828,0.005214266,7.17135
8.720545,0.005214266,7.17135
8.728369,0.005377464,7.207044
8.737628,0.005803407,7.13809
8.745955,0.00579682,7.274728
8.754833,0.005905855,7.207697
8.763361,0.005946003,7.137018
8.772419,0.006152766,7.107767
8.780642,0.006165449,7.079698
8.78998,0.006448644,7.032939
8.805505,0.006439911,7.107105
8.811341,0.006439911,7.107105
8.820399,0.00638515,7.161495
8.828558,0.006374218,7.22545
8.838158,0.006412624,7.272354
8.846221,0.006323699,7.35482
8.856035,0.006616447,7.39335
8.865661,0.006784223,7.37951
8.875204,0.006935019,7.48928
8.884882,0.006868378,7.604575
8.894765,0.006819022,7.629875
8.904184,0.006742502,7.679358
8.912376,0.006799515,7.67184
8.921239,0.006834826,7.667106
8.92974,0.006136565,7.948632
8.939144,0.006215749,7.774557
8.947635,0.008189838,7.424706
8.956205,0.0078696,7.92417
8.964522,0.007859441,8.038099
8.974771,0.007719988,8.138031
8.983775,0.007684228,8.199703
8.991682,0.007628699,8.286479
9.007297,0.007796997,8.405226
9.015031,0.007609401,8.553201
9.025847,0.007812055,8.594046
9.035894,0.007472102,8.810619
9.044065,0.007664568,9.102001
9.053687,0.007518233,9.071361
9.061584,0.007817112,9.147784
9.07067,0.008278035,9.237355
9.084814,0.007800855,9.265014
9.093198,0.00695299,9.429026
9.10164,0.007885453,9.461552
9.110022,0.008148528,9.438193
9.11873,0.008010809,9.527245
9.126856,0.007723729,9.755037
9.135208,0.007640675,9.811754
9.143127,0.007521468,9.757557
9.151539,0.007739739,9.762896
9.16066,0.007394081,9.949259
9.171071,0.007507425,9.950384
9.179276,0.00751169,9.988457
9.188475,0.007274006,10.10678
9.196412,0.007356403,10.10784
9.211772,0.007266869,10.2765
9.219284,0.007050029,10.39487
9.227515,0.00724186,10.32716
9.236764,0.007061116,10.38021
9.245258,0.007129556,10.32659
9.254545,0.007203505,10.29254
9.263196,0.007164301,10.37949
9.272318,0.00722435,10.42134
9.280472,0.00705435,10.51605
9.289433,0.007050373,10.55126
9.29775,0.006994464,10.64222
9.306378,0.007052438,10.69641
9.315107,0.006921714,10.70765
9.323555,0.006904566,10.71362
9.3319,0.006879297,10.74195
9.340135,0.006963253,10.74371
9.348518,0.006907683,10.81248
9.356837,0.006842687,10.93139
9.365536,0.006679691,11.08324
9.373987,0.006717628,11.07562
9.382139,0.006715811,11.10582
9.39115,0.00686776,11.12677
9.400857,0.006870466,11.11388
9.420131,0.006638926,11.2321
9.426443,0.006868622,11.13264
9.4354,0.006733598,11.26428
9.443583,0.006677213,11.31581
9.452834,0.006585412,11.40672
9.460736,0.006262679,11.41613
9.47087,0.006117032,11.51019
9.4801,0.006481113,11.55036
9.489328,0.006481113,11.55036
9.497052,0.006456688,11.58728
9.506038,0.006366933,11.66089
9.516321,0.006273971,11.89786
9.526431,0.006539748,11.79916
9.534983,0.006603247,11.92645
9.543631,0.00688442,12.07052
9.552653,0.006856982,12.18826
9.561849,0.007013639,12.339
9.570868,0.007013639,12.339
9.579062,0.006403439,12.55905
9.588387,0.007418865,12.21921
9.596448,0.007184125,12.51849
New Try
New Try
New Try
New Try
New Try
New Try
New Try
New Try
0.4363789,0.02660954,6.010337
0.4433685,0.02633161,5.921126
0.4523606,0.02609647,6.013141
0.4603133,0.02466255,6.111317
0.4692231,0.02362074,5.844792
0.4774585,0.02346258,5.990507
0.4869701,0.02334388,5.958352
0.4948909,0.02316866,5.891955
0.5100295,0.02303357,5.829648
0.5174856,0.02292857,5.794136
0.5258576,0.02272182,5.943826
0.5366566,0.02272623,5.935906
0.5452689,0.02258157,5.917483
0.5547044,0.02242596,5.932966
0.5631973,0.02241541,5.90976
0.5724635,0.02233305,5.87176
0.5828682,0.02226873,5.89701
0.5913069,0.02228515,5.784961
0.6004544,0.02228658,5.819451
0.6083865,0.02228522,5.786688
0.6180107,0.02213833,5.764324
0.6264522,0.02211219,5.781199
0.6355253,0.02212376,5.833715
0.643256,0.02213155,5.8785
0.6523126,0.02211666,5.806638
0.6608917,0.02212212,5.856652
0.6695898,0.02211925,5.803904
0.6777258,0.0222329,5.826655
0.6869993,0.02224087,5.825444
0.6960154,0.0222707,5.8319
0.7135352,0.02228019,5.83022
0.7212131,0.02226758,5.834824
0.7294817,0.02226827,5.81035
0.7389659,0.02224048,5.775568
0.7474312,0.0222422,5.731008
0.7567357,0.02225431,5.727997
0.7649618,0.02223407,5.752104
0.7731637,0.02223407,5.752104
0.7810501,0.02224362,5.732718
0.7898172,0.02226345,5.755784
0.7987448,0.02224132,5.774482
0.8066971,0.02225314,5.758473
0.8156063,0.02222532,5.72389
0.8238755,0.02220138,5.709284
0.8331481,0.02227634,5.691887
0.8411409,0.02236812,5.683755
0.8501086,0.02237236,5.765786
0.8583713,0.02225146,5.743921
0.8672209,0.02221302,5.770034
0.8750154,0.02221661,5.797314
0.8836731,0.02204615,5.758643
0.8919744,0.0218486,5.721766
0.9007371,0.02199859,5.733469
0.9168968,0.02194133,5.759936
0.9247725,0.02190824,5.76667
0.9351249,0.02189447,5.753876
0.9432211,0.02203451,5.741736
0.9528099,0.02203029,5.698873
0.9610426,0.02199326,5.684411
0.970758,0.02197428,5.679685
0.9788343,0.02199103,5.692645
0.9879371,0.02198308,5.723342
0.9965434,0.02198196,5.751763
1.004818,0.02199186,5.770815
1.013052,0.02202662,5.759936
1.021619,0.02203654,5.793932
1.029594,0.02211144,5.766194
1.039243,0.02210665,5.716009
1.049103,0.02215389,5.757281
1.057465,0.02215886,5.718683
1.066401,0.02217436,5.720396
1.076251,0.02221119,5.716797
1.087466,0.02221967,5.717963
1.095282,0.02224465,5.71642
1.104313,0.02225863,5.714843
1.120056,0.02227281,5.717106
1.126347,0.02229311,5.704545
1.136136,0.02231945,5.713231
1.143721,0.0223599,5.713917
1.154278,0.02245948,5.734871
1.162426,0.02243211,5.738049
1.171722,0.02247244,5.733538
1.180079,0.02257855,5.708529
1.188974,0.0224903,5.722589
1.197362,0.02251248,5.754966
1.206117,0.02236595,5.70506
1.214717,0.02270046,5.6821
1.223129,0.02271777,5.689546
1.232253,0.02278121,5.64278
1.240233,0.02295232,5.611784
1.24936,0.02278703,5.611295
1.258083,0.02294678,5.625283
1.266702,0.02290035,5.690855
1.274567,0.0227981,5.656691
1.28353,0.02283187,5.758132
1.291675,0.02288346,5.767112
1.300548,0.0226779,5.766058
1.309035,0.02268281,5.716317
1.328829,0.02276836,5.689579
1.336913,0.02279431,5.715598
1.345991,0.02270222,5.7519
1.356723,0.02282727,5.809676
1.367074,0.02251927,5.813251
1.376533,0.02271521,5.718272
1.386598,0.0225812,5.718751
1.396212,0.0227706,5.674679
1.405145,0.02274319,5.715666
1.413961,0.02235233,5.841404
1.422691,0.02249192,5.718957
1.43228,0.02246094,5.751968
1.440613,0.02270978,5.757145
1.449504,0.02259087,5.708872
1.45745,0.02260997,5.685376
1.466065,0.02261609,5.686582
1.473772,0.02261609,5.686582
1.482738,0.02267423,5.684307
1.491821,0.02269942,5.733846
1.501226,0.0226288,5.735759
1.510477,0.02256904,5.766738
1.526503,0.02262419,5.737161
1.533653,0.02265985,5.732239
1.542743,0.02228945,5.769388
1.553609,0.02229606,5.838685
1.562407,0.02199955,5.853304
1.572158,0.02240558,5.849285
1.58245,0.02229138,5.855413
1.592451,0.02242396,5.91112
1.602154,0.02240783,5.93366
1.610316,0.02256158,5.986906
1.620095,0.02279651,5.938976
1.628587,0.02268061,6.045816
1.637986,0.02276657,6.009652
1.646026,0.02260201,5.987495
1.655025,0.02262529,5.976026
1.663239,0.02268793,5.99368
1.672001,0.02263717,6.002635
1.680429,0.02255746,6.034651
1.68928,0.02250954,6.082507
1.697782,0.02252931,6.169202
1.706127,0.02246207,6.161952
1.715073,0.0224042,6.188621
1.732298,0.02225287,6.173586
1.738712,0.02218583,6.172538
1.749471,0.02218479,6.21224
1.757779,0.02195912,6.244787
1.767052,0.02193082,6.253447
1.774889,0.0219643,6.26657
1.784141,0.02167514,6.28653
1.792261,0.02158991,6.277479
1.801446,0.02156888,6.310624
1.809898,0.02157722,6.325706
1.818589,0.02158077,6.32431
1.826534,0.0216375,6.32772
1.835323,0.02166096,6.358754
1.843139,0.02168526,6.344646
1.852397,0.02169989,6.400522
1.860874,0.0217598,6.458224
1.869667,0.02174197,6.452179
1.877496,0.02173276,6.49051
1.886492,0.02174087,6.541249
1.894209,0.0215834,6.549877
1.904202,0.02162384,6.63377
1.912153,0.02148839,6.6099
1.920863,0.02152819,6.686771
1.937006,0.02153685,6.719744
1.942989,0.02207232,6.874207
1.952997,0.02100834,6.53945
1.960888,0.02131154,6.811637
1.972108,0.02120079,6.879
1.980545,0.02122709,6.905381
1.989189,0.02120442,6.930813
1.997573,0.0211804,6.946418
2.005864,0.0213931,6.95979
2.014629,0.02154092,7.007455
2.022838,0.02111844,6.950088
2.032032,0.0213641,7.061331
2.04093,0.02107031,6.98348
2.051196,0.02131417,7.201271
2.062446,0.02085852,7.056079
New Try
New Try
New Try
New Try
New Try
1.915398,0.01018018,6.862957
1.923099,0.01037801,6.867414
1.973149,0.01103486,6.781799
1.980378,0.01129011,6.774711
1.989247,0.01128325,6.718256
2.004231,0.01119954,6.63377
2.011138,0.01119954,6.63377
2.018701,0.01114465,6.623682
2.028406,0.01132561,6.616365
2.036768,0.01147957,6.586302
2.045865,0.01139355,6.575933
2.054365,0.01147925,6.557118
2.063181,0.01174971,6.521012
2.072179,0.01171497,6.485069
2.080442,0.01198563,6.578198
2.090039,0.01204268,6.486097
2.097819,0.01262458,6.433462
2.106776,0.01298978,6.437484
2.115033,0.0130112,6.415791
2.123349,0.01321059,6.403523
2.131533,0.01399663,6.4302
2.14026,0.01398433,6.373415
2.148588,0.01390146,6.381746
2.157552,0.01417434,6.325148
2.16577,0.01415149,6.346995
2.174985,0.01398212,6.297561
2.182722,0.01399329,6.258962
2.192366,0.01411089,6.207504
2.210041,0.01399153,6.167041
2.215945,0.01397299,6.1329
2.225513,0.01431682,6.090302
2.233586,0.01432674,6.081347
2.24302,0.01451692,6.039555
2.251163,0.01461238,6.012424
2.260645,0.01465328,6.002831
2.268806,0.01480948,5.949693
2.277496,0.01493221,5.906111
2.286667,0.01512622,5.880433
2.296218,0.01517614,5.911418
2.305614,0.01528944,5.903056
2.315383,0.01528226,5.875364
2.323757,0.0153129,5.855246
2.331981,0.01545115,5.840431
2.340639,0.01542467,5.834186
2.348929,0.01547209,5.801302
2.357589,0.0154571,5.780589
2.367294,0.0155776,5.768369
2.377644,0.01563406,5.736956
2.386308,0.01568627,5.715186
2.395241,0.01572793,5.693058
2.410807,0.0158528,5.647363
2.416638,0.01598946,5.601227
2.426158,0.01600292,5.557672
2.434237,0.01603015,5.521942
2.444218,0.01602442,5.488016
2.452335,0.01591871,5.455389
2.461377,0.01604535,5.450968
2.469855,0.01606294,5.406967
2.478274,0.01596019,5.411315
2.486639,0.01598801,5.400948
2.495008,0.01602184,5.366953
2.50298,0.01608355,5.359499
2.512203,0.01579447,5.343645
2.520767,0.01590246,5.330832
2.529493,0.01565105,5.246205
2.537832,0.01557142,5.249417
2.546804,0.01521106,5.211468
2.55574,0.01501696,5.22311
2.564079,0.01481975,5.204582
2.573454,0.01473234,5.190257
2.581196,0.01474377,5.17627
2.595782,0.01439328,5.160272
2.611785,0.01416575,5.072345
2.617563,0.01429997,5.087388
2.627507,0.01429848,5.023792
2.635533,0.01442303,5.031663
2.645025,0.01441843,4.988845
2.65299,0.01447549,4.990416
2.662418,0.01438492,4.966805
2.671811,0.01437527,4.948507
2.67999,0.01444655,4.955629
2.689367,0.01447142,4.91498
2.697817,0.01450939,4.866471
2.706475,0.01454404,4.870213
2.714756,0.01451892,4.817759
2.72281,0.0144358,4.786019
2.731451,0.01429889,4.76366
2.739964,0.01423233,4.781228
2.748052,0.01411423,4.790193
2.756575,0.0140822,4.796078
2.764813,0.01398185,4.789293
2.773083,0.0136915,4.752502
2.781608,0.01358888,4.724349
2.792043,0.01345116,4.72638
2.800185,0.01332261,4.654463
2.816061,0.01291327,4.657198
2.823009,0.01233879,4.687593
2.831268,0.01215448,4.698779
2.840321,0.01200726,4.708857
2.848844,0.01200894,4.705029
2.858697,0.01204485,4.720408
2.866828,0.01164499,4.692021
2.875816,0.01148956,4.71526
2.88371,0.01101139,4.71501
2.892516,0.01076945,4.725717
2.900646,0.01046337,4.733007
2.910009,0.01010837,4.730357
2.918241,0.009881887,4.761603
2.928955,0.009416275,4.758928
2.938994,0.009463379,4.795383
2.947156,0.009112437,4.778031
2.957398,0.008930366,4.687301
2.965632,0.008747205,4.711269
2.974865,0.008661533,4.661192
2.982682,0.008402851,4.661696
2.992085,0.008242493,4.668415
3.00165,0.008109398,4.625587
3.018953,0.007717874,4.615243
3.025953,0.007639073,4.613884
3.033928,0.007653651,4.623766
3.04344,0.007532198,4.616346
3.051609,0.007532198,4.616346
3.060575,0.007486066,4.572818
3.069176,0.007236424,4.55079
3.077879,0.007299882,4.575259
3.086355,0.007303637,4.562225
3.094888,0.007395621,4.528094
3.103027,0.007396168,4.58236
3.111465,0.007396168,4.58236
3.119559,0.007385146,4.575173
3.128028,0.007382783,4.585651
3.136372,0.007382496,4.596445
3.145039,0.007340559,4.580992
3.153755,0.007445836,4.693941
3.161684,0.007445836,4.693941
3.170289,0.007387434,4.69953
3.179256,0.007349556,4.696361
3.188552,0.00724797,4.675375
3.196852,0.007265352,4.65379
3.205797,0.007251451,4.6365
3.221962,0.006984054,4.639499
3.227729,0.007035109,4.621011
3.236242,0.006825836,4.605343
3.245437,0.006763835,4.525844
3.254154,0.006845411,4.550704
3.263395,0.006931684,4.530991
3.272734,0.006876294,4.534578
3.280708,0.006876294,4.534578
3.289564,0.006787112,4.550704
3.297966,0.006666504,4.574317
3.307154,0.006628331,4.557242
3.315864,0.006558788,4.535269
3.3268,0.0065482,4.468965
3.336303,0.006400596,4.501369
3.345689,0.006376487,4.498104
3.35469,0.006434532,4.501455
3.362469,0.006463293,4.462473
3.372846,0.006423796,4.46572
3.381472,0.006413219,4.442414
3.390665,0.006406487,4.412286
3.398497,0.006446186,4.405756
3.40748,0.006410073,4.389277
3.423583,0.006327378,4.346228
3.43044,0.006327378,4.346228
3.439895,0.006267648,4.333682
3.448244,0.006267606,4.351992
3.457784,0.006280454,4.352802
3.466005,0.00622417,4.354152
3.476885,0.006218227,4.343523
3.485341,0.00620912,4.331331
3.493586,0.006203533,4.315929
3.501429,0.006203533,4.315929
3.510565,0.00614672,4.251647
3.519389,0.006131865,4.267786
3.527828,0.006119138,4.284869
3.5365,0.006137954,4.289437
3.54489,0.00623716,4.281486
3.553416,0.005999167,4.32119
3.56265,0.006054333,4.312116
3.572549,0.006054819,4.306298
3.581483,0.005936823,4.275901
3.597253,0.005935151,4.236327
3.60582,0.00595555,4.217237
3.614624,0.005824392,4.2267
3.629574,0.005781204,4.227904
3.635813,0.005782353,4.214263
3.645039,0.005728191,4.194232
3.65325,0.005751958,4.201977
3.66242,0.005705697,4.187223
3.671853,0.005729063,4.186568
3.67992,0.005723464,4.184649
3.68891,0.005723736,4.176311
3.696782,0.005748279,4.170821
3.705585,0.005740999,4.158641
3.713883,0.005689661,4.149826
3.722353,0.005687406,4.12545
3.730586,0.005719042,4.132422
3.738935,0.005683819,4.106465
3.746838,0.005685027,4.081639
3.755398,0.005721714,4.048737
3.763272,0.005713925,4.060232
3.772849,0.005726939,4.057723
3.782159,0.005856904,4.042347
3.792135,0.005856904,4.042347
3.800462,0.005891817,4.01337
3.810555,0.005930912,3.972664
3.820333,0.005942564,3.955423
3.835015,0.0060503,3.934426
3.841416,0.006059644,3.932384
3.84953,0.006055745,3.930442
3.859715,0.00641103,3.884638
3.867898,0.006444564,3.862851
3.877133,0.006571,3.834511
3.88573,0.006641001,3.810691
3.894709,0.007320606,3.814337
3.902852,0.007630551,3.768267
3.911559,0.007923653,3.754941
3.920978,0.008814101,3.744915
3.930441,0.008809677,3.759319
3.9399,0.009118968,3.754733
3.948364,0.009332712,3.709824
3.959167,0.009548426,3.720049
3.969725,0.009707525,3.660302
3.97835,0.009926163,3.586595
3.987228,0.009953954,3.565735
3.995612,0.009999814,3.567218
4.005726,0.01043734,3.424855
4.013788,0.01051112,3.417645
4.022569,0.01052545,3.429026
4.039366,0.01074635,3.39644
4.045527,0.01087766,3.343046
4.054904,0.01103406,3.349248
4.063398,0.01128609,3.349833
4.072863,0.01140237,3.321189
4.080984,0.01159937,3.331783
4.090276,0.01162484,3.372897
4.098308,0.01199515,3.311152
4.107234,0.01214958,3.277516
4.115358,0.01188957,3.314403
4.124181,0.0118629,3.283364
4.132301,0.01203392,3.289798
4.141245,0.01195437,3.209308
4.149571,0.01215335,3.164711
4.158204,0.01203984,3.148587
4.166224,0.01198039,3.155418
4.175477,0.01219381,3.108035
4.183023,0.01210941,3.131629
4.192482,0.01201728,3.155729
4.200951,0.01201728,3.155729
4.209236,0.01210447,3.106775
4.217236,0.01205613,3.10646
4.226396,0.01209574,3.054155
4.242128,0.0121725,2.958963
4.248024,0.01218381,2.936583
4.257484,0.01238248,2.903803
4.265391,0.01238302,2.890966
4.275619,0.01263548,2.761233
4.28496,0.01263718,2.792952
4.293656,0.01254378,2.792952
4.302109,0.01287345,2.633959
4.310883,0.01262972,2.711372
4.31926,0.01277515,2.575419
4.328075,0.01277457,2.780026
4.336894,0.01257838,2.672836
4.345286,0.01255556,2.800301
4.355019,0.01237163,2.704577
4.363679,0.01227225,2.691955
4.373896,0.01211484,2.668878
4.383191,0.01197554,2.595255
4.39344,0.01189285,2.528478
4.401217,0.01229937,2.378992
4.410022,0.01220555,2.494734
4.418264,0.01225972,2.587323
4.427439,0.01232511,2.434778
4.44382,0.01296995,2.406965
4.449809,0.013114,2.367281
4.459455,0.01356441,2.237909
4.468731,0.01379608,2.301548
4.479382,0.01430099,2.235196
4.488866,0.01433323,2.259841
4.496884,0.01465325,2.185343
4.505505,0.01493964,2.153496
4.513734,0.01516763,2.163742
4.522604,0.01539892,2.150677
4.530733,0.01539892,2.150677
4.539076,0.01555156,2.132858
4.547962,0.01574508,2.115721
4.557476,0.0158714,2.096298
4.566599,0.01605145,2.082905
4.576085,0.0160835,2.023617
4.583877,0.01615661,1.991544
4.592657,0.01630929,1.948228
4.600791,0.01635215,1.911108
4.615031,0.01632779,1.877219
4.623717,0.01628991,1.815638
4.631743,0.01643874,1.84928
4.647105,0.01631263,1.726691
4.654306,0.0163018,1.762475
4.662181,0.01634311,1.733478
4.671747,0.01638888,1.720219
4.679716,0.01615382,1.686556
4.689537,0.01624657,1.592745
4.697493,0.01611017,1.610826
4.706818,0.015995,1.583874
4.71511,0.01613533,1.546869
4.724124,0.01608477,1.560222
4.731966,0.01621849,1.557711
4.740915,0.01619906,1.527391
4.749181,0.0163406,1.504542
4.757906,0.01611704,1.559971
4.766057,0.01608221,1.521871
4.775171,0.016123,1.53926
4.782885,0.0160235,1.522257
4.79194,0.01602865,1.524312
4.800216,0.01594127,1.481605
4.809344,0.01592919,1.558716
4.81845,0.01568173,1.600344
4.82688,0.0153775,1.547375
4.835401,0.01511262,1.581895
4.849698,0.01485017,1.609368
4.857431,0.01461552,1.641633
4.865376,0.01466623,1.667653
4.875149,0.0144651,1.678531
4.88293,0.01407754,1.719422
4.892544,0.01418687,1.732687
4.901085,0.01418687,1.732687
4.909627,0.01419095,1.77586
4.918278,0.01420489,1.796241
4.927119,0.0143013,1.835684
4.937319,0.01452528,1.887823
4.945475,0.01451905,1.88948
4.954301,0.01466402,1.940276
4.962113,0.01433436,1.969806
4.970715,0.01441248,1.957847
4.978777,0.01405388,1.971991
4.988932,0.01402003,2.019648
4.99987,0.01361238,2.0374
5.009039,0.01354685,2.009253
5.01836,0.01290406,2.018679
5.027499,0.01278824,2.037688
5.036564,0.01310832,2.176278
5.051771,0.01252731,2.083375
5.058188,0.01261436,2.098631
5.066838,0.01200075,2.074337
5.076643,0.01203308,2.07999
5.085308,0.01173839,2.126148
5.094559,0.01203268,2.225983
5.103868,0.01103983,2.207264
5.112115,0.01103688,2.150222
5.120595,0.01055466,2.249946
5.128705,0.01086762,2.456228
5.137505,0.01022502,2.346937
5.146835,0.01037103,2.408591
5.156657,0.009990734,2.442563
5.165398,0.01028831,2.498654
5.174753,0.01020824,2.482543
5.182404,0.01025488,2.557878
5.192067,0.01003759,2.613668
5.20023,0.009984014,2.550368
5.209313,0.01036472,2.607745
5.217578,0.01032466,2.649371
5.226059,0.01015174,2.63641
5.234596,0.01008424,2.655054
5.24265,0.009961427,2.668732
5.258605,0.009808625,2.657707
5.264406,0.009672134,2.659474
5.273769,0.00946014,2.684382
5.281483,0.00946014,2.684382
5.290567,0.00939017,2.723042
5.298477,0.009569653,2.784318
5.308021,0.009394677,2.834692
5.317279,0.009469909,2.852384
5.326036,0.009584857,2.913495
5.334785,0.009678859,2.889476
5.342903,0.009965101,2.926366
5.351615,0.01007346,2.954461
5.360042,0.01038793,2.946566
5.368549,0.01087515,3.083626
5.377377,0.01091276,3.048766
5.386244,0.01096152,3.062221
5.395185,0.01108286,3.145352
5.404451,0.01140396,3.225129
5.41334,0.01139432,3.244496
5.423247,0.011305,3.257023
5.432602,0.011256,3.265607
5.442713,0.01073639,3.274408
5.458449,0.01113041,3.284676
5.464788,0.01081946,3.32437
5.476147,0.01073459,3.340937
5.485392,0.01065514,3.291821
5.49465,0.01054296,3.355322
5.503623,0.01057768,3.408581
5.512446,0.01062407,3.430339
5.521637,0.01070423,3.487846
5.529845,0.01077721,3.459042
5.538461,0.01095606,3.472995
5.546829,0.01119177,3.441621
5.555882,0.01125459,3.486892
5.564577,0.01128312,3.475024
5.57441,0.01128073,3.508108
5.582457,0.01117158,3.501069
5.591486,0.01122177,3.512236
5.600509,0.01110317,3.517472
5.609896,0.01080968,3.507829
5.625513,0.0106175,3.520421
5.634946,0.01049145,3.542764
5.642854,0.01036683,3.521199
5.658448,0.01029624,3.50174
5.664475,0.01030277,3.49844
5.674176,0.01019242,3.468087
5.681849,0.01014044,3.4856
5.691957,0.01014855,3.510228
5.700379,0.01014855,3.510228
5.709014,0.01010427,3.557269
5.717457,0.01028081,3.516804
5.725935,0.01033882,3.578397
5.735493,0.0104708,3.611512
5.744538,0.0106008,3.640886
5.753222,0.0106008,3.640886
5.760977,0.01072265,3.675729
5.770043,0.010792,3.663991
5.778191,0.01108883,3.685677
5.787436,0.01140324,3.667036
5.795372,0.01149312,3.790391
5.803697,0.01203253,3.849292
5.812725,0.01206626,3.872015
5.82177,0.01232711,4.015809
5.829982,0.01240554,4.030412
5.839006,0.0123019,3.725729
5.847098,0.01214586,3.957354
5.862257,0.0119667,3.939399
5.869305,0.01185189,4.008048
5.877811,0.0116849,4.023117
5.887569,0.01172989,4.101789
5.895791,0.01159871,4.085859
5.90508,0.0118899,4.134886
5.913036,0.01161524,4.112089
5.9223,0.0116019,4.13119
5.931324,0.01162033,4.172135
5.941192,0.01162923,4.21073
5.950384,0.01162042,4.233922
5.960502,0.01176099,4.408512
5.969777,0.01171964,4.477197
5.977728,0.01146862,4.467737
5.98656,0.01134493,4.486812
5.99472,0.01126883,4.494488
6.003988,0.01166199,4.309117
6.012586,0.01124932,4.533065
6.021356,0.01124932,4.533065
6.029428,0.01122443,4.633034
6.038065,0.01089415,4.58928
6.046313,0.01077978,4.584241
6.055149,0.01064196,4.606704
6.070756,0.01036719,4.616643
6.076545,0.01022314,4.596701
6.085046,0.01017317,4.606406
6.094628,0.009957473,4.607001
6.103775,0.009643882,4.652106
6.112236,0.009704578,4.678642
6.121367,0.009274137,4.76329
6.129498,0.009309113,4.707401
6.138428,0.008954981,4.771836
6.146552,0.008969628,4.71526
6.156426,0.008418706,4.82556
6.166317,0.008332264,4.800324
6.177601,0.00813118,4.842014
6.188591,0.007896671,4.844603
6.197875,0.007642936,4.877368
6.207176,0.007456652,4.886718
6.215574,0.00743421,4.926327
6.224864,0.006807146,4.941495
6.232814,0.006966804,4.943239
6.241366,0.00673874,4.982754
6.250397,0.006939202,4.959778
6.258458,0.006785551,4.967357
6.273814,0.006669024,4.956222
6.27999,0.006461083,4.976696
6.289706,0.006368047,4.982283
6.297805,0.006468245,4.995987
6.307392,0.006509298,5.049892
6.316236,0.006570189,5.069718
6.326434,0.006637535,5.074276
6.336076,0.006766355,5.053965
6.344452,0.006784198,5.069679
6.35278,0.00685692,5.068404
6.360804,0.006808761,5.047952
6.369402,0.006878033,5.088966
6.377533,0.006952411,5.129806
6.386532,0.00701101,5.155257
6.394516,0.00704155,5.161182
6.403453,0.007491593,5.23671
6.411649,0.007491593,5.23671
6.420356,0.007494566,5.230495
6.430583,0.007358844,5.231394
6.442071,0.007215589,5.241983
6.452501,0.006972106,5.299939
6.461329,0.006758926,5.24826
6.480094,0.006276556,5.311683
6.486984,0.006834232,5.247326
6.495154,0.006206694,5.27236
6.504045,0.006216699,5.132555
6.512219,0.006811552,5.200138
6.521856,0.00614773,5.139346
6.530039,0.006225345,5.175891
6.53915,0.006359234,5.229896
6.547336,0.005791742,5.248521
6.556411,0.005651091,5.316992
6.564727,0.005658133,5.331861
6.57353,0.005891723,5.34027
6.581591,0.005771972,5.350901
6.590825,0.005629259,5.360304
6.598756,0.005491833,5.405155
6.607623,0.004944551,5.435992
6.616251,0.004690323,5.452945
6.624893,0.004021619,5.452945
6.639244,0.003980733,5.485373
6.647171,0.003690934,5.52588
6.656007,0.003394551,5.520593
6.664057,0.003188944,5.541851
6.679101,0.003055557,5.508048
6.686852,0.002982991,5.457328
6.695019,0.002976003,5.451651
6.704044,0.003051052,5.424878
6.712569,0.003282048,5.434731
6.721745,0.003455214,5.48498
6.72983,0.003631931,5.435632
6.738542,0.003916511,5.445609
6.747001,0.004320326,5.486266
6.756411,0.004559732,5.487659
6.764267,0.004853674,5.511498
6.772974,0.005258971,5.55365
6.781127,0.005258971,5.55365
6.789805,0.005401383,5.562747
6.797839,0.005636596,5.645732
6.806631,0.005707046,5.635204
6.815397,0.005768478,5.737434
6.82415,0.005675944,5.75626
6.832536,0.005623232,5.799478
6.840949,0.005840858,5.82578
6.849438,0.005678053,5.778045
6.858304,0.006064556,6.04614
6.867322,0.005999273,5.940032
6.882037,0.006235606,6.001067
6.889019,0.006235606,6.001067
6.896743,0.006332758,6.09204
6.9067,0.006324844,6.053885
6.917193,0.006664429,6.129798
6.927286,0.006946806,6.157974
6.937028,0.007188607,6.128423
6.945817,0.007423829,6.113177
6.954821,0.007667643,6.118402
6.962483,0.007890202,6.127975
6.971412,0.007890202,6.127975
6.979013,0.008230763,6.190046
6.989599,0.008577956,6.254638
7.000147,0.008819819,6.23511
7.009435,0.008991783,6.075735
7.018502,0.008929593,6.161221
7.026832,0.008958622,6.111831
7.036603,0.008880417,6.156541
7.04556,0.008939005,6.243029
7.054887,0.009622921,5.989492
7.062936,0.009417444,6.176602
7.072355,0.009515603,6.157083
7.088429,0.00957363,6.244945
7.094273,0.009716706,6.245761
7.102934,0.00995332,6.268102
7.111438,0.01013268,6.238505
7.120642,0.01033552,6.289835
7.128702,0.01066701,6.294509
7.137658,0.01097143,6.305402
7.145574,0.01112303,6.328959
7.154253,0.01135837,6.345882
7.162004,0.01144858,6.365257
7.171736,0.01141676,6.404197
7.179551,0.01141676,6.404197
7.18878,0.0113009,6.442781
7.19672,0.01118036,6.51644
7.205656,0.01093819,6.51662
7.214254,0.01069239,6.509395
7.222743,0.01067839,6.428339
7.230855,0.01066113,6.481288
7.239948,0.01044025,6.521734
7.248091,0.01027525,6.57283
7.256784,0.0099861,6.585409
7.265101,0.0100219,6.593444
7.273734,0.009886108,6.624955
7.28973,0.01002711,6.701303
7.295761,0.01002922,6.636933
7.305717,0.01019765,6.64464
7.314799,0.01038675,6.68463
7.324854,0.01046112,6.624452
7.333042,0.01041361,6.841632
7.341808,0.01041361,6.841632
7.350542,0.01041559,6.869041
7.359008,0.01029947,6.834805
7.369085,0.01019845,6.841948
7.378326,0.009979802,7.002779
7.387308,0.01054981,6.913613
7.39535,0.01011681,7.022751
7.404093,0.009893267,7.121003
7.412307,0.009822238,7.174387
7.422022,0.009621584,7.145315
7.431279,0.009621584,7.145315
7.44016,0.009183972,7.438805
7.448839,0.009085914,7.380759
7.457319,0.009062922,7.460431
7.466673,0.009095995,7.510004
7.478659,0.009009447,7.556294
7.49537,0.009081289,7.58786
7.503131,0.008946062,7.601374
7.512334,0.0088602,7.637639
7.521831,0.0088602,7.637639
7.52965,0.008741653,7.710016
7.539512,0.008739351,7.799258
7.54756,0.008639125,7.875917
7.55653,0.008471639,7.931969
7.565999,0.008073993,8.039638
7.574499,0.007723399,7.991513
7.58255,0.007540461,8.000154
7.590923,0.007540461,8.000154
7.598958,0.007369275,8.028471
7.607994,0.007693149,7.808765
7.616833,0.007236048,8.275904
7.625062,0.007056556,8.230296
7.63435,0.006861561,8.314771
7.64896,0.006897596,8.20059
7.658953,0.006295307,8.056323
7.668845,0.006270887,8.095727
7.676677,0.006242619,8.118346
7.685529,0.006141336,8.180789
7.70205,0.005739161,8.471552
7.707989,0.006114307,8.327042
7.717856,0.005838184,8.409524
7.726303,0.005594197,8.440408
7.735943,0.005439533,8.582841
7.743784,0.005449771,8.441479
7.753425,0.00524418,8.488503
7.761407,0.005168747,8.491719
7.770448,0.004694554,8.608249
7.778574,0.004597927,8.612288
7.787769,0.004330038,8.613495
7.795722,0.004053125,8.635722
7.804637,0.003616939,8.678331
7.813073,0.003194832,8.66626
7.822305,0.002834688,8.655578
7.830546,0.002834688,8.655578
7.838969,0.002618102,8.65399
7.847078,0.002152619,8.677426
7.856388,0.001954178,8.629169
7.86591,0.001644896,8.679961
7.875144,0.001281351,8.734103
7.883325,0.00105482,8.759145
7.891744,0.00105482,8.759145
7.907765,0.0007337409,8.675208
7.913674,0.0006855542,8.703531
7.923564,0.000655767,8.781475
7.934924,0.0007091215,8.830553
7.944904,0.0007954161,8.915528
7.955671,0.001041815,8.964272
7.964293,0.001282378,9.097553
7.973236,0.001082444,9.057638
7.98132,0.0009604854,9.005972
7.989978,0.001094087,9.227522
7.99907,0.0007675908,9.129034
8.007645,0.0007282651,9.084305
8.016341,0.0009288422,9.266371
8.024823,0.000898061,9.205815
8.033697,0.0009586019,9.304384
8.041532,0.0009586019,9.304384
8.049989,0.0009190377,9.33732
8.058479,0.001207794,9.334352
8.067992,0.001054068,9.356624
8.07626,0.001137608,9.352148
8.084954,0.0009453548,9.40333
8.094254,0.0007970126,9.506507
8.111005,0.0006121964,9.47293
8.118082,0.0006713572,9.55261
8.12639,0.0009242039,9.598495
8.135546,0.001222552,9.668777
8.143673,0.001348277,9.641084
8.152963,0.001442348,9.640737
8.163567,0.00161227,9.705836
8.17264,0.00184997,9.671948
8.180421,0.001825751,9.669956
8.189967,0.002029382,9.737871
8.198295,0.002039469,9.711244
8.20751,0.0020943,9.745278
8.217567,0.001959272,9.773664
8.225789,0.002013581,9.801147
8.234507,0.001962219,9.828713
8.242318,0.001967384,9.861151
8.251203,0.001967384,9.861151
8.258906,0.001951842,9.880713
8.268239,0.002155089,9.928502
8.276647,0.002230031,9.917979
8.285302,0.002416168,9.952104
8.293235,0.002705194,10.00081
8.301792,0.002705194,10.00081
8.318404,0.003038745,10.08733
8.324578,0.003270472,10.12044
8.333053,0.003875761,10.18727
8.341911,0.004000013,10.20051
8.351367,0.003448912,10.22412
8.35947,0.00433935,10.48042
8.368462,0.003799737,10.20841
8.376468,0.004296001,10.40749
8.385156,0.004081459,10.36361
8.393141,0.004144372,10.40214
8.401667,0.004560905,10.4471
8.410061,0.004446983,10.45771
8.419447,0.003726655,10.39733
8.428339,0.004419031,10.57367
8.43845,0.00451097,10.5884
8.446986,0.00441017,10.4705
8.455642,0.004559186,10.53637
8.464562,0.004840329,10.58258
8.475004,0.004984349,10.595
8.484172,0.005361721,10.67254
8.492883,0.005711786,10.71715
8.502693,0.006040644,10.75087
8.520663,0.006199725,10.80316
8.52734,0.006648208,10.81727
8.537097,0.006707769,10.81725
8.545117,0.006630288,10.77853
8.554685,0.006661252,10.77569
8.563034,0.00654322,10.77864
8.57281,0.006411082,10.80068
8.58074,0.006493204,10.83556
8.589681,0.006579228,10.8762
8.59793,0.006367979,10.82653
8.606519,0.006320063,10.86928
8.615274,0.00628341,10.83256
8.623451,0.006296811,10.81394
8.631801,0.006296811,10.81394
8.639843,0.006365758,10.79565
8.648396,0.006614011,10.78622
8.66212,0.006614011,10.78622
8.670778,0.006891757,10.86267
8.680193,0.0069283,10.92636
8.690047,0.007017083,10.9695
8.69823,0.006969347,10.98469
8.707267,0.006822819,10.95289
8.724005,0.006821769,11.10693
8.729724,0.007092728,10.98014
8.739313,0.006898448,11.1903
8.747523,0.00684878,11.12612
8.756567,0.006765253,11.17901
8.765279,0.006656928,11.21891
8.774238,0.006741057,11.1638
8.782803,0.007023127,10.87011
8.791223,0.006827615,11.01823
8.799923,0.006882255,11.25099
8.80856,0.006937705,11.07946
8.819069,0.007094415,11.25664
8.828325,0.007464835,11.0673
8.838243,0.007723746,11.22853
8.847193,0.007952655,11.23051
8.856439,0.008324211,11.09271
8.865239,0.008757748,11.19338
8.873523,0.009210036,11.28861
8.882039,0.00965982,11.36417
8.890519,0.00965982,11.36417
8.898919,0.01001826,11.45654
8.907628,0.01039852,11.35435
8.924431,0.0108044,11.30777
8.931147,0.01069485,11.40748
8.94098,0.01128683,11.097
8.951495,0.01104394,11.35421
8.961197,0.01092902,11.37818
8.971239,0.0108118,11.44983
8.979321,0.01062756,11.48623
8.988419,0.01048573,11.47895
8.997705,0.01016839,11.43828
9.006996,0.01003743,11.34467
9.015981,0.009976997,11.39821
9.024384,0.009907813,11.51803
9.033566,0.01004502,11.69809
9.042071,0.01008735,11.66013
9.051897,0.01008735,11.66013
9.059904,0.009974857,11.66625
9.068942,0.009732524,11.82392
9.076907,0.009697491,11.72494
9.08572,0.009419139,11.86933
9.093873,0.009035203,11.94319
9.102757,0.009136078,12.04308
9.111246,0.00913386,11.99886
9.126613,0.008261778,12.21659
9.133593,0.007996209,12.17897
9.141685,0.007424731,12.5604
9.150702,0.007316651,12.30703
9.158918,0.007158278,12.32824
9.167978,0.007066112,12.37969
9.176159,0.00691393,12.45061
9.185129,0.006744274,12.66188
9.193632,0.006671503,12.63018
9.20247,0.006620989,13.04935
9.210814,0.006558283,12.81017
9.219579,0.006761328,13.02362
9.227771,0.006795995,12.86342
9.23655,0.006662196,12.97931
9.244867,0.006791773,12.72014
9.253552,0.007091959,12.88431
9.262088,0.007192446,12.97996
9.271906,0.007212207,13.05719
9.280564,0.007412306,12.76579
9.288954,0.007504427,12.99104
9.297612,0.007443252,12.92119
9.305943,0.007409091,12.79447
9.315269,0.007347917,12.79433
9.332107,0.007233824,12.75507
9.338628,0.007227044,12.84001
9.347085,0.007122941,12.8403
9.356231,0.006869653,12.78207
9.364709,0.006616678,12.79373
9.373938,0.006564149,12.81093
9.383105,0.006455136,12.82958
9.391622,0.006455136,12.82958
9.400011,0.00666145,12.86758
9.408254,0.006216893,13.02083
9.417378,0.006314456,13.0225
9.426171,0.006275465,13.04624
9.436066,0.006162353,13.1472
9.443923,0.006351055,13.23309
9.452848,0.006145632,13.23569
9.460869,0.005802433,13.24094
9.471121,0.006311336,13.39157
9.481149,0.005478566,13.14277
9.490025,0.005965182,13.32032
9.498294,0.005516521,13.43228
9.5066,0.005284833,13.54277
9.515392,0.00498689,13.59709
9.529717,0.004646005,13.63472
9.537507,0.00434625,13.82677
9.546729,0.004054216,13.74566
9.557418,0.003797679,13.83745
9.567557,0.00302289,14.1412
9.57602,0.002909235,13.93743
9.585112,0.002330112,14.05694
9.592966,0.002411609,13.88585
9.601596,0.0020969,13.94451
9.610404,0.001205535,14.12771
9.619009,0.001367505,13.84628
9.627053,0.00130023,13.95723
9.636079,0.001397731,14.02374
9.644247,0.001325277,13.90608
9.653126,0.001223663,13.97475
9.667233,0.00135625,13.97843
9.676127,0.001448092,13.96983
9.685709,0.00155689,13.96796
9.694781,0.00152199,13.9658
9.704202,0.001518512,13.98641
9.713379,0.001843849,14.05254
9.72313,0.001775934,14.04112
9.741588,0.00146283,14.02506
9.747822,0.001757119,14.07351
9.756648,0.00203254,14.09476
9.76617,0.002301613,14.09871
9.774732,0.002250257,14.09695
9.783668,0.00248621,14.11138
9.791682,0.002316683,14.094
9.800861,0.002484295,14.19095
9.808857,0.003063738,14.28603
9.818224,0.003190973,14.32722
9.827097,0.003468624,14.36888
9.837481,0.003373034,14.39048
9.847288,0.003266502,14.46918
9.857216,0.003279069,14.43285
9.866662,0.002985028,14.48578
9.875086,0.003089542,14.51753
9.883322,0.003003615,14.53491
9.891454,0.003003615,14.53491
9.89967,0.00282009,14.57433
9.907928,0.002984236,14.67123
9.917152,0.00292888,14.61899
9.92624,0.00294571,14.62811
9.941628,0.003526611,14.59553
9.949245,0.003676323,14.5669
9.959716,0.003197437,14.56231
9.969512,0.003257444,14.57554
9.977625,0.002936946,14.5798
9.987226,0.002872393,14.54649
9.996208,0.002858689,14.52423
10.00502,0.002758644,14.48464
10.01353,0.002575706,14.51257
10.02179,0.002542667,14.56856
10.03055,0.002804213,14.55413
10.03997,0.002883309,14.55981
10.0496,0.003021862,14.57057
10.05792,0.003044004,14.59824
10.06733,0.003403545,14.56219
10.07648,0.003783087,14.55729
10.0865,0.004497223,14.57703
10.09508,0.004869728,14.60651
10.10439,0.005331104,14.65099
10.11318,0.005824767,14.6901
10.12137,0.005824767,14.6901
10.12951,0.005978514,14.71009
10.14475,0.006721656,14.75064
10.15155,0.006721656,14.75064
10.15919,0.006870051,14.77349
10.16903,0.006997967,14.80346
10.17693,0.006903758,14.7703
10.18625,0.006878708,14.8103
10.1946,0.006718688,14.79042
10.20348,0.006239395,14.76352
10.21175,0.006178748,14.77313
10.22043,0.005948602,14.86224
10.22913,0.005325642,14.69887
10.23834,0.004799268,14.75435
10.24699,0.004814744,14.76025
10.25568,0.004430122,14.65691
10.26453,0.003359621,14.64507
10.27273,0.003505493,14.63834
10.28115,0.002730884,14.60254
10.28975,0.002743698,14.6358
10.29835,0.002720339,14.62945
10.30662,0.002631481,14.59975
10.31629,0.002816243,14.65407
10.32497,0.002700283,14.688
10.3335,0.002731421,14.74508
10.35043,0.002688571,14.76116
10.35653,0.002587524,14.76108
10.36574,0.002349404,14.76385
10.37419,0.00223898,14.76642
10.3834,0.002113703,14.8106
10.39168,0.001961115,14.84044
10.40055,0.001910725,14.84932
10.40862,0.001762911,14.88586
10.4178,0.001562567,14.91368
10.42671,0.001331757,14.92721
10.43721,0.001195924,14.92538
10.44707,0.0009898889,14.95075
10.4561,0.000893395,14.9188
10.46462,0.0009187172,14.93501
10.47423,0.0009841756,14.96502
10.4835,0.001097102,14.99409
10.49155,0.001114213,14.9766
10.50026,0.001243784,15.05202
10.50839,0.001480488,15.01899
10.51737,0.00139908,15.16866
10.52557,0.00167893,15.06263
10.53444,0.001462565,15.11964
10.55005,0.001297602,15.14715
10.55621,0.001570696,15.13062
10.56489,0.0008979395,15.07264
10.57583,0.00136323,15.18895
10.58634,0.001896467,15.22519
10.59611,0.002418377,15.2075
10.60545,0.003061364,15.22606
10.61405,0.003259869,15.2817
10.62239,0.003552617,15.36236
10.63089,0.003773795,15.41159
10.63929,0.00323189,15.37932
10.64796,0.003903366,15.67855
10.6562,0.003745483,15.58308
10.66471,0.00387205,15.64235
10.67286,0.003915683,15.7499
10.68691,0.004162211,15.78368
10.69521,0.003910426,15.79141
10.70362,0.003956055,15.85971
10.71203,0.004075586,15.91748
10.72077,0.004029447,15.9314
10.72947,0.003997641,16.05064
10.7377,0.003995657,16.04621
10.7531,0.003893086,16.05369
10.75892,0.003910743,16.20395
10.7684,0.003940274,16.27266
10.77648,0.003727288,16.23852
10.786,0.003542587,16.26106
10.79378,0.003431219,16.30446
10.80279,0.003418442,16.39567
10.8112,0.003418442,16.39567
10.8197,0.003591464,16.55822
10.82794,0.003561441,16.59273
10.83711,0.003731173,16.65032
10.84598,0.003893492,16.70082
New Try
New Try
New Try
New Try
New Try
New Try
New Try
New Try
New Try
New Try
New Try
New Try
New Try

