New Try
New Try
New Try
New Try
New Try
New Try
New Try
New Try
New Try
New Try
New Try
New Try
New Try
New Try
New Try
New Try
New Try
New Try
New Try
New Try
New Try
1.893854,0.01224206,1.366447
1.901383,0.01227386,1.339107
1.915042,0.01243819,1.253982
1.935124,0.01283032,1.17952
1.947082,0.01307176,1.103581
1.958912,0.01297565,1.069543
1.972737,0.01307348,1.084623
1.986174,0.01305466,1.096108
1.998612,0.01297427,1.056659
2.010907,0.01297676,1.073014
2.024725,0.01289621,1.054248
2.037975,0.01300996,1.043052
2.05386,0.0131359,1.003662
2.066839,0.01312783,0.9985801
2.079431,0.01308147,0.9950465
2.091805,0.01301776,0.985562
2.10501,0.01286497,0.9507989
2.122718,0.01327403,0.9487386
2.142195,0.01367079,0.9341894
2.153342,0.01422912,1.069726
2.166425,0.01467713,0.9563395
2.180034,0.01594253,0.948326
2.192844,0.01615617,0.9240804
2.2059,0.01643912,0.884702
2.218935,0.01753033,0.8425589
2.231731,0.01771093,0.9408684
2.244746,0.01782311,0.985562
2.258391,0.01807254,1.015678
2.273983,0.01820123,1.000538
2.289308,0.0182767,1.02412
2.3031,0.01848735,1.041175
2.316357,0.01844128,1.060541
2.329403,0.0185126,1.081732
2.349266,0.01842284,1.12431
2.358988,0.0184206,1.159609
2.373963,0.01834888,1.248508
2.387644,0.01834628,1.267023
2.401292,0.01841501,1.288767
2.414985,0.01841579,1.22621
2.428493,0.01841563,1.215953
2.441782,0.01835778,1.222694
2.456609,0.01843089,1.265477
2.469627,0.01847143,1.294222
2.482533,0.01854531,1.362574
2.495455,0.01853614,1.489115
2.507627,0.01860979,1.592991
2.522473,0.0188063,1.669881
2.537742,0.01919709,1.769014
2.557074,0.02015791,1.844193
2.568413,0.02103879,1.947826
2.583684,0.02157321,1.763918
2.597253,0.02175792,2.103568
2.610008,0.02185537,2.115813
2.623654,0.02157186,2.11211
2.636878,0.0211211,2.144662
2.650984,0.02047893,2.184626
2.664362,0.02053744,2.287559
2.676922,0.02069616,2.333639
2.689728,0.02049599,2.418889
2.703547,0.02041922,2.462992
2.717189,0.02067694,2.521036
2.73203,0.02067415,2.549908
2.745564,0.02066557,2.606844
2.765188,0.02067144,2.685694
2.781799,0.02066473,2.730938
2.796957,0.02074843,2.8205
2.811507,0.02074235,2.866896
2.824732,0.02075614,2.972363
2.8378,0.02088726,3.049152
2.851404,0.0210099,3.098825
2.864662,0.02125672,3.148587
2.877864,0.02156324,3.19941
2.89083,0.02173345,3.45774
2.904541,0.02190282,3.356255
2.918146,0.02198915,3.439288
2.933369,0.02257159,3.478966
2.946751,0.02275853,3.494352
2.96666,0.02301895,3.573798
2.980285,0.02370078,3.893952
2.996462,0.02378764,3.797668
3.009423,0.0240622,3.731978
3.023181,0.02401586,3.920115
3.038539,0.02373208,4.226051
3.05374,0.02385102,4.103221
3.069604,0.02384392,4.150958
3.082913,0.02383834,4.184978
3.096016,0.02395329,4.261402
3.108903,0.02395144,4.296189
3.122112,0.02403541,4.411798
3.135943,0.02402405,4.449859
3.149058,0.02399115,4.495447
3.169069,0.02394753,4.58548
3.184662,0.024041,4.664637
3.198668,0.02411696,4.775325
3.213089,0.02412153,4.758434
3.225679,0.02415848,4.868001
3.238472,0.02449065,4.885034
3.252481,0.02497527,5.005234
3.265556,0.02501826,4.965858
3.278457,0.02494299,5.038551
3.291469,0.0249613,4.984838
3.305222,0.02410342,5.133548
3.319857,0.02426587,5.22416
3.333618,0.02456469,5.144223
3.346588,0.02482525,5.113432
3.360172,0.02492683,4.976971
3.381374,0.02479751,4.914781
3.391897,0.02507583,5.074933
3.406163,0.02525782,4.875762
3.420383,0.02562923,4.705029
3.435402,0.02565953,4.918367
3.448264,0.02566681,4.921832
3.461743,0.02568502,4.932924
3.477508,0.02571048,4.909117
3.490167,0.02584316,4.980433
3.503756,0.02586686,4.889123
3.516733,0.02592045,4.89705
3.52967,0.02590341,4.903687
3.546207,0.02588608,4.903167
3.561111,0.02625809,4.992378
3.581054,0.026224,4.897931
3.591884,0.02620665,4.706777
3.60613,0.02530204,4.860388
3.62121,0.02500737,4.965069
3.635431,0.02507435,4.88375
3.648507,0.02510775,4.972481
3.66191,0.02477313,5.021491
3.67585,0.0244062,4.992849
3.68947,0.02445155,4.954522
3.703743,0.02447511,4.858574
3.717148,0.02448909,4.806401
3.73115,0.02408021,4.874194
3.745273,0.02392097,4.855186
3.758493,0.0239468,4.893489
3.771956,0.0238811,4.915339
3.791919,0.02389729,5.049737
3.802756,0.02364819,5.121396
3.815981,0.02378733,5.065156
3.829735,0.02374958,5.054197
3.843975,0.0235597,5.042943
3.857371,0.02353986,5.045778
3.870626,0.02352172,5.051211
3.884495,0.02345922,5.169111
3.898008,0.02337725,5.259708
3.911151,0.02337077,5.30814
3.92482,0.02318885,5.434731
3.938483,0.02318188,5.453664
3.954883,0.02246212,5.471709
3.971074,0.0221656,5.496258
3.987465,0.02205741,5.513133
4.008973,0.02058495,5.637672
4.019978,0.02023357,5.822617
4.035142,0.02041853,5.667802
4.048826,0.02073815,5.810418
4.06424,0.02104746,5.823424
4.08007,0.02122813,5.816217
4.094413,0.02217762,5.753127
4.107315,0.02219462,5.7853
4.121276,0.02220637,5.851228
4.134992,0.02216084,5.946595
4.14839,0.02220246,5.99695
4.162761,0.02227473,6.087018
4.176884,0.02235988,6.092683
4.190509,0.02223984,6.092683
4.218531,0.02232496,6.00368
4.230487,0.02231019,6.041632
4.244271,0.02227051,6.145003
4.258378,0.02222958,6.181932
4.272719,0.02205822,6.399756
4.286554,0.02200281,6.269666
4.301544,0.0211446,6.331313
4.317112,0.02055155,6.410317
4.332053,0.02051058,6.317145
4.345686,0.0203991,6.434437
4.359541,0.02040117,6.456675
4.3728,0.02027673,6.525972
4.387331,0.02038245,6.508189
4.402436,0.02041281,6.508009
4.422394,0.0204747,6.502824
4.434818,0.02078722,6.372983
4.449722,0.02098562,6.519689
4.464191,0.02205235,6.343379
4.480113,0.02212025,6.47799
4.49449,0.02248753,6.349156
4.508312,0.02257712,6.383343
4.522497,0.02256245,6.439555
4.53648,0.02264342,6.446463
4.550212,0.02251418,6.437484
4.565698,0.02255629,6.356873
4.582011,0.02239756,6.263534
4.598349,0.02240719,6.218044
4.613417,0.02248591,6.248679
4.633468,0.02250718,6.092297
4.64512,0.02252797,6.025907
4.658162,0.02260518,6.046821
4.672269,0.02284064,5.999172
4.687243,0.02313305,5.918577
4.701289,0.02322698,5.998845
4.714849,0.02318521,5.999172
4.728523,0.02326446,5.942837
4.744181,0.02305068,5.790007
4.757697,0.0230586,5.716146
4.771669,0.02257898,5.587143
4.788003,0.02264996,5.469165
4.802712,0.02249477,5.384887
4.816483,0.02242169,5.349106
4.835686,0.02209699,5.282979
4.847924,0.02201885,5.28965
4.862814,0.02219681,5.167215
4.876937,0.02229107,5.039329
4.890453,0.02241998,4.969959
4.904851,0.02284782,4.775284
4.918854,0.02304064,4.62152
4.932636,0.02307053,4.691436
4.947145,0.02309584,4.685169
4.96185,0.02310868,4.707776
4.975784,0.02311209,4.738467
4.989807,0.02297918,4.726794
5.005564,0.02303244,4.666526
5.020259,0.02305052,4.612611
5.040921,0.02306204,4.715343
5.053349,0.02304797,4.719661
5.068385,0.02311386,4.819548
5.085395,0.02305782,4.765839
5.100146,0.02256273,4.855509
5.114166,0.02292461,4.588853
5.127706,0.02294519,4.538119
5.140914,0.02276986,4.693273
5.155536,0.02241131,4.455093
5.170053,0.02195753,4.456632
5.184625,0.02136004,4.36776
5.198389,0.02125068,4.335579
5.212791,0.02096639,4.345597
5.227339,0.02098699,4.34217
5.248004,0.02089949,4.371525
5.266416,0.02088712,4.45817
5.280653,0.02096773,4.49745
5.29582,0.02105458,4.462956
5.310128,0.02106624,4.480346
5.324217,0.02106231,4.470192
5.339145,0.02107618,4.499018
5.354806,0.02107921,4.54838
5.372086,0.02107273,4.550618
5.386299,0.02110589,4.611676
5.400288,0.02097042,4.617874
5.414448,0.02101097,4.663041
5.42869,0.02100495,4.651137
5.451,0.02125479,4.671309
5.465094,0.02121129,4.652948
5.479611,0.02127622,4.72439
5.495087,0.02151047,4.910514
5.511867,0.02152716,4.907241
5.525339,0.02155128,5.039562
5.540706,0.02162803,5.146051
5.566692,0.02150906,5.334726
5.592778,0.02155611,5.415948
5.606849,0.02154566,5.541639
5.621243,0.02158759,5.621554
5.638784,0.02155198,5.725191
5.663843,0.02146357,6.06068
5.678834,0.02145917,6.216216
5.693919,0.02143477,6.263096
5.707573,0.02161338,6.327751
5.721447,0.02158201,6.405544
5.735531,0.02135549,6.572532
5.751071,0.02139639,6.642751
5.764333,0.02154198,6.749593
5.778014,0.02174847,7.165822
5.791855,0.02251911,6.917613
5.805548,0.02158806,7.032799
5.819156,0.02235834,6.983593
5.833788,0.0221352,7.171734
5.847541,0.02332965,7.337566
5.867521,0.02345983,7.460983
5.879892,0.02356344,7.516376
5.894041,0.02386588,7.542491
5.907249,0.0242108,7.455931
5.921013,0.02439832,7.505769
5.93475,0.02446224,7.482885
5.951468,0.02477055,7.535333
5.965957,0.02516995,7.432868
5.979617,0.02515963,7.549408
5.99528,0.02548573,7.545431
6.009776,0.02573388,7.630184
6.023523,0.02576913,7.719174
6.038349,0.02587137,7.799912
6.052613,0.02587149,7.887796
6.072089,0.02580648,8.081383
6.085095,0.02580732,8.220366
6.101941,0.02579225,8.270587
6.115901,0.02563561,8.370131
6.130344,0.02540109,8.482533
6.144452,0.02546794,8.382627
6.158411,0.0246021,8.485588
6.1718,0.02461029,8.77832
6.18556,0.02471334,8.558297
6.20017,0.02410991,8.9701
6.2141,0.02502299,8.72794
6.227889,0.02521916,8.771873
6.241312,0.02554967,8.742376
6.255265,0.02530786,8.91381
6.274354,0.02527678,8.973429
6.285055,0.02523565,9.087504
6.298476,0.02515547,9.182176
6.312152,0.02502153,9.245797
6.326126,0.02519731,9.18025
6.347826,0.02524632,9.375845
6.361944,0.02527885,9.323207
6.376645,0.02525396,9.428734
6.389944,0.02513166,9.479548
6.402556,0.02506653,9.595504
6.417483,0.02502191,9.663815
6.430574,0.02499461,9.698541
6.443786,0.02495982,9.762512
6.458009,0.02493979,9.717902
6.477715,0.02491421,9.762533
6.491403,0.0248857,9.877488
6.509952,0.02510053,9.899463
6.526069,0.02419366,10.12388
6.541006,0.02374708,10.29161
6.555002,0.02338045,10.32979
6.568951,0.02347954,10.25212
6.583758,0.02355079,10.22304
6.596868,0.02597658,10.07837
6.614884,0.02552684,10.41533
6.629875,0.02578594,10.34562
6.643964,0.02566567,10.50416
6.657176,0.02570729,10.51367
6.670961,0.02574116,10.53717
6.69217,0.02595128,10.48323
6.704527,0.025875,10.57682
6.718729,0.02593314,10.65285
6.732095,0.02567935,10.83464
6.746402,0.0257864,10.9517
6.761185,0.02588606,10.91223
6.774503,0.02586787,10.95044
6.787057,0.02586637,10.95328
6.800681,0.02583016,11.05793
6.813748,0.02594363,11.0097
6.82698,0.02587747,11.18423
6.840386,0.02598703,11.15163
6.854373,0.02608913,11.24976
6.867689,0.02600256,11.49757
6.880634,0.02605156,11.40241
6.899236,0.02682146,11.45717
6.912859,0.02678566,11.51863
6.92625,0.02658036,11.98347
6.938589,0.02767072,11.35616
6.953974,0.02759529,11.73717
6.96751,0.02797373,11.75914
6.980808,0.02745864,12.17921
6.99409,0.02811387,11.90994
7.006888,0.02805553,11.89297
7.019929,0.02763466,11.98754
7.03423,0.02767328,12.01334
7.049457,0.02804603,12.04431
7.063462,0.02800164,12.06686
7.078928,0.02820504,12.17139
7.091862,0.02817824,12.21756
7.114186,0.02811985,12.31952
7.126825,0.02817685,12.24431
7.139704,0.02818122,12.25865
7.153542,0.02817986,12.34014
7.167674,0.0283039,12.36861
7.180929,0.02823663,12.44382
7.193827,0.02818449,12.50472
7.206725,0.02805938,12.61903
7.219429,0.0276996,12.73715
7.232574,0.02759551,12.71713
7.245412,0.02757002,12.74998
7.259007,0.02779287,12.79654
7.271167,0.02769706,12.90558
7.284492,0.02766208,12.99806
7.297776,0.02748726,13.07018
7.316349,0.02757971,13.02389
7.330249,0.02704099,13.17386
7.344064,0.02703823,13.15765
7.357257,0.02702896,13.20595
7.370844,0.02698339,13.28741
7.385119,0.02703926,13.38064
7.404005,0.02704895,13.42525
7.416987,0.02703744,13.44245
7.430461,0.02682531,13.62901
7.443338,0.02668712,13.70038
7.457911,0.02644633,13.78174
7.470561,0.0263053,13.925
7.485371,0.02622761,13.93736
7.497564,0.02617635,13.96941
7.513288,0.02600242,14.08907
7.53092,0.02589072,14.17565
7.544015,0.02575257,14.32931
7.556984,0.02572301,14.37148
7.570142,0.02566988,14.40004
7.58416,0.02559335,14.40965
7.596724,0.02555619,14.41991
7.609796,0.02551619,14.42827
7.622949,0.02545064,14.43408
7.639403,0.02544804,14.45079
7.653064,0.02537604,14.50221
7.666782,0.02500014,14.79719
7.680017,0.02500877,14.57928
7.694712,0.02524117,14.60108
7.70889,0.02468827,14.59452
7.722555,0.02472265,14.53251
7.741238,0.02556065,14.27309
7.754992,0.02502706,14.4973
7.770437,0.02449981,14.50041
7.786054,0.02436643,14.48763
7.802461,0.02430915,14.56978
7.815565,0.02502361,14.57605
7.829166,0.02492958,14.60051
7.843196,0.02497482,14.58263
7.856693,0.02481243,14.62144
7.86983,0.02431871,14.9598
7.883437,0.02525664,14.76114
7.896825,0.02517621,14.81563
7.910243,0.02513008,14.86947
7.924464,0.02501143,14.97046
7.942689,0.02517797,15.07561
7.957511,0.02514824,15.12856
7.971086,0.02486846,15.25067
7.986884,0.02501369,15.33963
8.000661,0.02481485,15.41977
8.017283,0.02402678,15.53863
8.032719,0.02368575,15.80973
8.050231,0.02518947,15.06707
8.06472,0.0249856,15.55002
8.078134,0.02489494,15.62027
8.090863,0.02581976,15.26504
8.105145,0.02668958,15.18478
8.122071,0.02643771,15.69555
8.135405,0.02635366,15.84275
8.15252,0.02653274,15.84618
8.165024,0.02640158,15.85511
8.178739,0.02637642,15.88985
8.19288,0.02632059,15.94404
8.207213,0.02632463,15.95533
8.220282,0.0266694,15.87033
8.23605,0.02658716,15.96426
8.250455,0.02658255,15.97163
8.265578,0.02657277,16.0226
8.280227,0.02665062,16.03478
8.293918,0.02666337,16.04243
8.307458,0.02667998,16.06141
8.321235,0.0266707,16.10034
8.335198,0.02721165,15.89168
8.348752,0.02720625,16.10691
8.369297,0.02709429,16.21616
8.384917,0.02702435,16.29073
8.398537,0.02687106,16.39843
8.412432,0.02672086,16.49983
8.426882,0.02618981,16.55004
8.440768,0.02636094,16.51082
8.459954,0.02568401,16.60562
8.474812,0.02543359,16.62543
8.489761,0.02467736,16.80802
8.503361,0.02443246,16.79939
8.519758,0.02407071,16.90059
8.53473,0.02398579,16.82386
8.548295,0.02381011,16.81821
8.561534,0.02341794,16.88343
8.579412,0.02359474,16.66583
8.593672,0.02338127,16.85947
8.606904,0.02333157,16.93996
8.619756,0.02309117,17.10994
8.633777,0.02309502,17.08949
8.646996,0.02304807,17.08969
8.662546,0.0228391,17.05557
8.677073,0.02278612,17.06059
8.690428,0.02276928,17.09051
8.703065,0.02225858,17.19438
8.71707,0.02126533,17.38601
8.729805,0.02128758,17.2955
8.743633,0.0212729,17.32152
8.756488,0.0204716,17.43624
8.770008,0.01975805,17.51772
8.788162,0.01880028,17.64662
8.800922,0.01891552,17.73857
8.815752,0.01897282,17.80302
8.828923,0.01893234,17.85382
8.843616,0.01883876,17.90141
8.857347,0.01841561,17.99581
8.870155,0.01856801,17.88743
8.884476,0.01840654,17.96468
8.898878,0.01846535,18.05153
8.911815,0.01848025,18.16407
8.924702,0.01857777,18.35932
8.937775,0.01874086,18.46306
8.950579,0.01845905,18.52891
New Try
New Try
New Try
New Try
New Try
New Try
New Try
New Try
New Try
New Try
New Try
New Try
New Try
New Try
New Try
New Try
New Try
New Try
New Try
New Try
New Try
New Try
New Try
2.673113,0.006686294,0.5188877
2.680928,0.006705561,0.5166202
2.695085,0.006697511,0.4901886
2.708628,0.006844977,0.4187142
2.722376,0.006781946,0.4988932
2.736136,0.006870773,0.3861367
2.74926,0.006905355,0.3690354
2.763008,0.006983,0.3516591
2.777631,0.006917856,0.3454843
2.797054,0.007037467,0.3846134
2.808389,0.00709146,0.392669
2.827517,0.007224667,0.360452
2.8425,0.007254468,0.343781
2.856668,0.007174164,0.339197
2.869879,0.007391262,0.3642322
2.88623,0.00748443,0.4813265
2.899906,0.007524942,0.5777687
2.914102,0.00778631,0.5941319
2.927312,0.007844843,0.652521
2.940645,0.007855114,0.6691033
2.954551,0.00787545,0.6960504
2.97137,0.007958435,0.7154584
2.985979,0.008042888,0.804056
3.006761,0.007832861,0.8663754
3.017306,0.008447082,0.9084908
3.031926,0.007073088,1.016833
3.046009,0.007658496,1.019524
3.059894,0.007438251,1.020675
3.073703,0.007138667,1.095037
3.087624,0.007019016,1.129519
3.1001,0.006840297,1.221893
3.114147,0.006965426,1.248352
3.127266,0.007056498,1.312539
3.140053,0.006996859,1.296337
3.153242,0.006975038,1.292104
3.166939,0.006709419,1.306861
3.180558,0.006664566,1.346539
3.194458,0.006665061,1.417203
3.213948,0.006487464,1.569476
3.225478,0.006485079,1.529439
3.240137,0.006402012,1.601933
3.255662,0.006437345,1.614709
3.269771,0.006374097,1.806886
3.284259,0.00671169,1.697313
3.299867,0.00719048,1.551038
3.314941,0.00700912,1.715548
3.329503,0.007794943,1.726464
3.346513,0.008182222,1.664364
3.361753,0.008389534,1.695006
3.375731,0.008583196,1.755466
3.389643,0.008624235,1.793405
3.403546,0.008889267,1.770783
3.42372,0.008891407,1.824133
3.434504,0.009074745,1.887304
3.449974,0.009178949,1.930872
3.4675,0.009223442,1.963836
3.483377,0.009327107,2.107193
3.500589,0.009238213,2.089566
3.516611,0.009234571,2.077542
3.533661,0.009219896,2.058805
3.550135,0.009210737,2.091625
3.565694,0.009196785,2.16157
3.579505,0.009130395,2.193477
3.594303,0.008998895,2.239133
3.609797,0.009338501,2.233181
3.630495,0.009470834,2.327004
3.64244,0.009503216,2.310205
3.659353,0.009572083,2.375205
3.674031,0.009600441,2.36364
3.689347,0.009620083,2.39882
3.703739,0.009687982,2.493871
3.717839,0.009771232,2.489472
3.731519,0.009827872,2.523674
3.747501,0.009845367,2.60256
3.763445,0.00986724,2.630464
3.777812,0.009780102,2.650996
3.791304,0.009825352,2.700811
3.805726,0.00991375,2.721317
3.818815,0.009875068,2.810488
3.839457,0.01011641,2.818556
3.849952,0.01010468,2.836901
3.866448,0.01007944,2.87249
3.88999,0.01007803,2.973614
3.905605,0.01007629,3.027309
3.919454,0.010093,3.042853
3.935655,0.01016368,3.044397
3.951313,0.0104505,3.0209
3.966805,0.01042442,3.131129
3.982322,0.01072629,3.200757
3.998729,0.01075799,3.245884
4.014784,0.01106504,3.292594
4.028787,0.0110634,3.3622
4.050426,0.01108704,3.31393
4.062399,0.01122306,3.380898
4.076723,0.0113416,3.402027
4.090578,0.01146448,3.498831
4.10453,0.01151151,3.535461
4.11815,0.01158261,3.537897
4.131804,0.01160191,3.654413
4.146279,0.01171046,3.600326
4.159567,0.0117657,3.647441
4.173042,0.01156789,3.831956
4.186982,0.01162079,3.75442
4.1998,0.01159945,3.766397
4.214589,0.01163302,3.792199
4.228727,0.0116291,3.807195
4.242449,0.01174135,3.854528
4.265165,0.01170699,3.885293
4.277782,0.01166519,3.928648
4.291363,0.01165382,3.936018
4.306843,0.01169919,3.955869
4.319791,0.01149583,4.007706
4.333259,0.01156016,3.997921
4.346913,0.01150692,3.976015
4.361116,0.01160453,4.025307
4.377451,0.01198145,4.089835
4.390911,0.01201225,4.101312
4.404366,0.01217536,4.212125
4.417544,0.0123036,4.172511
4.432058,0.01308386,4.015126
4.448475,0.01315394,4.208497
4.470503,0.01330387,4.276084
4.483061,0.01358007,4.293636
4.499919,0.01362854,4.386197
4.515997,0.01366599,4.352082
4.532088,0.01363504,4.389901
4.548257,0.01358522,4.450695
4.56461,0.01373561,4.527099
4.580812,0.01374331,4.529651
4.596502,0.0139211,4.597212
4.60992,0.01391761,4.617195
4.625478,0.01389589,4.646502
4.638775,0.01389044,4.640428
4.65226,0.01378598,4.678056
4.674785,0.01385138,4.672819
4.686571,0.0139371,4.726878
4.699864,0.01392541,4.76403
4.715044,0.0140587,4.827508
4.730744,0.01339932,5.036995
4.744379,0.01351992,4.874918
4.759932,0.01315533,4.924099
4.776441,0.01300477,4.983344
4.790511,0.01349978,4.958909
4.804776,0.01347386,5.04997
4.818425,0.01346027,5.204884
4.832151,0.01352608,5.112283
4.84585,0.01355918,5.101387
4.859323,0.01383611,5.078059
4.878635,0.01382122,5.092315
4.890546,0.01389688,5.224648
4.904706,0.01409454,5.058498
4.919865,0.01450772,5.197349
4.933159,0.01450474,5.172938
4.947021,0.01444838,5.163802
4.960484,0.01463282,5.273029
4.978203,0.01466493,5.175248
4.99264,0.01489796,5.071998
5.007865,0.0148474,5.237159
5.024298,0.01483673,5.269088
5.038416,0.01496982,5.286945
5.052046,0.01494635,5.284165
5.065328,0.01502193,5.271207
5.085929,0.01515462,5.290243
5.096564,0.01513601,5.260603
5.113178,0.01509323,5.285092
5.127973,0.01533382,5.250424
5.14152,0.01508838,5.330464
5.155412,0.0150798,5.243254
5.168975,0.01493049,5.328478
5.183743,0.01490959,5.402399
5.198773,0.0148407,5.424336
5.215002,0.01486673,5.423288
5.230671,0.01487891,5.442621
5.245564,0.0149099,5.451005
5.261358,0.0149314,5.577875
5.276259,0.01514563,5.527546
5.298172,0.01514548,5.58367
5.312589,0.01513787,5.610806
5.327612,0.01510436,5.628313
5.340773,0.01511891,5.569402
5.354127,0.015146,5.590019
5.367,0.01517304,5.604865
5.380662,0.01516415,5.639098
5.398504,0.01514134,5.706022
5.414313,0.01507001,5.803769
5.428343,0.01502192,5.835193
5.442248,0.01489266,5.908035
5.456315,0.01496621,5.889825
5.473322,0.0149588,5.910556
5.487831,0.01495116,5.93366
5.508387,0.0147169,5.934717
5.522763,0.0147828,5.987463
5.537228,0.01479265,6.057704
5.551201,0.01490907,6.326356
5.566027,0.01525288,6.128007
5.580267,0.0152125,6.281975
5.594923,0.01544846,6.240579
5.609038,0.01557253,6.244505
5.622714,0.01595439,6.19644
5.636458,0.01599827,6.306894
5.650326,0.01590984,6.35934
5.664321,0.01599782,6.393625
5.681642,0.01595533,6.489512
5.702754,0.01593204,6.53339
5.730393,0.01602875,6.549338
5.74543,0.01609482,6.565009
5.761122,0.01608619,6.599776
5.778103,0.01610382,6.694861
5.79355,0.01639606,6.66518
5.807676,0.01644615,6.835179
5.821624,0.01678073,6.840227
5.851636,0.01732193,6.896598
5.883868,0.01732106,6.993024
5.911499,0.01729747,7.081167
5.945309,0.01704911,7.200835
5.972773,0.01710318,7.180427
6.000726,0.01726623,7.185398
6.028265,0.01704286,7.262716
6.060113,0.016993,7.361114
6.100244,0.01705047,7.389102
6.141504,0.01714214,7.311905
6.163499,0.01701685,7.372992
6.179032,0.01692783,7.435428
6.19781,0.01675264,7.540774
6.2141,0.01687557,7.436298
6.231809,0.01699927,7.451246
6.246637,0.01717492,7.318825
6.264312,0.01741549,7.163275
6.280556,0.01780043,7.148554
6.296036,0.01785927,7.13853
6.311392,0.01800289,7.14114
6.326936,0.01816021,7.056135
6.34094,0.01822305,6.990891
6.357125,0.01810264,6.908476
6.377759,0.01812344,6.758653
6.39052,0.01808568,6.689352
6.40819,0.01821116,6.50026
6.426004,0.01822896,6.464506
6.441723,0.01823706,6.441198
6.456039,0.01822636,6.362298
6.47031,0.01824338,6.293793
6.484292,0.01821112,6.144014
6.499979,0.018267,6.080411
6.514922,0.01816735,6.102521
6.531064,0.01820161,6.103421
6.54693,0.01727615,6.244599
6.565704,0.0171172,6.218549
6.585718,0.01731638,6.210473
6.598217,0.01723422,6.231021
6.613393,0.01765443,6.172792
6.627606,0.0176203,6.184342
6.641115,0.01766888,6.236242
6.655532,0.01761528,6.260716
6.669211,0.01773643,6.268415
6.693355,0.01774701,6.20542
6.719616,0.01767239,6.228913
6.73392,0.01760319,6.261249
6.747756,0.01759825,6.310375
6.761489,0.01758157,6.356471
6.777619,0.01757094,6.440529
6.79934,0.01753608,6.531679
6.810757,0.0175764,6.546044
6.825747,0.01755588,6.604321
6.839441,0.0175573,6.653489
6.85441,0.01749559,6.745379
6.867298,0.01748668,6.810399
6.881152,0.01742954,6.871468
6.895335,0.01752893,6.929341
6.909124,0.01766551,6.964354
6.923241,0.01804481,6.995268
6.939104,0.0180771,7.031739
6.952929,0.0183472,7.078728
6.966899,0.01840386,7.263257
6.979429,0.01841609,7.175617
6.999539,0.01880247,7.215913
7.011426,0.01903429,7.238824
7.025732,0.01912703,7.306322
7.040781,0.01922763,7.355754
7.056918,0.01934783,7.492686
7.070287,0.01952327,7.437987
7.083409,0.01953869,7.605246
7.097913,0.01960906,7.655143
7.111054,0.01967989,7.662779
7.125641,0.01979976,7.643084
7.143585,0.01984275,7.682833
7.156945,0.01984843,7.722784
7.170836,0.01992258,7.757421
7.184088,0.01991579,7.762278
7.203606,0.01986861,7.84963
7.215654,0.01981204,7.936546
7.233542,0.01981633,7.934715
7.24892,0.01988262,7.962104
7.264588,0.01971583,8.034996
7.282642,0.01990661,8.087454
7.299653,0.02008829,8.037732
7.315698,0.01956008,8.146229
7.331291,0.0193624,8.294508
7.347801,0.01943763,8.163035
7.364184,0.01954195,8.163732
7.379928,0.0196343,8.233683
7.396179,0.01961392,8.366964
7.413024,0.01961278,8.426134
7.426418,0.01961887,8.491558
7.44257,0.01952458,8.634152
7.459145,0.01953782,8.742915
7.472686,0.01956357,8.742623
7.487264,0.01923316,8.727309
7.500547,0.01924578,8.760333
7.515128,0.01966707,8.760468
7.528651,0.01966027,8.776552
7.542151,0.01962456,8.828595
7.555813,0.01960032,8.772388
7.568837,0.01958846,8.735813
7.58164,0.01961274,8.705766
7.595844,0.01962114,8.657757
7.609854,0.01955632,8.664628
7.627615,0.01937636,8.704863
7.641149,0.0193485,8.736668
7.655903,0.01945095,8.780871
7.669474,0.01952071,8.827749
7.685903,0.02005805,8.835512
7.702866,0.02063431,8.672355
7.716707,0.02056104,8.711699
7.729912,0.02006096,8.836423
7.744559,0.02025609,8.620196
7.758387,0.02041812,8.576339
7.775527,0.0204062,8.66882
7.790116,0.02041014,8.683717
7.80447,0.02045947,8.683514
7.818193,0.02083948,8.568274
7.835961,0.02094275,8.499464
7.849289,0.02095625,8.461948
7.864385,0.02093733,8.370014
7.878529,0.02097618,8.309597
7.892237,0.02102233,8.253785
7.905917,0.02112513,8.145965
7.919168,0.02119055,8.071952
7.931674,0.02122492,8.02331
7.945489,0.02137287,7.863521
7.959254,0.02148169,7.748815
7.971968,0.02161758,7.622772
7.985997,0.02181415,7.507286
7.9994,0.02187141,7.500748
8.012214,0.0220004,7.48687
8.026081,0.02216886,7.492738
8.04354,0.02213473,7.597139
8.056407,0.02218061,7.584937
8.070481,0.02212084,7.569708
8.086081,0.02234004,7.510944
8.100743,0.02267236,7.496011
8.114746,0.02288012,7.300895
8.128453,0.02283268,7.233618
8.141762,0.02288462,7.14806
8.155081,0.02324367,6.975695
8.168336,0.02330265,6.877688
8.18155,0.02357129,6.655847
8.201177,0.0236473,6.650983
8.214908,0.02395811,6.743547
8.229141,0.02400092,6.803369
8.247873,0.02402908,6.841259
8.260647,0.0239839,6.841345
8.277222,0.02391081,6.809881
8.294115,0.02391374,6.803483
8.308605,0.02389754,6.809506
8.322015,0.02380515,6.865185
8.335931,0.02377837,6.849626
8.349161,0.02378201,6.888687
8.362492,0.02379389,6.933587
8.376679,0.02388874,7.02046
8.390481,0.0241522,6.951838
8.404909,0.02437269,6.955223
8.418284,0.02433658,6.985699
8.431895,0.02397525,7.224608
8.450115,0.02439781,7.117558
8.465267,0.02416318,7.223196
8.480343,0.02403982,7.247113
8.495798,0.02415198,7.2903
8.510348,0.02390299,7.365324
8.524578,0.0239285,7.449244
8.537766,0.02406145,7.53007
8.551476,0.02411296,7.605427
8.56527,0.02398637,7.611952
8.582896,0.02399843,7.716326
8.59888,0.02376814,7.766095
8.614538,0.02372414,7.788807
8.628873,0.02377001,7.787068
8.643064,0.02378658,7.87659
8.661005,0.02374866,7.998314
8.676808,0.02383799,7.966393
8.690598,0.02378761,8.043299
8.707476,0.0237411,8.153215
8.722241,0.02375891,8.164766
8.73598,0.0237745,8.26351
8.75028,0.02391916,8.241739
8.763916,0.02376348,8.363959
8.77797,0.02375941,8.357477
8.79439,0.02310689,8.395735
8.808081,0.02326094,8.508146
8.822237,0.02326763,8.582336
8.835839,0.02302007,8.660161
8.849915,0.02287874,8.690184
8.868286,0.02379575,8.849064
8.880773,0.02394054,8.758
8.89652,0.02439264,8.782526
8.910793,0.0246494,8.789435
8.92504,0.02456728,8.769253
8.939012,0.0244423,8.817885
8.952194,0.02438656,8.850818
8.966187,0.02435414,8.819066
8.979383,0.0243194,8.878121
8.993296,0.02435853,8.817061
9.006967,0.02431701,8.869665
9.020423,0.02427496,8.921211
9.03497,0.02415324,9.049349
9.048737,0.02413988,9.122272
9.062009,0.02416369,9.241673
9.08471,0.02418658,9.364812
9.099077,0.02462808,9.30751
9.112632,0.02454402,9.393982
9.127753,0.02450699,9.600297
9.145211,0.02476605,9.607646
9.161049,0.0246767,9.663692
9.175589,0.02415248,9.716323
9.190097,0.02438192,9.727163
9.205342,0.02432937,9.776098
9.220016,0.02443845,9.788621
9.235085,0.02444325,9.757255
9.251723,0.0244099,9.891116
9.273171,0.02438069,9.940122
9.294551,0.02431637,10.04346
9.309141,0.02429241,10.11095
9.323993,0.02438303,10.1634
9.339084,0.02441932,10.20617
9.353362,0.02438838,10.2564
9.368006,0.02435502,10.32983
9.381561,0.02432523,10.37333
9.396954,0.02426809,10.46757
9.411461,0.02425088,10.51376
9.425057,0.02419809,10.52744
9.439765,0.02418155,10.56364
9.453087,0.02413961,10.61704
9.467102,0.02393818,10.73634
9.480572,0.02394937,10.77726
9.502872,0.02422127,10.68765
9.516443,0.02399092,11.05181
9.530449,0.0243456,10.87312
9.544119,0.02357532,11.05256
9.558104,0.02348429,11.08465
9.572053,0.02398788,11.14705
9.586073,0.02391341,11.14979
9.599715,0.02373521,11.20852
9.612911,0.02357578,11.24647
9.626931,0.02340219,11.28643
9.641404,0.0233522,11.35026
9.655662,0.02308061,11.40379
9.670822,0.02296186,11.43273
9.685037,0.02262357,11.4872
9.703605,0.02237179,11.57078
9.722026,0.02238931,11.56206
9.736506,0.0223034,11.63361
9.752862,0.02227894,11.6626
9.77047,0.02242238,11.71311
9.785231,0.02235231,11.75388
9.803046,0.02233756,11.78362
9.818034,0.02240125,11.84553
9.834939,0.02279588,11.89855
9.849571,0.02266297,11.94478
9.864966,0.02251019,11.97196
9.879456,0.02295309,11.91818
9.894995,0.02305091,12.01949
9.916771,0.02301515,12.12803
9.931765,0.02303337,12.15477
9.946708,0.02273823,12.27597
9.963127,0.02272751,12.32426
9.981741,0.02271436,12.27975
10.00053,0.02272615,12.30334
10.01463,0.0226644,12.39823
10.02932,0.02265435,12.49055
10.04352,0.02250581,12.54261
10.05821,0.02241167,12.54588
10.07199,0.02206903,12.73551
10.08609,0.02208387,12.7397
10.09962,0.02265325,12.75605
10.11728,0.02263033,12.81632
10.13182,0.02260881,12.8721
10.14633,0.0226211,12.98964
10.16378,0.02258778,13.06825
10.18124,0.02256281,13.08918
10.19615,0.02245485,13.28971
10.20998,0.02300405,13.38321
10.22521,0.02344739,13.26403
10.23936,0.02344103,13.34319
10.25266,0.0238864,13.46103
10.26759,0.02348409,13.52535
10.28339,0.02339716,13.64202
10.29858,0.02344798,13.6887
10.31389,0.02398796,13.53915
10.33277,0.02390253,13.99688
10.35224,0.02409874,13.94586
10.36684,0.02393778,14.04306
10.38143,0.02361684,14.08957
10.39623,0.02375491,14.05493
10.41198,0.02368615,14.11375
10.42654,0.02363944,14.17505
10.44056,0.02375446,14.23299
10.45511,0.02367936,14.29942
10.46922,0.02375043,14.34548
10.48505,0.02380636,14.32711
10.49952,0.02383944,14.34079
10.51495,0.02378599,14.39507
10.53491,0.02378487,14.46231
10.55061,0.02380257,14.51118
10.56419,0.02372975,14.6065
10.57766,0.02345323,14.67127
10.59231,0.02343754,14.67508
10.60626,0.02343205,14.70145
10.62026,0.0234465,14.72247
10.63506,0.02356468,14.7939
10.64927,0.0236737,14.84913
10.66354,0.02356554,14.82605
10.67861,0.02411389,14.6926
10.69252,0.0238516,15.07632
10.70717,0.02403603,14.93435
10.72393,0.02428259,14.88228
10.74718,0.02372013,14.87158
10.76658,0.02369106,14.81495
10.78714,0.02382304,14.74928
10.80705,0.0238327,14.6502
10.82708,0.02396811,14.49688
10.84696,0.02406975,14.33072
10.86591,0.0241668,14.26398
10.88464,0.02428591,14.1862
10.90339,0.02452679,14.04559
10.92132,0.02489225,13.92352
10.94119,0.02591528,13.60371
10.96493,0.02640451,13.35071
10.98565,0.02628977,13.06184
11.00677,0.02694934,12.78967
11.02588,0.02718529,12.7866
11.04607,0.0275536,12.67568
11.06602,0.0278019,12.73896
11.08491,0.02768475,12.48206
11.10589,0.02744107,12.33937
11.12471,0.02775295,12.13396
11.14308,0.02812431,11.91051
11.16626,0.02846185,11.81867
11.18539,0.02858865,11.68685
11.20289,0.02882517,11.51576
11.22136,0.02899134,11.37989
11.24021,0.02913035,11.29065
11.25983,0.0299131,11.15007
11.27936,0.03018125,10.87804
11.29995,0.03036056,10.58005
11.31742,0.03041578,10.47722
11.33563,0.03039074,10.42247
11.35617,0.03095438,10.31095
11.37902,0.03107159,9.876891
11.39828,0.0314143,10.21904
11.41577,0.03196479,10.20749
11.43207,0.0320644,10.15827
11.44941,0.03179075,10.17142
11.46538,0.03175999,10.2435
11.48627,0.03244261,9.942773
11.50191,0.032314,10.16005
11.51776,0.03280331,10.01636
11.53457,0.03267408,10.0072
11.55284,0.03299696,9.84798
11.57081,0.0328606,9.892528
11.59007,0.0329285,9.885071
11.60632,0.03301974,9.936837
11.62253,0.03298977,9.997647
11.63892,0.03298542,10.0279
11.65521,0.03316703,9.912366
11.67182,0.03291501,9.968373
11.68837,0.03201894,10.20706
11.7045,0.03258226,10.24127
11.72116,0.03215446,10.26079
11.74265,0.03146629,10.25597
11.76013,0.03131915,10.28023
11.77687,0.03151666,10.16988
11.80014,0.03072485,10.23112
11.81822,0.0305272,10.28536
11.83534,0.03049242,10.20301
11.85235,0.03065116,10.20764
11.86825,0.03065786,10.23462
11.88487,0.03062388,10.31793
11.90077,0.03050677,10.32628
11.91746,0.03039354,10.34323
11.93387,0.03045832,10.31675
11.95029,0.03045068,10.33938
11.967,0.03041941,10.38158
11.99134,0.03031476,10.41731
12.02188,0.03010069,10.43503
12.03557,0.02999832,10.37744
12.04939,0.0298316,10.40089
12.06356,0.02965333,10.44932
12.07726,0.02961742,10.4573
12.09183,0.02952345,10.46952
12.10761,0.02929903,10.49576
12.121,0.02927294,10.50221
12.1369,0.0292505,10.45728
12.15228,0.02921247,10.46356
12.16635,0.02920075,10.50734
12.18024,0.02896468,10.56975
12.19499,0.02872294,10.64422
12.21517,0.0287723,10.62708
12.23058,0.02868884,10.65734
12.24465,0.02859098,10.66134
12.25933,0.02833784,10.68561
12.2745,0.0281819,10.71754
12.28833,0.02819205,10.72437
12.30138,0.02814732,10.75508
12.31772,0.0280562,10.77382
12.33134,0.02802374,10.80771
12.34564,0.02783431,10.88644
12.36133,0.02776669,10.96216
12.37583,0.02768816,11.08633
12.39027,0.02755559,11.16567
12.4037,0.02728571,11.36328
12.42205,0.02714481,11.45373
12.43593,0.02587158,11.62454
12.45009,0.02587772,11.5924
12.46447,0.02489528,11.645
12.47892,0.024707,11.55621
12.49338,0.024738,11.5686
12.50817,0.02442648,11.6171
12.52227,0.02435751,11.6815
12.53628,0.02429273,11.78918
12.55046,0.02417269,11.9113
12.57126,0.0240407,11.98165
12.58461,0.02405928,11.99861
12.59829,0.02393462,12.03388
12.6117,0.02442089,12.01892
12.63094,0.02388902,12.21595
12.65079,0.02389204,12.3091
12.66537,0.0233513,12.42869
12.67941,0.02314006,12.5326
12.6971,0.02308646,12.60066
12.71428,0.02296083,12.71583
12.73128,0.02280249,12.82803
12.74862,0.02278507,12.9156
12.76544,0.0225744,13.04802
12.78308,0.02212089,13.15433
12.80154,0.02131096,13.25113
12.81805,0.02076789,13.37981
12.85005,0.02002709,13.51106
12.87437,0.02002802,13.49263
12.89972,0.01983639,13.63865
12.9229,0.0197727,13.77312
12.94828,0.01975686,13.89753
12.9725,0.01952776,14.10473
12.99713,0.01935244,14.14625
13.02048,0.01919313,14.17963
13.04992,0.01903831,14.3385
13.07345,0.01824665,14.56355
13.09933,0.01793757,14.69696
13.13083,0.0173717,14.81483
13.16274,0.01688597,15.01628
13.1897,0.01614743,15.43367
13.21777,0.01611691,15.38053
13.23174,0.01505316,15.67808
13.25208,0.01405976,15.96161
13.26737,0.01471764,15.68791
13.28175,0.01443411,15.7973
13.29588,0.01411896,15.94046
13.31384,0.01381747,16.07042
13.32781,0.01384763,16.10512
13.34101,0.01362988,16.20485
13.35527,0.01327331,16.39903
13.36993,0.01316879,16.41674
13.38391,0.01304671,16.52057
13.39785,0.01297187,16.58817
13.41137,0.01278297,16.71498
13.42495,0.01274121,16.78679
13.43943,0.01248588,16.94295
13.45792,0.01242514,16.98674
13.47093,0.01230679,17.06313
13.4852,0.01179874,17.21267
13.49969,0.01200632,17.23964
13.5147,0.01160763,17.46259
13.52873,0.01010723,17.96492
13.54251,0.01101702,17.5309
13.55733,0.01052846,17.86901
New Try
New Try
New Try
New Try
New Try
New Try
New Try
New Try
New Try
New Try
New Try
New Try
New Try
New Try
New Try
New Try
New Try
New Try
0.2900499,0.05676785,2.42172
0.2983351,0.07080034,1.973777
New Try
New Try
New Try
New Try
New Try
New Try
New Try
New Try
New Try
New Try
New Try
2.356327,0.01443261,1.438719
2.363137,0.0144578,1.376861
2.39099,0.01443052,1.260674
2.411249,0.01438997,1.193866
2.440293,0.01436797,1.178856
2.457017,0.01444915,1.108358
2.474934,0.01446187,0.9837734
2.494129,0.01447336,0.923233
2.517524,0.01437608,0.9048218
2.536499,0.01426958,0.8888945
2.555492,0.01410761,0.7994187
2.574335,0.01418566,0.7517344
2.592702,0.01406193,0.7386047
2.610926,0.01414322,0.7330202
2.630021,0.01504774,0.7116191
2.655439,0.01477549,0.7843454
2.672509,0.01462676,0.81781
2.693451,0.01431962,0.8423266
2.712815,0.01428013,0.9412843
2.732202,0.01462117,0.963068
2.752841,0.0145485,1.112763
2.77212,0.01470771,1.184651
2.790336,0.01471843,1.125006
2.808703,0.01463227,1.21402
2.827376,0.01464431,1.404163
2.846161,0.01457777,1.505582
2.87122,0.01458919,1.604253
2.888249,0.01487472,1.703183
2.907399,0.01524874,1.852874
2.925925,0.01530693,2.016933
2.945081,0.01558363,2.044401
2.964794,0.01585664,2.287559
2.984916,0.0157926,2.380637
3.003247,0.01614026,2.298825
3.022978,0.01580309,2.433089
3.043633,0.01583511,2.461243
3.062249,0.01632207,2.562619
3.0876,0.01602102,2.679419
3.104195,0.01617122,2.731225
3.122941,0.01624796,2.808398
3.141403,0.01624023,2.905353
3.160987,0.01612811,3.001266
3.180179,0.01613522,3.038024
3.199203,0.01629856,3.115207
3.223424,0.01635909,3.155418
3.242546,0.01624759,3.204119
3.261084,0.01632237,3.271537
3.282668,0.01616478,3.240813
3.308903,0.01644685,3.296278
3.325934,0.01563315,3.382751
3.344923,0.01560422,3.413804
3.364803,0.01616121,3.487509
3.383686,0.01686123,2.922149
3.404249,0.01776413,3.257143
3.42323,0.01798121,3.135252
3.445943,0.01812241,3.096045
3.463186,0.01831779,2.974206
3.486119,0.01813362,2.949023
3.513312,0.01810961,2.840969
3.532365,0.017983,2.759034
3.553723,0.01794643,2.689918
3.578798,0.01807096,2.610445
3.599878,0.01825709,2.421235
3.620664,0.01818228,2.2101
3.640154,0.01802242,1.973975
3.659799,0.01723699,1.947424
3.680226,0.01687921,1.667418
3.701587,0.01714324,1.631828
3.728298,0.01717571,1.501417
3.747053,0.01684708,1.285727
3.770514,0.01627173,1.063856
3.79515,0.01569945,0.9168525
3.819726,0.01487027,0.8987461
3.843948,0.0143016,0.8108415
3.86621,0.01420772,0.5595313
3.890678,0.01414182,0.3784592
3.911534,0.01399288,0.3333784
3.946013,0.01307276,0.3871488
3.968113,0.01234212,0.3127867
3.988433,0.01244428,0.4817329
4.00816,0.01211189,0.5066768
4.026583,0.01156556,0.6835691
4.04846,0.01074882,0.745461
4.067528,0.01012423,0.5424856
4.086914,0.009320475,0.6097356
4.106035,0.00849719,0.6567059
4.125655,0.008407808,0.7170975
4.150548,0.007857312,0.7722777
4.168769,0.007233864,0.7748073
4.188513,0.007036101,0.7952467
4.207305,0.006453081,0.8315719
4.226355,0.006323214,0.9454328
4.245342,0.006321215,1.111003
4.264176,0.006199884,1.144663
4.28507,0.006224671,1.198283
4.306045,0.005681664,1.23067
4.32478,0.006168515,1.298901
4.343723,0.00552996,1.301159
4.368684,0.005466216,1.343192
4.388336,0.005808171,1.386775
4.409187,0.005282097,1.537734
4.430148,0.005759376,1.498547
4.449133,0.005633565,1.565231
4.462687,0.005562318,1.603032
4.477483,0.005285932,1.680279
4.491901,0.005422525,1.749324
4.505753,0.005234992,1.769235
4.520282,0.005407535,1.78224
4.53521,0.005366186,1.820697
4.55378,0.005152317,1.919079
4.575394,0.005373164,2.021585
4.58928,0.004948163,2.143932
4.605142,0.005123911,2.225631
4.620538,0.00542033,2.256894
4.636158,0.005922609,2.302823
4.650652,0.006099329,2.33431
4.665785,0.006255984,2.383267
4.681196,0.006467816,2.426564
4.697378,0.006759051,2.525302
4.713312,0.00670909,2.606994
4.734358,0.006949396,2.630762
4.749666,0.008693224,2.929709
4.763983,0.008794921,2.884866
4.787085,0.009174901,3.003222
4.801128,0.009427812,3.107909
4.817405,0.009723734,3.23077
4.832304,0.00985999,3.12944
4.848006,0.01022058,3.445147
4.863221,0.01039574,3.488688
4.877409,0.01051923,3.575879
4.891328,0.01052024,3.610102
4.905977,0.01085335,3.690509
4.920757,0.01107228,3.803747
4.938444,0.01095321,3.841959
4.953641,0.01102958,3.926953
4.97216,0.01100064,4.009073
4.999739,0.01106445,4.072369
5.013931,0.01122394,4.271776
5.056752,0.01105151,4.429741
5.072055,0.01106224,4.455533
5.085977,0.0108759,4.450783
5.100765,0.01081342,4.474133
5.116188,0.01080304,4.567803
5.130311,0.01068122,4.696068
5.144737,0.01083458,4.727043
5.161071,0.01096335,4.931574
5.176528,0.01099058,4.744169
5.196807,0.01098039,4.561109
5.209862,0.01136602,4.765305
5.225722,0.01161406,4.842824
5.241342,0.01189166,4.985663
5.256247,0.01206044,4.986802
5.271056,0.01186695,4.989159
5.286953,0.01173706,5.068868
5.301559,0.01176504,5.06295
5.317543,0.01120881,5.069139
5.331985,0.01079855,5.043332
5.347286,0.01037811,5.078753
5.361889,0.01024048,5.050591
5.376921,0.01003878,5.109829
5.397811,0.00999061,5.219319
5.410483,0.009894006,5.247102
5.426242,0.009508822,5.19618
5.444484,0.009156703,5.250088
5.464641,0.008337146,5.272063
5.480086,0.008208253,5.282422
5.495876,0.00783195,5.282274
5.511212,0.007688493,5.355769
5.526752,0.007465295,5.374142
5.541471,0.007164556,5.454598
5.556044,0.007424669,5.437037
5.573505,0.007191129,5.418516
5.589771,0.007023358,5.349179
5.61154,0.006597976,5.380446
5.625748,0.006294164,5.416708
5.640388,0.00608082,5.482335
5.655493,0.005874976,5.510787
5.670133,0.005698423,5.549273
5.684674,0.005702009,5.544821
5.698815,0.005715167,5.520806
5.712598,0.005711615,5.532154
5.72732,0.005577601,5.540791
5.741198,0.005461011,5.557037
5.754864,0.005325938,5.568909
5.770257,0.005346781,5.600877
5.785229,0.005345459,5.65215
5.79906,0.005462838,5.731965
5.819774,0.005461854,5.817834
5.838006,0.005342483,5.784588
5.852771,0.005409442,5.815375
5.866984,0.005705837,5.935807
5.881913,0.004864236,5.946266
5.896693,0.005099419,6.07141
5.913184,0.005116897,6.075864
5.928449,0.005845627,6.289181
5.946352,0.005796938,6.215269
5.96075,0.005905667,6.319131
5.976636,0.006136689,6.382791
5.99269,0.006373013,6.405024
6.007398,0.006686196,6.553618
6.026535,0.006765118,6.617195
6.03974,0.007111569,6.629335
6.053941,0.00709031,6.721524
6.06958,0.007621232,6.715978
6.083333,0.007747362,6.709054
6.097671,0.007589448,6.604083
6.111099,0.007621601,6.642308
6.126296,0.007702897,6.71516
6.14025,0.007770626,6.755925
6.153417,0.007985871,6.852317
6.167473,0.008314098,6.911344
6.181961,0.008308714,6.992519
6.198313,0.009107678,7.28206
6.212061,0.009179626,7.113837
6.231371,0.01051334,7.336016
6.243968,0.01027693,7.326542
6.25832,0.0105064,7.350924
6.273239,0.0117634,7.577042
6.290373,0.01255325,7.338048
6.306237,0.01283725,7.345691
6.320714,0.0129728,7.360847
6.334184,0.013263,7.438568
6.3488,0.01415082,7.482571
6.362628,0.01419529,7.516586
6.377211,0.01435139,7.515698
6.390588,0.01425323,7.557618
6.406034,0.01527636,7.589101
6.421006,0.01524904,7.698144
6.44016,0.01540762,7.60029
6.454817,0.01555778,7.636148
6.472564,0.01549458,7.665288
6.487319,0.0153575,7.728423
6.502485,0.01530443,7.755802
6.516481,0.01514946,7.828748
6.530656,0.01534726,7.873425
6.545599,0.01555455,7.985394
6.55977,0.01566117,8.037439
6.573614,0.01584079,8.101158
6.589507,0.01621304,8.298058
6.606686,0.01640649,8.209037
6.619236,0.01676461,8.219386
6.633124,0.01661669,8.110628
6.650747,0.01711155,8.294082
6.665198,0.0171129,8.296211
6.680677,0.01659112,8.160629
6.694395,0.01710792,8.229389
6.709218,0.01738601,8.263295
6.723084,0.01736223,8.270254
6.73668,0.01728569,8.290813
6.751007,0.01686757,8.243907
6.766424,0.01694572,8.334679
6.778582,0.01624698,8.000916
6.79312,0.01668922,8.092113
6.80691,0.01621124,7.978458
6.820807,0.01599571,7.862372
6.834154,0.01569334,7.786009
6.858226,0.01458998,7.500513
6.870553,0.01420489,7.433158
6.885118,0.0139096,7.387084
6.898797,0.01347261,7.218903
6.913297,0.01342138,7.282921
6.930236,0.0133977,7.291376
6.947349,0.01305106,7.29482
6.960613,0.01288585,7.286935
6.976011,0.0124631,7.209439
6.989328,0.0124964,7.220153
7.003054,0.01240784,7.099427
7.016986,0.01204185,6.987608
7.030559,0.01061536,6.59038
7.044445,0.009007962,6.77167
7.063289,0.008522279,6.854206
7.078429,0.008644438,6.916648
7.095357,0.00841812,6.897906
7.113519,0.008477452,6.906318
7.129649,0.007971196,6.892359
7.144421,0.007412769,6.867157
7.160746,0.007058258,6.807403
7.174565,0.006988051,6.825818
7.189998,0.007084179,6.742151
7.204501,0.007217617,6.633416
7.219184,0.007161927,6.638144
7.232503,0.007125774,6.703936
7.24728,0.006776355,6.800283
7.266413,0.006636452,6.908136
7.281228,0.006399707,6.916733
7.296291,0.006263043,6.938083
7.311944,0.005838778,7.006811
7.327041,0.005603071,6.927048
7.343207,0.00549345,6.904387
7.357599,0.005709893,6.942153
7.371445,0.005046196,6.820097
7.386583,0.004822867,6.872496
7.40051,0.004748676,6.883474
7.415269,0.004542257,6.838679
7.429547,0.004643986,6.826335
7.444713,0.004755766,6.838105
7.460978,0.004862105,6.896826
7.481779,0.004286219,6.997623
7.496214,0.004189178,7.029284
7.510549,0.004203127,7.035086
7.52596,0.004357632,7.07701
7.540971,0.004422483,7.056302
7.554188,0.004612086,7.093041
7.568738,0.004842682,7.024147
7.582152,0.004920827,7.013359
7.596217,0.004988085,6.985109
7.612477,0.00500172,7.004291
7.629254,0.005294497,7.063415
7.643309,0.005505596,7.101306
7.658145,0.005616043,7.121994
7.672111,0.005814571,7.179498
7.691069,0.00697553,7.260284
7.704602,0.00643704,7.321345
7.719083,0.006956132,7.33853
7.733107,0.007172441,7.396109
7.747908,0.008058188,7.433686
7.761583,0.008591875,7.477061
7.777134,0.00840399,7.508906
7.791112,0.0083316,7.547276
7.805304,0.008207885,7.673938
7.819124,0.007892798,7.637896
7.832429,0.008192102,7.770617
7.84606,0.008061519,7.761014
7.860002,0.008072018,7.812736
7.874833,0.007721283,7.857278
7.894498,0.007724272,7.998166
7.909068,0.007736547,8.019541
7.929093,0.007635038,8.055688
7.945748,0.007628182,8.177981
7.960993,0.007605137,8.167483
7.976279,0.007483528,8.250549
7.992976,0.007624873,8.223709
8.009454,0.008061417,8.203677
8.025767,0.008172886,8.204491
8.04044,0.008103625,8.230439
8.054391,0.00813261,8.346992
8.068434,0.007926577,8.272795
8.083413,0.008004846,8.453311
8.102839,0.008654536,8.427392
8.117981,0.007893672,8.416387
8.131492,0.007743631,8.405319
8.145669,0.007812563,8.45064
8.160247,0.007567371,8.522723
8.174767,0.007743367,8.539459
8.188554,0.007371304,8.569672
8.202694,0.006974507,8.557586
8.216835,0.007028619,8.558573
8.230304,0.007031454,8.553201
8.244495,0.007009181,8.461718
8.258509,0.006734946,8.478341
8.272785,0.006596694,8.493916
8.286711,0.006357067,8.546471
8.304388,0.00648127,8.543023
8.318479,0.006706225,8.568458
8.332727,0.006791557,8.55715
8.347817,0.006618753,8.469859
8.361541,0.006949981,8.505145
8.37644,0.006988087,8.557035
8.391321,0.006740833,8.687449
8.405668,0.006471131,8.689189
8.420307,0.006575624,8.694657
8.434081,0.006974468,8.757665
8.450588,0.007404726,8.832243
8.465366,0.007433286,8.851528
8.481241,0.007585102,8.81091
8.496357,0.007451478,8.898104
8.516991,0.007973978,8.926517
8.532162,0.008273514,8.937317
8.547193,0.008578929,8.910172
8.561831,0.00844699,8.93934
8.577145,0.008697901,8.986425
8.591792,0.008560107,9.021361
8.605086,0.008406295,9.070342
8.619025,0.00823509,9.1221
8.633801,0.008356715,9.186625
8.651173,0.00842502,9.206755
8.664842,0.008414043,9.195991
8.677252,0.008301739,9.222919
8.69159,0.008149998,9.223133
8.705616,0.007975582,9.283852
8.723242,0.007859177,9.32797
8.736631,0.007930672,9.42014
8.75031,0.008017056,9.421288
8.76417,0.00810816,9.450764
8.778676,0.008271291,9.517956
8.792752,0.008279619,9.539287
8.807338,0.008058209,9.601811
8.820574,0.007779955,9.620629
8.834952,0.007668348,9.639942
8.848034,0.007837568,9.678533
8.862514,0.007946562,9.65486
8.875517,0.008073525,9.625043
8.889621,0.007876597,9.589725
8.903762,0.007687107,9.591857
8.919372,0.007422244,9.616767
8.938453,0.007386524,9.578834
8.953842,0.007371614,9.573969
8.968232,0.008077804,9.558803
8.986996,0.007865658,9.544725
9.00096,0.007725696,9.54979
9.015102,0.007508764,9.621693
9.028235,0.007125211,9.679811
9.042027,0.007216599,9.752962
9.055657,0.007302567,9.75141
9.069243,0.007347449,9.753728
9.083919,0.007268011,9.790308
9.099897,0.007028406,9.826113
9.114029,0.006729568,9.876493
9.129057,0.006490463,9.868286
9.148981,0.005991713,9.796532
9.163643,0.004963841,9.974646
9.179651,0.005353556,9.950642
9.193501,0.005174982,10.00836
9.209424,0.004998456,10.09017
9.223484,0.00530564,9.999417
9.237072,0.004850997,10.08668
9.250925,0.004733387,10.1071
9.26566,0.004772108,10.14358
9.279288,0.004772777,10.16775
9.29281,0.004641327,10.21585
9.308909,0.004418872,10.21013
9.323639,0.00410324,10.22147
9.337505,0.003603261,10.2891
9.363558,0.003190148,10.38916
9.37748,0.003115843,10.45822
9.392537,0.00298516,10.50292
9.407378,0.002891623,10.5576
9.42238,0.002793529,10.62223
9.435863,0.002770156,10.66539
9.453461,0.00269053,10.76498
9.47119,0.002468419,10.99102
9.489412,0.00228625,10.95796
9.508314,0.002232557,11.02537
9.525179,0.002263028,11.02516
9.542017,0.002303778,11.24321
9.565845,0.001760994,11.19674
9.58188,0.002389024,11.52198
9.600102,0.001694595,11.36184
9.618985,0.002166277,11.42725
9.635042,0.002082435,11.36559
9.652603,0.001892721,11.45263
9.67008,0.001957325,11.50098
9.687075,0.002304893,11.49927
9.70298,0.002337828,11.72545
9.718791,0.002190506,11.69327
9.734007,0.002249829,11.7642
9.749777,0.00217128,11.741
9.770151,0.00194872,11.7325
9.786397,0.001768622,11.76112
9.799274,0.001733091,11.8422
9.813053,0.001702267,11.93183
9.827514,0.001261534,12.08778
9.84169,0.001286489,12.14846
9.855494,0.001343704,12.30116
9.86852,0.001095204,12.45009
9.882035,0.0008736137,12.48546
9.896471,0.0006655725,12.59443
9.909012,0.0003577787,12.66417
9.923774,0.0005004831,12.80233
9.937527,0.0004661697,12.86156
9.951584,0.0003915008,12.98926
9.975605,0.0009767963,13.09541
9.988692,0.001303144,13.11556
10.00289,0.001869329,13.28925
10.01635,0.002064959,13.20672
10.03133,0.002317818,13.18539
10.04718,0.002974956,13.44475
10.06634,0.002938702,13.38015
10.07979,0.003112124,13.39001
10.09408,0.003698312,13.50183
10.10771,0.003819223,13.48941
10.12105,0.004253431,13.59866
10.13526,0.004166881,13.58452
10.14894,0.00407827,13.70913
10.16272,0.004009758,13.73297
10.18115,0.004198112,13.77786
10.19532,0.004335279,13.81825
10.20869,0.004628488,13.82757
10.22327,0.004648693,13.84237
10.23784,0.004790978,13.90621
10.25253,0.005429947,14.03656
10.26835,0.005204943,14.00653
10.28294,0.006565298,14.20156
10.29818,0.006731866,14.01412
10.312,0.00716196,14.00636
10.32694,0.008213298,14.10326
10.34141,0.007529682,14.0588
10.35641,0.00770538,14.17375
10.37054,0.008331748,14.59496
10.3894,0.007688718,14.33698
10.40306,0.00761573,14.3915
10.41914,0.00805021,14.58205
10.43283,0.007290603,14.27271
10.44838,0.007376008,14.40292
10.46464,0.007157789,14.49952
10.48006,0.007002471,14.51938
10.49363,0.006443426,14.56484
10.51121,0.006350725,14.60807
10.52345,0.006311097,14.64394
10.53654,0.006200253,14.62884
10.54979,0.006152597,14.64461
10.56259,0.005982694,14.65055
10.57536,0.005866369,14.83841
10.59398,0.00579896,14.8707
10.6077,0.005417283,14.93301
10.62178,0.00524375,14.98775
10.63491,0.005006572,15.04291
10.64856,0.003991824,14.90274
10.66187,0.003870693,15.20507
10.67507,0.003592337,15.18348
10.69164,0.003666156,15.21698
10.70731,0.002518063,15.3074
10.71992,0.001931703,15.38585
10.73311,0.001506127,15.41898
10.74658,0.0008599866,15.632
10.75947,0.0006568786,15.42946
10.77276,0.0004243654,15.43351
10.78595,0.001144457,15.37439
10.8038,0.001087029,15.36828
10.81626,0.001281111,15.36607
10.83033,0.001716214,15.44819
10.84573,0.002479471,15.39219
10.85868,0.002869535,15.35095
10.87164,0.002964373,15.31547
10.88503,0.003049159,15.27665
10.89871,0.003578746,15.22819
10.9131,0.003909842,15.20349
10.92721,0.0046138,15.16521
10.9398,0.00499715,15.13265
10.95237,0.00533236,15.17803
10.96875,0.005734055,15.17732
10.98211,0.005854019,15.19346
10.99502,0.006051247,15.25866
11.01606,0.006054595,15.29853
11.02878,0.006480511,15.42527
11.04153,0.006896096,14.94774
11.05515,0.007308497,15.62915
11.06971,0.008172341,15.46961
11.08243,0.008688305,15.40428
11.09667,0.009417742,15.36453
11.10944,0.009743385,15.36053
11.12235,0.01012836,15.49924
11.14,0.009750531,15.51311
11.15321,0.009801304,15.61656
11.16637,0.009800415,15.63327
11.18058,0.009679358,15.65163
11.19323,0.009856595,15.59741
11.20629,0.009661537,15.53225
11.22381,0.009460922,15.51976
11.23662,0.009256413,15.50274
11.25034,0.009213876,15.5169
11.26402,0.009241692,15.53536
11.27784,0.009369346,15.59028
11.29216,0.009374121,15.58698
11.30628,0.009210183,15.62843
11.31952,0.009017251,15.6562
11.33273,0.008933663,15.73285
11.34583,0.008917959,15.69276
11.35863,0.008801146,15.8671
11.37271,0.008654996,16.03358
11.38664,0.008595728,15.98472
11.40014,0.008211439,15.99146
11.41317,0.007642422,15.97237
11.43302,0.006973706,15.93857
11.44639,0.006795591,15.91111
11.46238,0.006306039,16.01945
11.4758,0.005873124,16.44889
11.49104,0.005590927,16.34821
11.50416,0.005148833,16.35231
11.52121,0.003279211,16.40084
11.53477,0.003614882,16.43082
11.54826,0.002699587,16.28705
11.56325,0.002397629,16.41619
11.57822,0.003166425,16.6265
11.59158,0.003151847,16.94971
11.6047,0.002762729,16.5452
11.61758,0.002770324,16.97837
11.63603,0.002811014,17.17715
11.64984,0.002827424,17.26549
11.66324,0.002987117,17.35056
New Try
New Try
New Try
