New Try
New Try
New Try
New Try
New Try
New Try
New Try
New Try
New Try
1.129889,0.008567687,3.756401
1.137667,0.008512126,3.831241
1.151398,0.00849102,3.868676
1.164904,0.008475655,3.89938
1.178326,0.008498805,3.950767
1.191351,0.008520179,3.973798
1.20512,0.008550148,3.990371
1.218987,0.008606037,3.929296
1.232875,0.008617221,3.924808
1.2465,0.008601584,3.912865
1.262171,0.008539663,3.86989
1.280754,0.008463375,3.830014
1.305564,0.008357851,3.795811
1.317279,0.008200749,3.762287
1.331402,0.008111065,3.748156
1.346039,0.00801194,3.730037
1.361157,0.007812047,3.712462
1.378225,0.007609865,3.710404
1.394377,0.007516917,3.721365
1.410673,0.007361176,3.760829
1.428104,0.007229856,3.810382
1.44392,0.007169503,3.836451
1.461583,0.007063059,3.817416
1.481445,0.006954495,3.863459
1.505309,0.006883274,3.900484
1.517944,0.006831656,3.851275
1.534869,0.006803215,3.85158
1.551024,0.006713506,3.837727
1.568948,0.006586061,3.817211
1.586494,0.006533555,3.803593
1.602115,0.006468197,3.789978
1.618391,0.006459287,3.78108
1.633133,0.006425008,3.752333
1.647172,0.006410006,3.732346
1.661325,0.00636539,3.695175
1.676996,0.006333824,3.672318
1.691177,0.006304251,3.655377
1.712265,0.006304251,3.655377
1.72364,0.006304251,3.655377
1.73786,0.006304251,3.655377
1.757613,0.006304251,3.655377
1.772748,0.006304251,3.655377
1.786052,0.006136159,3.498272
1.800885,0.006118792,3.440654
1.815337,0.006100372,3.421023
1.829092,0.00608938,3.402315
1.843076,0.006103908,3.370285
1.856239,0.006140247,3.360453
1.874603,0.006213195,3.340175
1.893446,0.006278839,3.319892
1.914667,0.006314352,3.292594
1.927519,0.00633782,3.281277
1.941011,0.006400784,3.266746
1.956502,0.00643743,3.263868
1.971771,0.006505162,3.258405
1.985975,0.006520465,3.255399
2.001068,0.006520465,3.255399
2.014542,0.006520465,3.255399
2.028393,0.006520465,3.255399
2.043139,0.006520465,3.255399
2.056444,0.006550706,3.586159
2.071333,0.006563647,3.603153
2.085422,0.006577979,3.612813
2.099543,0.006582014,3.618715
2.11955,0.006586418,3.635504
2.131803,0.006610414,3.64583
2.146427,0.006670217,3.667943
2.160753,0.00672629,3.678764
2.174289,0.006829863,3.688333
2.188602,0.006869575,3.69088
2.203287,0.00691269,3.692895
2.217755,0.006975973,3.692365
2.232305,0.00701119,3.692418
2.247437,0.007071238,3.691941
2.262747,0.007098513,3.690986
2.276401,0.00717785,3.684721
2.289868,0.007199612,3.681904
2.304068,0.007252532,3.676528
2.325378,0.007268067,3.674078
2.336801,0.007313651,3.671839
2.352831,0.007359128,3.664205
2.370343,0.007370365,3.659767
2.388929,0.007393501,3.650017
2.407207,0.007389774,3.643896
2.422787,0.007404974,3.63981
2.441341,0.007431234,3.637604
2.4598,0.007479644,3.632487
2.474256,0.007527296,3.629251
2.493091,0.007547362,3.627902
2.506354,0.007582848,3.627794
2.528071,0.007606798,3.628658
2.539164,0.007680115,3.633457
2.554471,0.007804049,3.641531
2.569618,0.007884501,3.647012
2.584111,0.007963462,3.652001
2.597839,0.008080461,3.662601
2.612913,0.008123679,3.668638
2.630835,0.008164995,3.677647
2.644527,0.008157461,3.682701
2.659035,0.008102044,3.692206
2.672539,0.008060979,3.698194
2.686155,0.008037815,3.704542
2.700445,0.007972457,3.71847
2.714227,0.007948398,3.725466
2.734266,0.007876244,3.738846
2.748225,0.007825806,3.745073
2.762324,0.007708677,3.757495
2.776524,0.007650296,3.764732
2.790021,0.007515052,3.779527
2.804967,0.007445873,3.787135
2.820973,0.007379068,3.794625
2.836586,0.007241161,3.81141
2.851037,0.007174191,3.820339
2.864581,0.007029193,3.840532
2.879324,0.00696515,3.849852
2.895666,0.006821312,3.869132
2.912235,0.006755513,3.878584
2.926524,0.006620396,3.899028
2.949043,0.006469454,3.920165
2.964196,0.006324986,3.94804
2.980803,0.006272394,3.958145
2.99511,0.006149539,3.980101
3.009168,0.006093416,3.990273
3.02273,0.005979394,4.010832
3.039445,0.005931908,4.020585
3.053702,0.005890881,4.030266
3.067615,0.005814004,4.051445
3.081331,0.005778688,4.062258
3.095434,0.005739198,4.074244
3.109213,0.005672994,4.098159
3.122958,0.005639162,4.10985
3.13747,0.005591811,4.134886
3.160476,0.005567565,4.146852
3.171486,0.005526188,4.184603
3.18615,0.005511064,4.198433
3.200834,0.00547009,4.227626
3.215926,0.005454528,4.242194
3.229466,0.005443798,4.256252
3.244014,0.005409509,4.284092
3.258417,0.005396842,4.296828
3.272243,0.005374147,4.322323
3.286403,0.005372608,4.335715
3.301759,0.005377394,4.36031
3.315665,0.005365619,4.048253
3.329718,0.005352159,4.05975
3.343382,0.005321401,3.445828
3.363706,0.005311349,3.459382
3.376894,0.005307655,3.17786
3.392205,0.005309779,3.191323
3.406295,0.005349199,2.915644
3.423234,0.005431641,2.932447
3.437535,0.005490071,2.935517
3.452593,0.005558984,2.940913
3.466479,0.005699722,2.748229
3.485147,0.005833194,2.859718
3.501607,0.005896798,2.867852
3.515556,0.006002746,2.883916
3.529624,0.006067935,2.89205
3.54369,0.006115472,2.903197
3.563742,0.006212012,2.777701
3.57535,0.006263899,2.794353
3.589045,0.006340534,2.835451
3.603188,0.006355556,2.857389
3.617759,0.006354068,2.90151
3.632112,0.006355984,3.041566
3.646073,0.006360198,3.055437
3.66038,0.00637529,2.87467
3.673753,0.006382813,2.894485
3.687665,0.006379242,2.934116
3.701706,0.006378457,2.956713
3.716483,0.006357066,2.980518
3.73006,0.006324954,3.027438
3.74396,0.006316844,3.050692
3.764184,0.006313844,3.090665
3.776524,0.006309304,3.114013
3.791442,0.006301128,3.134628
3.804341,0.00625861,3.194818
3.818298,0.006173067,3.271417
3.832331,0.006120095,3.308905
3.846398,0.006041811,3.356547
3.860518,0.005890515,3.281098
3.874291,0.005816118,3.307011
3.88777,0.005737537,3.334074
3.904559,0.005574349,3.374581
3.922541,0.005413131,3.409156
3.94125,0.005244577,3.442133
3.957627,0.00506609,3.4888
3.98367,0.004922551,3.54304
3.999556,0.00483516,3.581132
4.015505,0.004816499,3.599402
4.032252,0.004805095,3.474291
4.048977,0.004802695,3.491437
4.064485,0.004814797,3.500566
4.081681,0.004833838,3.538395
4.095858,0.004841034,3.561834
4.113029,0.004824065,3.512236
4.128883,0.004804329,3.539446
4.145621,0.004792776,3.58146
4.162998,0.004798948,3.599619
4.183596,0.004808176,3.629251
4.19536,0.004816758,3.636796
4.209241,0.004842867,3.645239
4.222436,0.004866252,3.640455
4.237787,0.004928257,3.629251
4.252133,0.004963744,3.623744
4.267837,0.005034887,3.645078
4.2896,0.005105518,3.696711
4.302976,0.005130476,3.727201
4.318502,0.00517124,3.798802
4.333219,0.005184632,3.826434
4.350614,0.00525443,3.864928
4.370866,0.005355618,3.892846
4.391168,0.005449172,3.921663
4.405528,0.005504299,3.942878
4.421701,0.00556225,3.990714
4.438387,0.005594227,4.016589
4.455299,0.005653161,4.063462
4.469804,0.005693456,4.087584
4.484441,0.005753769,4.138484
4.499366,0.005790059,4.156851
4.51425,0.005823987,4.195867
4.528823,0.005850703,4.211242
4.544391,0.005868325,4.228367
4.558773,0.005915082,4.256068
4.573794,0.005987435,4.278007
4.59682,0.006034495,4.281988
4.609589,0.00612996,4.290578
4.624594,0.006169891,4.291537
4.640082,0.006232581,4.297329
4.656809,0.006286073,4.312298
4.670914,0.006300159,4.324362
4.685647,0.006321962,4.330788
4.699835,0.006377543,4.342756
4.714067,0.006395656,4.352892
4.728395,0.006404936,4.357299
4.743222,0.006411075,4.372197
4.756841,0.006413769,4.384901
4.771939,0.006455477,4.403177
4.786385,0.006471658,4.414239
4.806842,0.006510889,4.344199
4.818449,0.006525522,4.349967
4.833269,0.006586275,4.340456
4.846862,0.006619827,4.34235
4.861914,0.006675632,4.359231
4.875493,0.006680074,4.37475
4.889087,0.006686368,4.397257
4.904988,0.006684265,4.416412
4.92237,0.00671783,4.421377
4.942211,0.006795157,4.414195
4.961377,0.006883715,4.266179
4.979705,0.006928484,4.273747
4.996051,0.007003349,4.28368
5.019266,0.007096337,4.283543
5.033893,0.007182654,4.288022
5.050534,0.00720648,4.30111
5.068139,0.007288772,4.306207
5.085874,0.007348099,4.300473
5.105119,0.007398416,4.287473
5.122752,0.007492794,4.264435
5.13989,0.007589303,4.408289
5.158812,0.007642741,4.56171
5.174505,0.007769901,4.557672
5.189127,0.00784251,4.455489
5.20325,0.00795057,4.46379
5.222654,0.008005716,4.499366
5.234817,0.008025937,4.536996
5.248826,0.008063672,4.569133
5.263488,0.008116594,4.647134
5.282115,0.008175765,4.728037
5.296401,0.008209721,4.76148
5.310478,0.00823668,4.802935
5.323102,0.008274144,4.852441
5.338401,0.008329525,4.968027
5.351311,0.008345722,4.955668
5.365064,0.00836696,5.062834
5.379292,0.008369829,5.103384
5.393837,0.008367381,5.135684
5.408036,0.008394719,5.370129
5.427108,0.008397276,5.366077
5.44021,0.0083992,5.430799
5.4541,0.008373137,5.461743
5.471135,0.008326113,5.504667
5.485778,0.00830244,5.518782
5.499173,0.008241205,5.539906
5.513264,0.008192221,5.556366
5.527374,0.00814182,5.573693
5.540617,0.008112844,5.578543
5.553599,0.008039536,5.548637
5.567607,0.008006505,5.528787
5.581752,0.007965642,5.498255
5.595048,0.007943492,5.489872
5.608777,0.007921734,5.48923
5.627482,0.007847149,5.499644
5.641679,0.007793597,5.511889
5.656453,0.007696496,5.513702
5.669813,0.007656703,5.519528
5.685222,0.007570497,5.535482
5.698764,0.007545408,5.536367
5.713336,0.007519346,5.547259
5.727475,0.007463716,5.53527
5.743162,0.007433506,5.530382
5.756026,0.007419168,5.5218
5.770337,0.007392197,5.497756
5.783778,0.007370823,5.496971
5.798015,0.007306688,5.481763
5.811929,0.007280478,5.473033
5.830217,0.007255957,5.451939
5.845423,0.007264681,5.445033
5.858647,0.007266148,5.455389
5.8728,0.007258033,5.48948
5.886678,0.007259556,5.510609
5.901174,0.007260747,5.539446
5.915137,0.00731427,5.580966
5.928856,0.007359241,5.601227
5.943071,0.007408048,5.674265
5.955864,0.007434869,5.696568
5.969808,0.007437919,5.727792
5.985904,0.007440697,5.768335
6.001472,0.00745564,5.785062
6.016258,0.007486114,5.818811
6.034391,0.007472142,5.863074
6.047717,0.007464078,5.882999
6.062059,0.007463275,5.895148
6.076239,0.007496872,5.895015
6.089791,0.007523202,5.891889
6.109144,0.007565549,5.898904
6.124881,0.007576643,5.914468
6.138556,0.007616969,5.957168
6.153542,0.007638374,5.977174
6.168703,0.007643364,6.0464
6.183189,0.007627972,6.086051
6.196225,0.007604948,6.126823
6.209942,0.007545779,6.184532
6.223884,0.007521474,6.211514
6.241817,0.007511646,6.228283
6.255421,0.00750442,6.235016
6.268863,0.007504762,6.250216
6.28482,0.007490697,6.258461
6.298563,0.007484689,6.265474
6.313043,0.007483536,6.259746
6.329395,0.007486972,6.256237
6.343231,0.007488517,6.25796
6.357634,0.007495402,6.26854
6.372118,0.007506421,6.273324
6.386264,0.007528641,6.282599
6.400474,0.007549191,6.293139
6.415144,0.007602253,6.317238
6.429087,0.007621144,6.338462
6.451384,0.007639182,6.380056
6.467311,0.007651425,6.429773
6.481718,0.007668812,6.43724
6.495986,0.00769725,6.451753
6.510642,0.00772292,6.449899
6.525553,0.007740707,6.440834
6.540326,0.007761617,6.457738
6.553712,0.007771205,6.47581
6.568549,0.007769744,6.515326
6.58513,0.00777575,6.530718
6.601721,0.007765296,6.555085
6.61706,0.007758784,6.552062
6.632151,0.007785521,6.558673
6.656815,0.007816846,6.561543
6.67372,0.007834114,6.589159
6.691917,0.007828853,6.640448
6.707338,0.007834536,6.641866
6.723928,0.007855462,6.65997
6.740153,0.007861639,6.6792
6.756307,0.00783674,6.731642
6.772934,0.007762759,6.781597
6.790881,0.007731913,6.795176
6.806551,0.00769275,6.799273
6.823209,0.007690613,6.797889
6.839064,0.007709532,6.78631
6.862905,0.007740769,6.784546
6.876748,0.007773019,6.825501
6.891481,0.007790884,6.818803
6.907032,0.007806175,6.814718
6.921219,0.007848015,6.811119
6.934657,0.007874628,6.828174
6.948583,0.007916155,6.870327
6.962786,0.007930804,6.895062
6.976909,0.00794297,6.906177
6.990515,0.007936781,6.957675
7.012961,0.007901027,7.022443
7.027908,0.007872836,7.061526
7.043126,0.007805146,7.11163
7.061877,0.007725177,7.143228
7.076916,0.007681991,7.152834
7.092562,0.007562269,7.170748
7.10692,0.007508625,7.171761
7.121321,0.007442015,7.165631
7.135083,0.007354312,7.131079
7.150238,0.007329579,7.097078
7.165448,0.007290327,7.026716
7.178312,0.007274253,6.991678
7.192007,0.007249397,6.975611
7.206813,0.007190783,6.994062
7.219532,0.007156992,6.97966
7.233415,0.007116606,6.964861
7.24737,0.007052664,6.93319
7.265234,0.007034775,6.916564
7.279119,0.007028471,6.866157
7.292743,0.007029347,6.827944
7.307121,0.007059317,6.799562
7.321983,0.007108686,6.71916
7.335455,0.00713728,6.685774
7.349501,0.007156087,6.662796
7.363121,0.007205056,6.471812
7.377021,0.007213807,6.456858
7.390502,0.007216707,6.45385
7.404301,0.007190954,6.434559
7.418222,0.007184616,6.421717
7.43376,0.007183894,6.39157
7.447438,0.007192573,6.346593
7.465651,0.007232489,6.468721
7.480163,0.007222557,6.460167
7.494694,0.007208753,6.445946
7.50854,0.00720863,6.493892
7.522702,0.007207006,6.657025
7.536521,0.007199083,6.666151
7.549893,0.007209635,6.663532
7.563215,0.007205116,6.671238
7.579843,0.00724271,6.647709
7.595637,0.007290817,6.63037
7.612252,0.007318019,6.631494
7.629284,0.007353885,6.619832
7.646374,0.007394423,6.781337
7.664739,0.00743052,6.78313
7.690528,0.007471424,6.786396
7.706099,0.007499358,6.779457
7.72381,0.007541959,6.779052
7.740857,0.007595011,6.771988
7.759089,0.007620483,6.772162
7.77678,0.007660463,6.923196
7.795363,0.007684141,6.916875
7.813755,0.007732624,6.885526
7.829478,0.007779581,7.084186
7.845411,0.007797408,7.075319
7.859751,0.007811337,7.078839
7.874857,0.007814123,7.074404
7.900064,0.007857054,7.056829
7.913373,0.00792528,7.186954
7.928579,0.007974048,7.1872
7.942867,0.008068534,7.196584
7.957242,0.008115463,7.373339
7.970661,0.008165199,7.381211
7.986602,0.008226344,7.423886
8.000052,0.008247539,7.454668
8.014135,0.008275962,7.496665
8.030416,0.008295237,7.517786
8.045737,0.008335263,7.591066
8.061531,0.008364031,7.619244
8.075854,0.008403095,7.650476
8.095033,0.008505562,7.690951
8.1086,0.008596918,7.727484
8.134208,0.008674202,7.799309
8.148705,0.008726798,7.900577
8.163427,0.008757791,7.946557
8.177622,0.008801018,8.023799
8.192319,0.008829565,8.063726
8.206884,0.008855723,8.093981
8.222639,0.008893294,8.187075
8.23693,0.008911465,8.23807
8.250663,0.008925625,8.483807
8.265452,0.008933584,8.518413
8.280432,0.008961662,8.574162
8.300358,0.008973995,8.621199
8.315558,0.008935441,8.758449
8.329678,0.008900487,8.836023
8.344037,0.00879728,8.993463
8.359055,0.008743548,9.058875
8.373383,0.008697044,8.958747
8.387857,0.0086149,9.070342
8.401999,0.008581109,9.118739
8.416561,0.008490426,9.228225
8.43236,0.008454639,9.273749
8.445944,0.008406319,9.306497
8.461734,0.00833672,9.362083
8.476985,0.008285236,9.384645
8.492273,0.008262901,9.400152
8.510278,0.008229981,9.414548
8.524248,0.008238001,9.415654
8.538518,0.008260384,9.425836
8.554123,0.00827839,9.446999
8.569219,0.008283574,9.471083
8.584274,0.008293265,9.546146
8.598672,0.008302826,9.57676
8.615011,0.008376414,9.65663
8.630081,0.008492175,9.721481
8.647597,0.008564956,9.74903
8.663631,0.008627864,9.778652
8.677917,0.008729212,9.855525
8.692072,0.008772252,9.898351
8.70612,0.008827488,9.940497
8.723883,0.008903356,9.847461
8.738239,0.008982039,9.890222
8.751227,0.009014044,9.90123
8.772659,0.009108404,9.907228
8.786492,0.009146436,9.9246
8.799885,0.009229486,9.936165
New Try
New Try
New Try
New Try
New Try
New Try
New Try
New Try
New Try
New Try
1.315658,0.005556757,1.702149
1.32305,0.00560418,1.718967
1.338428,0.005671116,1.75903
1.354469,0.005713121,1.796023
1.369627,0.005754381,1.8165
1.386299,0.005855124,1.866659
1.402256,0.005924831,1.900325
1.418005,0.006053678,1.953945
1.433831,0.006123045,1.980112
1.449047,0.006246446,2.020811
1.465259,0.006329805,2.050614
1.481579,0.006512687,2.091625
1.502179,0.006722963,2.132491
1.520553,0.006941426,2.164827
1.538873,0.007126341,2.168079
1.565232,0.007375613,2.141009
1.582825,0.007456409,2.122924
1.600905,0.007602036,2.073959
1.619917,0.007736293,2.011686
1.637835,0.007793995,1.92996
1.655945,0.007808378,1.846844
1.674905,0.00782411,1.76824
1.692686,0.007844125,1.743384
1.710895,0.007948487,1.696621
1.728769,0.008110116,1.682374
1.74622,0.008269984,1.655403
1.772386,0.008396974,1.607421
1.785736,0.008503867,1.558465
1.801638,0.008559617,1.527262
1.816902,0.008607419,1.495409
1.833088,0.008666523,1.415545
1.849072,0.008692174,1.330898
1.864319,0.008681486,1.27993
1.878786,0.008648147,1.180515
1.893408,0.008612914,1.136428
1.90865,0.008529224,1.04324
1.924524,0.008489114,1.006194
1.939151,0.008394378,0.9333511
1.953,0.008349426,0.9041728
1.976155,0.008245284,0.8485757
1.989158,0.008148614,0.8086666
2.0049,0.008105745,0.7952467
2.022467,0.008024374,0.7699938
2.039218,0.007995054,0.7532945
2.057951,0.008000473,0.8740209
2.074014,0.007993155,0.8661495
2.088877,0.007951592,0.7225344
2.105073,0.007900671,0.7154584
2.119183,0.007780963,0.5831623
2.133664,0.007724764,0.5753932
2.148301,0.007663451,0.8572935
2.16399,0.007574738,0.8402332
2.192785,0.007501601,0.8221055
2.205175,0.007478831,0.7375443
2.220073,0.007397693,0.6772422
2.235553,0.007329564,1.010269
2.250391,0.007186752,1.014136
2.265391,0.007107908,1.013943
2.280777,0.006963022,1.024884
2.294922,0.006891688,1.034954
2.309798,0.006761694,1.058509
2.325839,0.00667299,1.072649
2.343123,0.006496051,1.111708
2.357658,0.006387698,1.130039
2.373278,0.006155108,1.172197
2.396294,0.005922118,1.199099
2.407861,0.005830106,1.205934
2.423931,0.005683333,1.19763
2.439532,0.005535045,1.190912
2.454963,0.005460201,1.203172
2.469897,0.005304785,1.218686
2.488213,0.005255642,1.222533
2.506307,0.005175445,1.227645
2.523445,0.005138956,1.223173
2.541262,0.005128447,1.223014
2.559244,0.005142624,1.191897
2.57677,0.005144043,1.167346
2.60509,0.005121492,1.115398
2.619848,0.005096138,1.153179
2.636998,0.004986356,1.162643
2.653988,0.004871973,1.233687
2.67279,0.004801617,1.213698
2.691199,0.004753884,1.189761
2.712383,0.004724626,1.114345
2.731388,0.004663548,1.127959
2.75191,0.004586973,1.227964
2.768853,0.004543432,1.237014
2.786077,0.004456508,1.241908
2.809217,0.00438473,1.291498
2.822713,0.004297375,1.344357
2.837913,0.004256482,1.368307
2.852055,0.004226442,1.375582
2.866697,0.004170769,1.278401
2.881549,0.004170009,1.272878
2.897639,0.004187295,1.171028
2.912059,0.004211718,1.169356
2.92748,0.004211718,1.169356
2.942015,0.004211718,1.169356
2.957546,0.004211718,1.169356
2.972704,0.004211718,1.169356
2.987935,0.004377256,1.159947
3.008468,0.004415404,1.147906
3.021673,0.004411902,1.153009
3.037231,0.004381175,1.155891
3.052101,0.004358698,1.153857
3.067559,0.004297637,1.15267
3.082304,0.004258089,1.158596
3.097205,0.004178928,1.206096
3.111897,0.004132926,1.244584
3.133285,0.004056449,1.296488
3.147763,0.004013868,1.297997
3.162331,0.004009706,1.286031
3.177938,0.004022522,1.233211
3.193449,0.00409192,1.165836
3.219243,0.004233717,1.082455
3.232548,0.004327279,1.031545
3.248057,0.0045379,1.071919
3.263265,0.004644752,1.034954
3.278232,0.004874378,1.127612
3.293658,0.004990257,1.276102
3.309725,0.005238612,1.26764
3.325718,0.005463575,1.293012
3.34292,0.005559523,1.316261
3.357453,0.005736055,1.399137
3.372905,0.005816284,1.451583
3.388201,0.005989426,1.553308
3.404026,0.006069397,1.61289
3.425535,0.006199853,1.696852
3.438251,0.006287983,1.775309
3.453031,0.006318566,1.812293
3.468398,0.006365878,1.852663
3.485672,0.006371025,2.028737
3.502245,0.006401144,2.046984
3.520631,0.006432478,2.109885
3.540603,0.006426337,2.225983
3.559934,0.006400889,2.365957
3.576564,0.006329293,2.359247
3.597124,0.006286404,2.42083
3.615229,0.006194936,2.524527
3.638071,0.006135297,2.611195
3.653708,0.006109393,2.706097
3.673574,0.006052257,2.814873
3.690212,0.005976696,2.940647
3.710398,0.005916527,3.054668
3.730268,0.005893218,3.140556
3.747331,0.005887447,3.007912
3.762907,0.00588378,3.047225
3.781139,0.005887137,3.046068
3.796726,0.00589596,3.06899
3.810891,0.005901453,3.07638
3.826838,0.005898464,3.097435
3.850341,0.005887248,3.112818
3.863842,0.005886767,3.126123
3.882593,0.005889602,3.152439
3.900076,0.005892847,3.171694
3.916937,0.005855826,3.234464
3.935124,0.005783953,3.288727
3.950284,0.005736079,3.31263
3.966359,0.005641947,3.338944
3.981341,0.005600283,3.342695
3.996914,0.005541479,3.316352
4.012618,0.005508564,3.299543
4.028655,0.005415373,3.248778
4.050558,0.005307979,3.20882
4.064049,0.005242563,3.043111
4.08443,0.005062067,3.072815
4.101212,0.00500162,3.085847
4.116951,0.004878868,3.098509
4.131875,0.004834685,3.101288
4.146915,0.004784288,3.103812
4.162204,0.004778278,3.103749
4.179053,0.004780209,3.116527
4.193975,0.004793599,3.125246
4.209124,0.004833147,3.149643
4.225344,0.004882606,3.170089
4.244102,0.004925947,3.226586
4.26835,0.004905913,3.317355
4.281948,0.004876441,3.388996
4.3001,0.004872568,3.419707
4.317285,0.004876841,3.450144
4.333996,0.004884219,3.462437
4.348934,0.004902209,3.497096
4.364288,0.004911322,3.511846
4.379303,0.004930173,3.567602
4.394976,0.004929824,3.587796
4.410101,0.004962122,3.63572
4.426868,0.005002818,3.664526
4.442771,0.005027169,3.682116
4.458663,0.005066376,3.733814
4.480889,0.005112893,3.786204
4.49399,0.005135212,3.805446
4.510554,0.005188734,3.818237
4.527057,0.005233853,3.808841
4.545011,0.005253208,3.809869
4.56063,0.005294615,4.00355
4.577403,0.005331068,4.04951
4.593909,0.00533639,4.063944
4.610514,0.005330587,4.090984
4.625196,0.005346107,4.081255
4.640124,0.005411468,4.072417
4.655117,0.005454806,4.063896
4.669635,0.00556312,4.058496
4.690499,0.005689277,4.05304
4.70468,0.005746067,4.054247
4.720844,0.005827252,4.082551
4.735663,0.005851628,4.114184
4.750286,0.005899804,4.153033
4.765033,0.005922846,4.161607
4.780338,0.006023927,4.14567
4.794577,0.006094818,4.134317
4.809587,0.006246499,4.119226
4.824107,0.00631878,4.12108
4.840392,0.006502924,4.112327
4.855183,0.00661601,4.094717
4.871488,0.006865612,4.063704
4.895858,0.00713312,4.248053
4.908173,0.007352495,4.320284
4.924556,0.007450764,4.347309
4.939874,0.00760812,4.407979
4.955877,0.007678716,4.445851
4.971279,0.0078004,4.506413
4.990093,0.007903178,4.564844
5.005034,0.007971882,4.645617
5.024782,0.00801064,4.676213
5.040471,0.008107097,4.709565
5.056413,0.00816699,4.874716
5.071886,0.008357129,4.859381
5.093214,0.008579063,4.699571
5.106037,0.008698741,4.708317
5.122627,0.008926825,4.804444
5.137331,0.009146807,4.806972
5.155876,0.009251441,4.812389
5.174508,0.009429151,4.840558
5.194645,0.009569032,4.917929
5.212649,0.009651497,5.017275
5.230573,0.009742236,5.098083
5.248906,0.009824301,5.151683
5.268455,0.009858806,5.217142
5.286829,0.009863059,5.253334
5.313759,0.009931309,5.275481
5.329761,0.01004542,5.294686
5.348213,0.01011618,5.253372
5.366663,0.01022602,5.211956
5.383053,0.01030056,5.386998
5.40177,0.01036779,5.42018
5.420455,0.01038713,5.434875
5.437235,0.01044902,5.443269
5.454235,0.01052092,5.463716
5.46832,0.01054727,5.47622
5.481657,0.01057993,5.59072
5.496396,0.01064251,5.65631
5.514725,0.01067025,5.685272
5.52809,0.01072361,5.71762
5.541243,0.01076188,5.734358
5.556218,0.01085169,5.737673
5.575036,0.01096678,5.749173
5.593185,0.01111627,5.761263
5.608016,0.01119766,5.756907
5.623184,0.01138697,5.746138
5.638621,0.01150241,5.731555
5.65316,0.01161935,5.732239
5.667575,0.01187671,5.926123
5.68374,0.01200022,5.944551
5.697632,0.01220791,6.029256
5.717609,0.01233842,6.144971
5.732609,0.01239573,6.189919
5.749192,0.01245614,6.312767
5.764968,0.0124756,6.359617
5.781889,0.01254632,6.446615
5.796114,0.01260601,6.468781
5.812295,0.01269608,6.529277
5.826195,0.01271779,6.571816
5.842347,0.01272845,6.767788
5.855546,0.01272027,6.820701
5.869085,0.01272151,6.864014
5.882534,0.01273531,6.919796
5.896739,0.01276294,6.93053
5.911372,0.01277137,6.943254
5.930952,0.01277118,6.985418
5.949864,0.01271184,7.040911
5.964062,0.01263518,7.102991
5.979951,0.01261219,7.125519
5.995413,0.01257592,7.151928
6.010141,0.01257222,7.160071
6.025781,0.01255975,7.184524
6.040305,0.01254078,7.203423
6.056097,0.01248093,7.25715
6.070956,0.0124352,7.291161
6.085896,0.01237573,7.330853
6.099244,0.01234832,7.356474
6.113098,0.01230409,7.385171
6.132138,0.01218745,7.456589
6.146717,0.01204191,7.527203
6.161851,0.01195783,7.555255
6.179356,0.01179415,7.605297
6.196771,0.01158904,7.668975
6.21374,0.01138837,7.717547
6.230186,0.01130104,7.728271
6.24878,0.01117316,7.734237
6.265447,0.01102913,7.727941
6.283838,0.01084122,7.821975
6.304476,0.01068556,7.811429
6.323286,0.01055846,7.799812
6.349717,0.01044482,7.965826
6.365197,0.01038559,7.97991
6.382813,0.01026097,8.008542
6.400793,0.01017784,8.008125
6.416804,0.0101623,8.010895
6.431838,0.01015032,8.027737
6.446147,0.01014608,8.04469
6.460936,0.01012958,8.107189
6.474916,0.01012582,8.13487
6.489819,0.01011899,8.190192
6.505653,0.01010061,8.221273
6.519899,0.01005855,8.284986
6.534341,0.01004551,8.315148
6.553689,0.01001596,8.371634
6.567574,0.009999235,8.391993
6.583118,0.009937622,8.42576
6.599133,0.009888434,8.437733
6.614288,0.009767878,8.45705
6.628426,0.009703341,8.462251
6.641714,0.009606054,8.478457
6.655845,0.009550926,8.478318
6.670452,0.009507624,8.479291
6.685404,0.009431206,8.572216
6.699118,0.009397815,8.573591
6.713151,0.009324253,8.568389
6.726825,0.009279537,8.572858
6.740962,0.009226586,8.586935
6.75933,0.009120462,8.632673
6.774474,0.009022057,8.674347
6.788833,0.008985949,8.693416
6.803688,0.008913893,8.696149
6.817754,0.00889157,8.702991
6.832938,0.008828468,8.728683
6.851628,0.008796162,8.738039
6.864921,0.008718796,8.767147
6.877779,0.008688233,8.777537
6.892009,0.00862712,8.791268
6.905624,0.008598116,8.814231
6.920709,0.008563367,8.837046
6.935246,0.008483954,8.910348
6.949033,0.00844297,8.928762
6.967919,0.008336614,8.969224
6.981041,0.008288007,8.980454
6.995404,0.008194748,8.996454
7.010396,0.008145897,9.013255
7.024434,0.008084118,9.046286
7.046836,0.008046286,9.077142
7.060627,0.008021439,9.099087
7.075377,0.007939919,9.132994
7.089962,0.007888866,9.160857
7.10411,0.007771928,9.212943
7.118331,0.007732324,9.23627
7.132013,0.00766543,9.281375
7.148217,0.007632242,9.303012
7.162476,0.007605318,9.32483
7.183084,0.007529672,9.368799
7.196264,0.007492522,9.390319
7.209781,0.007389191,9.420955
7.224237,0.007290439,9.433548
7.238741,0.007255777,9.429963
7.253613,0.007234113,9.420684
7.267462,0.007202127,9.559584
7.281269,0.007198827,9.563737
7.295225,0.007190524,9.567744
7.309045,0.007122844,9.581809
7.326423,0.007031929,9.602611
7.343455,0.006990216,9.615868
7.357327,0.006965302,9.62396
7.371153,0.006961613,9.615234
7.389355,0.006970813,9.610326
7.402462,0.006991182,9.614334
7.419114,0.00698236,9.790468
7.43348,0.006938715,9.815241
7.447341,0.006926627,9.828713
7.461874,0.006883038,9.847142
7.475625,0.006866842,9.861091
7.490109,0.006876426,9.870578
7.505225,0.006918566,9.883618
7.520191,0.006949389,9.891255
7.535053,0.006946865,10.09475
7.549756,0.006939942,10.12512
7.565983,0.006904754,10.18563
7.582777,0.006909433,10.20188
7.605609,0.006929586,10.26081
7.619869,0.006928902,10.36675
7.636544,0.006888735,10.48817
7.650628,0.006841199,10.54637
7.665118,0.006809932,10.6081
7.679326,0.006761495,10.86506
7.693402,0.006755956,10.89193
7.70757,0.006739276,10.94242
7.726949,0.006714106,10.98254
7.741732,0.006619092,11.08921
7.756351,0.006555416,11.13655
7.770545,0.006443843,11.19843
7.785992,0.006406015,11.2105
7.803894,0.00636773,11.21519
7.819715,0.006327718,11.23629
7.838565,0.006292081,11.26754
7.856308,0.006223532,11.32636
7.873928,0.006133568,11.37889
7.892828,0.006093116,11.382
7.912163,0.006070815,11.39729
New Try
New Try
New Try
New Try
New Try
New Try
New Try
New Try
New Try
New Try
1.029844,0.009824983,2.803445
1.037075,0.009745169,2.765979
1.055894,0.009732031,2.670345
1.074289,0.009765872,2.511546
1.091716,0.009788294,2.442323
1.110298,0.00982702,2.285676
1.130206,0.009854789,2.221759
1.147832,0.009889022,2.133959
1.165855,0.00991006,2.438633
1.185469,0.0099654,2.423255
1.212913,0.01002701,2.313676
1.226523,0.01004193,2.560708
1.247715,0.01012194,2.477966
1.266342,0.01024615,2.40428
1.285741,0.01039984,2.416866
1.304597,0.01052991,2.451761
1.328908,0.01061479,2.676641
1.344602,0.01066083,2.603012
1.35861,0.01075307,2.549908
1.373258,0.01081282,2.569636
1.388485,0.01095166,2.606994
1.41255,0.01114256,2.63158
1.4262,0.01124456,2.637821
1.441882,0.01148295,2.647524
1.456849,0.01173376,2.661608
1.473521,0.01184672,2.669758
1.489225,0.01205593,2.590121
1.505856,0.01216328,2.60083
1.521913,0.012355,2.625474
1.537482,0.01245325,2.636336
1.552831,0.01262462,2.663078
1.567387,0.01269239,2.786988
1.583979,0.0128029,2.828955
1.599388,0.01285725,2.850737
1.621301,0.01298473,2.891779
1.635538,0.01311661,2.934649
1.65145,0.01317717,2.95797
1.667476,0.01327196,3.008172
1.682552,0.01331138,3.033639
1.698192,0.01337331,3.082039
1.714725,0.01340844,3.104695
1.731171,0.01349637,3.149022
1.74719,0.01352878,3.175272
1.762931,0.01355179,3.228042
1.778687,0.01354473,3.258165
1.793862,0.01353928,3.314225
1.809386,0.01354012,3.3441
1.833004,0.01350529,3.407203
1.846513,0.01345328,3.47964
1.862591,0.01341166,3.517695
1.877028,0.0132935,3.738112
1.895437,0.01314291,3.803027
1.911463,0.01306146,3.679935
1.927015,0.01292002,3.723732
1.942517,0.01284196,3.737798
1.957827,0.01271318,3.750871
1.973753,0.01266649,3.748939
1.991048,0.01254196,3.733238
2.006423,0.01247613,3.725677
2.022992,0.01233098,3.712198
2.046646,0.01218199,3.699306
2.060219,0.01205068,3.678818
2.080619,0.01193154,3.656395
2.100569,0.01180005,3.644756
2.119059,0.01158858,3.517138
2.138895,0.01147455,3.529919
2.157728,0.01124725,3.544587
2.177902,0.01102027,3.549831
2.198132,0.01080212,3.541935
2.21771,0.0105723,3.536347
2.236249,0.01031535,3.539944
2.262988,0.01002159,3.546189
2.279487,0.009749188,3.549445
2.304429,0.009539932,3.532026
2.322703,0.009384866,3.516804
2.339733,0.009295235,3.638519
2.355779,0.009097113,3.639164
2.372662,0.008882111,3.645991
2.387969,0.00878519,3.652591
2.403448,0.008604294,3.664579
2.420456,0.008426167,3.682754
2.438352,0.0083303,3.696817
2.462957,0.008101053,3.727569
2.476569,0.007857677,3.756922
2.493712,0.007745344,3.76941
2.50997,0.0075301,3.795914
2.526178,0.007267685,3.972171
2.542772,0.007113641,3.99846
2.559948,0.006752181,4.053329
2.575424,0.006570977,4.071311
2.591101,0.006208151,4.236419
2.606736,0.00606158,4.239562
2.623448,0.005825556,4.236512
2.640422,0.005665351,4.219512
2.664871,0.005525766,4.206356
2.678844,0.005459892,4.073619
2.694847,0.00529393,4.079144
2.712308,0.005220737,4.082359
2.728241,0.005097847,4.219048
2.744603,0.005038658,4.221043
2.75998,0.005024779,4.355591
2.777814,0.004964003,4.375198
2.794248,0.00490524,4.392666
2.809973,0.004790385,4.429741
2.825304,0.004739625,4.448582
2.841738,0.004625485,4.497581
2.864676,0.004507579,4.565659
2.877911,0.00442663,4.603343
2.892686,0.00422079,4.689097
2.9087,0.004112034,4.722275
2.925025,0.003941646,4.908359
2.941302,0.003835879,4.939671
2.958783,0.003811659,4.954957
2.974105,0.00375211,5.002375
2.989754,0.00371857,5.029288
3.004833,0.003650483,5.078329
3.02048,0.003627362,5.103306
3.036221,0.003599589,5.125144
3.05289,0.00359068,5.196067
3.077645,0.00362799,5.236336
3.091295,0.003635806,5.257995
3.111858,0.003663183,5.321118
3.130198,0.003639522,5.406388
3.148993,0.003579302,5.505663
3.163761,0.003552408,5.543549
3.179374,0.003481493,5.615764
3.194469,0.003443502,5.645628
3.210389,0.003360477,5.705782
3.224674,0.003333063,5.733265
3.243086,0.003314746,5.784283
3.263777,0.003378136,5.831497
3.285308,0.003451285,5.896944
3.29845,0.003484677,5.943727
3.314298,0.003501791,6.060034
3.330739,0.003498823,6.119748
3.348267,0.003494002,6.240422
3.363286,0.003471366,6.289056
3.378669,0.003438601,6.38491
3.395038,0.003419544,6.432791
3.410765,0.003384376,6.512467
3.427292,0.003361962,6.588505
3.442938,0.003365103,6.622172
3.459414,0.003351342,6.674795
3.475723,0.003342267,6.700366
3.498906,0.003322772,6.789979
3.51536,0.003305052,6.833744
3.531428,0.00327109,6.920702
3.546892,0.003228669,6.96793
3.562262,0.003198169,7.006195
3.57774,0.003122682,7.081111
3.5952,0.003092028,7.135837
3.610881,0.003083465,7.159797
3.626568,0.003034809,7.230498
3.642164,0.00298129,7.258798
3.658899,0.002862795,7.334197
3.677997,0.00274787,7.381557
3.701279,0.002701186,7.415424
3.715468,0.002690797,7.434214
3.731971,0.002665675,7.462113
3.750847,0.002647095,7.470629
3.77025,0.002644527,7.315554
3.788274,0.002653433,7.326836
3.810522,0.002664505,7.507207
3.830395,0.002659906,7.538352
3.850297,0.002653442,7.562031
3.867995,0.002652653,7.576679
3.887816,0.002681876,7.589955
3.912359,0.002716998,7.646601
3.929854,0.002714749,7.862797
3.949623,0.002705819,7.888741
3.967276,0.002659561,7.940873
3.985571,0.002625947,7.984828
4.003844,0.002635206,8.019002
4.02425,0.002698914,8.034533
4.041896,0.002742851,8.041615
4.057608,0.002829266,8.22316
4.07265,0.002854516,8.247645
4.08688,0.002916949,8.305792
4.101698,0.00294215,8.34398
4.121556,0.003005784,8.402539
4.135091,0.003085237,8.462668
4.150666,0.003136324,8.49609
4.165783,0.003242801,8.587507
4.180605,0.003288007,8.632878
4.19537,0.003400132,8.712013
4.211676,0.00347199,8.753737
4.231284,0.003672488,8.809884
4.246517,0.00391613,8.858716
4.264689,0.00415535,8.903532
4.280795,0.004259801,8.928344
4.296474,0.004459852,8.993549
4.311672,0.004534686,9.039051
4.332494,0.004689382,9.124168
4.346264,0.004752162,9.173012
4.361475,0.004892922,9.410433
4.375024,0.004964284,9.442024
4.389788,0.005131336,9.497653
4.407169,0.005290206,9.548308
4.422623,0.0053668,9.570497
4.437162,0.005526153,9.606643
4.452125,0.005618551,9.625043
4.466049,0.005772315,9.683143
4.482347,0.005839898,9.711284
4.498423,0.005905799,9.745964
4.512249,0.006002511,9.792978
4.531427,0.006140783,9.816583
4.545949,0.00629594,9.852153
4.562284,0.006365835,9.880633
4.576406,0.006429065,9.910581
4.590418,0.006567989,9.971746
4.604774,0.00661445,9.994303
4.619801,0.006711655,10.04825
4.634289,0.006758498,10.08181
4.649487,0.006823532,10.15137
4.663435,0.006869309,10.18051
4.677812,0.006922931,10.19553
4.691782,0.007036726,10.23908
4.70504,0.007084134,10.26521
4.720564,0.007142617,10.34585
4.742711,0.007144254,10.43505
4.755899,0.007158343,10.4624
4.773881,0.007226716,10.49938
4.792785,0.007346459,10.52669
4.812076,0.007473493,10.57107
4.830623,0.007524412,10.6396
4.847931,0.007536027,10.67406
4.864939,0.007593887,10.69962
4.882802,0.007682519,10.69358
4.900193,0.007782998,10.70545
4.917857,0.007810864,10.71294
4.935771,0.007890649,10.73038
4.960672,0.007999105,10.72227
4.978495,0.008155075,10.71366
4.997715,0.008311149,10.7348
5.015899,0.008449308,10.76653
5.030614,0.008517341,10.78405
5.046461,0.008644642,10.82726
5.061006,0.008644642,10.82726
5.074717,0.008644642,10.82726
5.089205,0.008644642,10.82726
5.103388,0.008644642,10.82726
5.117863,0.008644642,10.82726
5.131884,0.009158063,11.03619
5.150179,0.009282063,11.07665
5.167446,0.009325309,11.10378
5.180831,0.009411013,11.1656
5.194561,0.009471829,11.19788
5.208164,0.009540885,11.21995
5.222337,0.00968106,11.24364
5.236957,0.009760427,11.25585
5.251138,0.009891146,11.27486
5.26548,0.009951201,11.30099
5.280152,0.01001853,11.32065
5.294407,0.01015061,11.44864
5.308232,0.01020355,11.47312
5.322025,0.01029526,11.53058
5.337269,0.01029526,11.53058
5.352182,0.01029526,11.53058
5.370144,0.01029526,11.53058
5.384847,0.01068851,11.67849
5.399515,0.010749,11.72013
5.413988,0.0107853,11.76454
5.427763,0.01081874,11.85322
5.441996,0.01083265,11.88874
5.457008,0.01085457,11.94755
5.47107,0.01087331,11.97865
5.485534,0.01086694,12.03714
5.500805,0.01084346,12.07003
5.516831,0.01078672,12.11579
5.5307,0.01077384,12.12685
5.545615,0.01077488,12.14184
5.561909,0.01077399,12.14953
5.581342,0.01075088,12.11712
5.594704,0.01072038,12.13034
5.610839,0.01065464,12.15969
5.627481,0.01060663,11.9962
5.640513,0.01060237,11.99194
5.654375,0.01060103,12.14017
5.669957,0.01061162,12.12089
5.683718,0.01061973,12.2526
5.701232,0.01061966,12.1698
5.719151,0.01060345,12.29315
5.73242,0.01057179,12.27957
5.748924,0.01049259,12.43549
5.766012,0.01037401,12.44904
5.789865,0.01027002,12.46437
5.805564,0.01022956,12.63406
5.823306,0.01017988,12.58682
5.842452,0.01011653,12.61306
5.858687,0.01002331,12.6588
5.876343,0.009993493,12.68469
5.893119,0.009968918,12.72273
5.910501,0.01000212,12.7473
5.927997,0.01002788,12.76491
5.94504,0.01001927,12.83335
5.959536,0.009995465,12.86868
5.974504,0.009954676,12.93787
5.9948,0.00992416,13.00251
6.010415,0.009919209,13.02498
6.025482,0.009908417,13.08144
6.046476,0.009916448,13.31565
6.060903,0.009928242,13.34356
6.07597,0.009959611,13.40765
6.089663,0.00995935,13.45026
6.103888,0.009951584,13.49915
6.118534,0.009884608,13.57357
6.133292,0.009836546,13.63142
6.147833,0.009746865,13.75169
6.16416,0.009701628,13.7983
6.178157,0.009594345,13.89302
6.196848,0.009515578,13.94314
6.211432,0.009350009,14.0374
6.226315,0.009269228,14.07117
6.240304,0.009115841,14.12883
6.254265,0.009054638,14.14416
6.269081,0.00901078,14.16504
6.283986,0.008924165,14.19699
6.298386,0.008882481,14.21952
6.31298,0.008827957,14.26645
6.32889,0.008822678,14.30072
